2 0.45942357708048087 0.8087717319382755 0.3350022347764936 0.1117033053787253
2 0.19027099687674204 0.07122846797422847 0.09883747579950315 0.06989542401336304
0 0.7725396379745064 0.37384910256209575 0.06930451190385653 0.09611247867599956
0 0.7026998366466465 0.45591726257164067 0.009429542154477843 0.00948408800127254
0 0.7009918909013726 0.43093544390518623 0.006286361436318444 0.006322725334181811
0 0.6555384903356385 0.4072439525780041 0.009420451795397966 0.007921588001272717
0 0.6431748457218328 0.43082690324636763 0.006286361436318444 0.006322725334181811
0 0.5900771167990716 0.43613256858691274 0.012545451795398144 0.007957950668363623
0 0.6030220235131258 0.37816552725177643 0.009420451795397966 0.007921588001272717
0 0.6629873759724537 0.34465304591027685 0.015688632513557364 0.011119313335454527
0 0.5954554840891226 0.5548280245862764 0.012563632513557365 0.011082950668363623
0 0.5468134510098311 0.5202353959261853 0.012563632513557365 0.011082950668363623
0 0.4912038004440971 0.4966620832670485 0.014135222872636887 0.012663632001908986
0 0.4606577823919203 0.4837353692711847 0.012572722872636888 0.012645450668363622
0 0.3800663125443455 0.46357795794877515 0.012554542154477665 0.009520450668363623
0 0.48684861943135027 0.6881319679344575 0.010992042154477666 0.00950226933481808
0 0.5205867734149299 0.4439728879296851 0.012554542154477665 0.009520450668363623
0 0.47640498135864806 0.3702632152689575 0.007848861436318444 0.006340906667727175
0 0.45543797550491555 0.2579995726050483 0.009411361436318443 0.006359088001272717