1 0.5390063952029809 0.3872835986378204 0.07212043969514959 0.04553513192686935
2 0.5216921510567134 0.27562050661953774 0.03291249394987581 0.01871576674922295
0 0.5803136930147994 0.13386534615662105 0.007857951795398143 0.008176373035529316
0 0.40077059699837897 0.3859116513666888 0.007857951795398143 0.008176373035529316
0 0.35161547951193634 0.3772665514905233 0.01886817466803503 0.02118579528527027
0 0.45497176278761947 0.46695829011798384 0.009420451795397966 0.00824914764263518
0 0.6068660608940255 0.40286790322871563 0.007867042154477666 0.009738873035529316
0 0.5574245970965749 0.44344155335255014 0.003143180718159222 0.0032705492142117267
2 0.4708916785768599 0.5497879067433723 0.015761355386194255 0.024165246071058633
2 0.4385387625912277 0.3380713107961482 0.16170109016268785 0.13874578453190328
2 0.14611893755385036 0.5258625250213906 0.028306807181592352 0.03255994292790554
2 0.2390619791191529 0.12320409780925087 0.036319295081343926 0.06729881596343472
1 0.4584512867917246 0.405875240903772 0.012618174668035031 0.020894696856846907
1 0.36521489207972296 0.3219604673301235 0.012636355386194254 0.024019696856846816