2 0.18052429218489838 0.27842664981647336 0.026237168320799586 0.028018584186749608
0 0.2421016852794196 0.5037066418533784 0.006613873035529317 0.008176521046687313
0 0.30268608250776996 0.34664457075022126 0.009957196856846906 0.013046031570031147
0 0.3177074609199827 0.4109723812594476 0.008176373035529316 0.008267526308359408
0 0.28930201695862 0.5330903049652058 0.016571069892376222 0.02122255261671846
0 0.32892528908452645 0.5737831943995098 0.006613873035529317 0.008176521046687313
0 0.3563846631535131 0.4719777706937515 0.00668664764263518 0.009739021046687312
0 0.39819751985410407 0.6506711890672507 0.009957196856846906 0.013046031570031147
0 0.3401409631962943 0.7702787628012437 0.02162244292790545 0.029308068401734035
0 0.3471594046764577 0.6868670233245875 0.0032705492142117267 0.0033070105233436566
0 0.46157727729770215 0.5345071337491092 0.004978598428423453 0.0065230157850155734
0 0.5092291033953313 0.890582099477655 0.009884422249741042 0.011483531570031147
0 0.45082159801864785 0.8158936416416168 0.00668664764263518 0.009739021046687668
0 0.3364979247354496 0.9157732733245876 0.011519696856846905 0.013137036831702887
0 0.178195273163873 0.9002862392648947 0.019768844499481998 0.022967063140062294
0 0.08092216687756672 0.8695529077795683 0.013154971463952725 0.014790542093374626
0 0.3950595955374485 0.8525977101139383 0.006541098428423453 0.006614021046687668
0 0.4285827249831186 0.822432067978211 0.004978598428423453 0.0065230157850155734