0 0.493696550684272 0.11823170877812458 0.00792158800127254 0.009556837955902786
0 0.508461221395588 0.44688338563986074 0.007957950668363623 0.012681837955902785
0 0.5108589680537703 0.38431065045749957 0.007957950668363623 0.012681837955902785
0 0.4609407840547247 0.39250566337527737 0.006359088001272539 0.00952047036472221
0 0.4242054947485417 0.5934148531547914 0.006322725334181811 0.0063954703647222996
0 0.3973066400779509 0.5651268522048608 0.006359088001272717 0.0095204703647223
0 0.5406412061186764 0.8618719527942009 0.01111931333545435 0.015879573138263936
0 0.5437303907940396 0.92587990140743 0.006359088001272717 0.0095204703647223
0 0.4996622174569943 0.8995544439604857 0.026907945337363515 0.030305749050069154
0 0.42459913013203937 0.9630370221327427 0.02063976400381797 0.028597778685347207
0 0.13765201877781305 0.8157678575231945 0.00950226933481808 0.011155705547083273