2 0.47132459428657025 0.4915189269192071 0.2601911312594476 0.34574221741393635
1 0.5367969468185841 0.5986257727745941 0.023058068401734032 0.021203837946721472
1 0.49979268657758913 0.2978299353221642 0.029019642065139805 0.0432698389353046
0 0.44558259968941644 0.3439435899610689 0.011574536831702887 0.011383168973360735
0 0.4514839891943076 0.31144942494204086 0.010012036831702886 0.011319501977166357
0 0.459592620806691 0.2767070104173044 0.00670502630835923 0.008067167984777513
0 0.49466484179690867 0.3436053503411922 0.008449536831702886 0.01125583498097198
0 0.5331049864928845 0.38803844125366316 0.00670502630835923 0.008067167984777513
0 0.5427368627024217 0.4998845252460519 0.004960515785015574 0.004878500988583312
0 0.4157809786003767 0.3809196665390838 0.00826752630835923 0.008130834980971979
0 0.4074602443853923 0.3852569980600147 0.004960515785015574 0.004878500988583135
0 0.39464172596954084 0.37927891209045955 0.006614021046687313 0.006504667984777601