2 0.5753870853904516 0.2917742554105419 0.10719817021222226 0.17619996801399934
0 0.8300771982319795 0.42907645011135853 0.008030705547083272 0.009465906667727352
0 0.7815130648732296 0.456628738104677 0.0079579703647223 0.006340906667727175
0 0.7342354085287155 0.3045571607654045 0.008030705547083272 0.009465906667727175
0 0.5950696846486115 0.6005134560789054 0.006359102773541636 0.0047602253341818114
0 0.6050064226807643 0.5240873160804963 0.0031977351823609724 0.0031613626670909055
0 0.4181980601235769 0.5851777153882702 0.0031977351823611498 0.003161362667090728
0 0.3525009781515977 0.6148737587125888 0.00476023518236115 0.0031795440006362695
0 0.4579651556789239 0.38100838339431536 0.0063954703647222996 0.006322725334181811
0 0.6692040477744798 0.9333174127545869 0.008030705547083272 0.009465906667727352
0 0.4242388934267362 0.10647146005727008 0.009702308320624908 0.014171588001272672