0 0.6666754366900449 0.22578002513450884 0.028534103084255236 0.024583505931498984
0 0.4643123214309252 0.3245862341454882 0.014280688311602674 0.013073002965749581
1 0.5516372232179341 0.5099560483662134 0.06959547970746058 0.05123884783255317
1 0.48201446997152325 0.5627573961987666 0.10761367694751697 0.08245435574121877
1 0.37331557995563713 0.6179316689361797 0.08541139448011296 0.06281301779449713
2 0.43138717857566544 0.6007322400769872 0.0964852621748646 0.07107118676785795
1 0.3825370267919518 0.8947024159704302 0.14878414772652385 0.11535969764227261
2 0.48144390544375215 0.7743488122063779 0.38529794074393936 0.4263449130790427
0 0.5854944314183343 0.8513012899632564 0.009511367694751627 0.008194501977166624
1 0.6507899691607444 0.6885983601154808 0.047420470779006865 0.0331600098858317
1 0.3914871071480354 0.7397602479856527 0.06167388555165916 0.04467051285158128