0 0.5892368646960441 0.25057872575777934 0.012663632001908986 0.014790542093374803
0 0.6135476160486796 0.39408580205202115 0.012609088001272539 0.010103042093374804
0 0.584669185391452 0.461887952080256 0.015770450668363623 0.01341005261671846
0 0.7098339120782692 0.6175148677523321 0.012645450668363622 0.013228042093374803
0 0.6710532227482234 0.6394584862105358 0.00948408800127254 0.009921031570031148
0 0.6979520774188142 0.6699118256589573 0.006340906667727353 0.008176521046687313
0 0.6701543414226323 0.6963987309488641 0.012627269334818081 0.011665542093374625
0 0.6487884187619046 0.7388746572854581 0.006322725334181811 0.006614021046687313
0 0.6159941000954502 0.7385260467903493 0.00948408800127254 0.009921031570031148
0 0.6262776194302683 0.7500550809912163 0.00948408800127254 0.009921031570031148
0 0.6134599934356771 0.7891252862670056 0.011082950668363623 0.013137036831702887
0 0.5910219194382225 0.8065557099727638 0.007921588001272717 0.009830026308359408
0 0.38418902207985994 0.6102590206937515 0.012590906667727175 0.008540542093374803
0 0.4880589094127691 0.6131858705949295 0.009447725334181811 0.0067960315700311465
0 0.4014487000715876 0.5503680812029778 0.009484088001272716 0.009921031570031148
0 0.3537924500715876 0.5475924207219864 0.020476132001908988 0.015245568401734032
0 0.3477418973981334 0.4972739023061349 0.022020450668363622 0.013774073663405773
0 0.37562999271958847 0.41145749964706413 0.007885225334181812 0.00670502630835923
0 0.5168935287634955 0.7429034626741868 0.01887726933481808 0.012029563140062116
0 0.5007963614337682 0.7685104074266325 0.009447725334181811 0.0067960315700311465
0 0.3978248080839961 0.6415013154179623 0.02049431333545453 0.016808068401734034
0 0.31850947807922364 0.6017492997035339 0.006304544000636269 0.005051521046687313
0 0.29117536608845046 0.6680799549934406 0.017351132001908985 0.015063557878390376
0 0.2500503794159507 0.6227450681899726 0.01257272533418181 0.006978042093374803
0 0.39838842942390496 0.6899388154179622 0.022020450668363535 0.013774073663405773
0 0.31462250409767734 0.7373682812876824 0.02676249466899989 0.018734589448421345
0 0.33131965543440445 0.7633238365352368 0.018895450668363532 0.013592063140062116
0 0.46177931476763173 0.7701415258848362 0.009447725334181811 0.0067960315700311465
0 0.3502332874363135 0.7784783996752991 0.018859088001272718 0.010467063140062294
0 0.5568650954407678 0.823303594215983 0.011046588001272539 0.010012036831702886
0 0.5701912514321773 0.7608413915710297 0.015770450668363623 0.01341005261671846