0 0.54609375 0.39609375 0.0078125 0.00546875
0 0.41875 0.48671875 0.00703125 0.00546875
0 0.3859375 0.4875 0.00703125 0.00546875
0 0.40234375 0.59609375 0.00859375 0.00859375
0 0.42734375 0.82890625 0.00625 0.00625
0 0.39921875 0.6921875 0.01171875 0.0109375
0 0.284375 0.64296875 0.009375 0.00703125
0 0.2546875 0.65546875 0.0109375 0.0078125
0 0.21171875 0.58828125 0.015625 0.01171875
0 0.25703125 0.5390625 0.00625 0.0046875
0 0.2625 0.5734375 0.0046875 0.00390625
0 0.259375 0.44609375 0.01015625 0.0078125
0 0.18984375 0.47578125 0.01875 0.01015625
0 0.42109375 0.775 0.009375 0.01015625
0 0.45390625 0.834375 0.009375 0.0109375
0 0.61640625 0.81640625 0.0078125 0.00546875
2 0.65 0.92109375 0.040625 0.053125
0 0.303125 0.26640625 0.00859375 0.00625