0 0.37265625 0.7640625 0.0109375 0.0078125
0 0.34375 0.65078125 0.0109375 0.009375
0 0.3421875 0.6671875 0.0078125 0.00703125
0 0.45 0.41171875 0.00390625 0.00234375
0 0.546875 0.4359375 0.00546875 0.00390625
0 0.5453125 0.440625 0.003125 0.00234375
0 0.5671875 0.44296875 0.0046875 0.00390625
0 0.553125 0.3859375 0.0046875 0.00234375
0 0.54609375 0.39765625 0.00546875 0.00234375
0 0.54375 0.3921875 0.00390625 0.00234375
0 0.5984375 0.43671875 0.003125 0.00234375
0 0.5984375 0.44453125 0.00234375 0.0015625
0 0.6375 0.4484375 0.00390625 0.003125
2 0.209375 0.61015625 0.03203125 0.0328125
0 0.52265625 0.54921875 0.0078125 0.00546875
0 0.53515625 0.55546875 0.003125 0.00234375
0 0.534375 0.55859375 0.003125 0.00234375
0 0.2125 0.5265625 0.00703125 0.0078125
0 0.21640625 0.5484375 0.00859375 0.00625
0 0.2734375 0.565625 0.00703125 0.0046875
0 0.17265625 0.44375 0.01328125 0.00703125
0 0.0703125 0.31953125 0.01015625 0.0078125
0 0.0671875 0.22890625 0.00625 0.00390625
0 0.109375 0.53515625 0.01171875 0.00703125
0 0.2328125 0.721875 0.009375 0.00625
0 0.2375 0.71484375 0.0078125 0.00546875
0 0.48125 0.29765625 0.0109375 0.00625
2 0.6046875 0.40859375 0.0453125 0.02578125