0 0.24338166140195136 0.49579136657845246 0.012645450668363622 0.013009335969555202
0 0.26100551340704203 0.5325910296203142 0.012609088001272717 0.009884335969555024
0 0.2870776647437692 0.5565405241831067 0.009447725334181811 0.006632001977166268
0 0.33607878608367797 0.6030043473010805 0.01893181333545444 0.016389003954332716
0 0.28058331142581394 0.6701401091640787 0.01736931333545444 0.016325336958138335
0 0.3706179654280411 0.6828855068829012 0.012627269334818081 0.011446835969555202
0 0.40463897676635907 0.7182354164647217 0.007885225334181812 0.006568334980972068
0 0.4842077507558596 0.6376128161607106 0.015752269334818082 0.011574169961943959
0 0.4245054867520415 0.6119071620160975 0.009447725334181811 0.006632001977166268
0 0.41667535276095025 0.6778823304951667 0.006322725334181811 0.006504667984777513
0 0.4310560260979955 0.7046530775294171 0.006322725334181811 0.006504667984777513
0 0.632336168085587 0.6050019515222435 0.01887726933481808 0.011701503954332716
0 0.7090804814210414 0.6175072687087182 0.01573408800127272 0.01001166996194378
0 0.3914037274426768 0.7899021694304713 0.009465906667727175 0.008194501977166268
0 0.3918491701145402 0.8281834194304712 0.011082950668363623 0.012945668973360825
0 0.2500851000556793 0.4001605315974805 0.009447725334181811 0.006632001977166268
0 0.30625273671227066 0.32361793623638524 0.009465906667727175 0.008194501977166358
0 0.4822885253819068 0.33833039916451624 0.009447725334181811 0.006632001977166358
0 0.4430800273710892 0.2602027405712788 0.012609088001272717 0.009884335969555114
0 0.5541266153723619 0.26505738384147703 0.017351132001908985 0.014762836958138337
0 0.6691618167170431 0.34400344311928643 0.012590906667727175 0.008321835969555203
0 0.6617771253978152 0.4482598615983555 0.007903406667727353 0.008130834980972067
0 0.691700982733906 0.46736268867066216 0.009447725334181811 0.006632001977166268
0 0.6457890460693605 0.4848658650583967 0.01893181333545435 0.016389003954332716
0 0.706117471395588 0.43003910220681546 0.01573408800127272 0.01001166996194378
0 0.6036191800604518 0.42092804045754806 0.006304544000636269 0.004942167984777512
0 0.6899481260741329 0.5182394391649539 0.009447725334181811 0.006632001977166268
0 0.671636120106586 0.758161443613578 0.011010225334181811 0.006695668973360824
0 0.7279673887650864 0.6956813482524827 0.009447725334181811 0.006632001977166268
0 0.7747423914305864 0.685177588366651 0.015715906667727174 0.008449169961943958
0 0.7309656667727223 0.7518358477581911 0.018895450668363623 0.013264003954332715
0 0.7405952054423587 0.7733288457810248 0.018895450668363623 0.013264003954332537
0 0.7941372814289955 0.672663000914221 0.015734088001272538 0.01001166996194396
0 0.827058322087814 0.6134816604960417 0.022020450668363622 0.013391337946721472
0 0.3885925220400891 0.2796185854380825 0.009447725334181811 0.006632001977166358