0 0.58203125 0.21953125 0.0125 0.01328125
0 0.6046875 0.35078125 0.01171875 0.009375
0 0.57734375 0.41484375 0.0140625 0.01171875
0 0.69453125 0.54921875 0.01171875 0.01015625
0 0.65859375 0.57265625 0.009375 0.009375
0 0.68359375 0.59921875 0.00625 0.0078125
0 0.6578125 0.625 0.01171875 0.01015625
0 0.63828125 0.66640625 0.00625 0.00625
0 0.609375 0.66796875 0.00859375 0.0078125
0 0.61875 0.67734375 0.009375 0.009375
0 0.60703125 0.715625 0.01015625 0.0109375
0 0.5859375 0.73203125 0.00703125 0.00859375
0 0.39453125 0.565625 0.0109375 0.00703125
0 0.48984375 0.5609375 0.0078125 0.00625
0 0.41015625 0.50859375 0.0078125 0.0078125
0 0.365625 0.51015625 0.01875 0.0125
0 0.36015625 0.46484375 0.01953125 0.0109375
0 0.38515625 0.3828125 0.00703125 0.00625
0 0.5171875 0.6796875 0.01640625 0.01015625
0 0.50234375 0.703125 0.00859375 0.00625
0 0.40703125 0.59375 0.01875 0.01484375
0 0.33359375 0.5625 0.00625 0.0046875
0 0.30859375 0.62578125 0.015625 0.01328125
0 0.2703125 0.58671875 0.0109375 0.00703125
0 0.4078125 0.6375 0.01953125 0.01171875
0 0.33046875 0.6875 0.025 0.01640625
0 0.34609375 0.7109375 0.01796875 0.0109375
0 0.46640625 0.70859375 0.009375 0.00625
0 0.3640625 0.7234375 0.01640625 0.00859375
0 0.5546875 0.75078125 0.01015625 0.009375
0 0.56640625 0.6921875 0.0140625 0.0125