0 0.5949578629384371 0.4604534554765761 0.014353440729444422 0.013073002965749581
0 0.6969372838162495 0.5054701837277463 0.0079579703647223 0.006568334980972068
0 0.6242264824294788 0.5107744490507855 0.011155705547083273 0.009820668973360824
0 0.6440298361529508 0.5318217781002584 0.0047602351823609725 0.003316000988583312
0 0.5396144398764232 0.5579306333471854 0.0126454703647223 0.006759335969555025
0 0.5908859991469787 0.5683296224727705 0.00632273518236115 0.0033796679847775124
0 0.6084365218484022 0.5855662020165349 0.009484102773541636 0.005069501977166269
0 0.5371602806821174 0.6298374668452826 0.019150043502986235 0.017951503954332714
0 0.3013318834556592 0.6347636832706357 0.01591594072944442 0.013136669961943782
0 0.7975853683536799 0.8088896609903333 0.009556837955902786 0.008194501977166624
0 0.614011108570034 0.7484654500393686 0.0063954703647222996 0.006504667984777513
0 0.5876863043334717 0.6722677059708676 0.0079579703647223 0.006568334980972068
0 0.6176640918525342 0.6921199495450769 0.0079579703647223 0.006568334980972068
0 0.7756616958603468 0.5100675004199294 0.0095204703647223 0.006632001977166268
0 0.9765196003049997 0.2973897923975334 0.012718205547083273 0.009884335969555114
0 0.6875421403895133 0.607319185210621 0.00476023518236115 0.003316000988583134