2 0.4865985426499648 0.6049029337349917 0.05130923328249999 0.05916216837349921
2 0.4733543134515273 0.568927636379945 0.024310322188333445 0.03886507892507769
2 0.49359473147954824 0.5395964521508432 0.03506598423243048 0.031689615756780753
2 0.523336782866319 0.5389818021226083 0.03546602773541672 0.048877115756780755
2 0.5293497403132634 0.5831413258001316 0.02165810087368065 0.05899556840173403
2 0.46975522834541616 0.6563366311182732 0.030560322188333443 0.03922909997176518
2 0.7464936874078811 0.957740965446197 0.09447865824437507 0.08451806910760595
0 0.5061966489388882 0.9056687731834131 0.008030705547083272 0.009830026308359408
0 0.8720080593674648 0.6836767359987743 0.004832970364721944 0.0065230157850155734
0 0.7727185338162496 0.5801051439901042 0.007994337955902786 0.008267526308359408
0 0.7596236942448262 0.336044330850042 0.007994337955902786 0.00826752630835923