2 0.05370299662625697 0.8885351699278818 0.04618551923729371 0.026054660144236408
2 0.6470933872777626 0.9763689042572217 0.05690476442797028 0.020059233282499988
2 0.5603919954451306 0.9564941217721522 0.061284729581580065 0.05606946846486096
2 0.4565922842982362 0.15591419994440936 0.2586012176006804 0.20741768218006965
2 0.4263095619730503 0.2739017869503816 0.16953373920022674 0.07107883225631965
2 0.40655511188038307 0.37991605081809 0.09754961179556502 0.06628092306201391
2 0.547147884745874 0.4876713865897912 0.05141865626060209 0.04178876291777787
2 0.5629837050716266 0.5381253282691663 0.025654764427970277 0.019331881458888846
2 0.6717510367453068 0.31666594272621473 0.03174107332097762 0.014789851823611144
0 0.31463050670823994 0.3671998049021525 0.019295637023308564 0.01606141109416672
0 0.31566472785229943 0.32964525351538165 0.011319445916315996 0.011192073138263935
0 0.3572817981780522 0.3794991299402775 0.009647818511654282 0.008030705547083272
0 0.5159078084296713 0.5110731722089927 0.014499009618646853 0.012827308320624908
0 0.42294649291324193 0.4686694262930552 0.020858137023308566 0.01609777868534721
0 0.43400553320192775 0.5614563383371525 0.01924107332097762 0.014498911094166723
0 0.46026793283910805 0.552244339287083 0.017624009618646852 0.012900043502986236
0 0.5198438294810634 0.579005554617812 0.014499009618646853 0.012827308320624908
0 0.5419494640573014 0.42836912177215236 0.011210318511654193 0.008067073138263936
0 0.6070908252198942 0.3682115653513884 0.008085318511654194 0.007994337955902786
0 0.6397867633316618 0.4088904635277773 0.011210318511654193 0.008067073138263936
0 0.5257192849312083 0.2770611949104162 0.014389882213985138 0.009702308320625085
0 0.5628671100662845 0.33327417410885374 0.014499009618646853 0.012827308320624998
0 0.5428522543459872 0.5213924231589232 0.008085318511654194 0.007994337955902786
0 0.6284673505324557 0.6445013084175342 0.009647818511654194 0.008030705547083272
0 0.6766990086071565 0.727040398273298 0.008030754809323425 0.006431837955902786
2 0.44666178982534976 0.6104205151988885 0.5691369905509891 0.6502286569131949