0 0.43565233483854104 0.3699598293486007 0.011210318511654193 0.008449536831702974
0 0.586436074038768 0.42850182948977517 0.009647818511654194 0.008358531570031146
0 0.6190303192294445 0.4203407189946663 0.009647818511654194 0.008358531570031146
0 0.6285095013507623 0.5348659505788148 0.011319445916316085 0.011574536831702887
0 0.6580879070632104 0.7766061295462448 0.008085318511654194 0.00826752630835923
0 0.6545759827464408 0.6312026242845731 0.01455357332097762 0.01488154735504672
0 0.7598239887368907 0.5514857612292154 0.011210318511654193 0.008449536831702886
0 0.7928547435462141 0.5558246507341066 0.012881945916316084 0.011665542093374804
0 0.820649872132002 0.4774875481315055 0.017733137023308386 0.016626057878390377
0 0.7629812158713999 0.440138737551692 0.006468254809323426 0.006614021046687313
0 0.7657713991738442 0.4752039822900203 0.006413691106992659 0.005051521046687313
0 0.7385317981780523 0.345273558584262 0.012881945916316084 0.011665542093374804
0 0.8172297170525262 0.35712954550066955 0.02074900961864685 0.013683068401734033
0 0.6514361137792997 0.7206291453312603 0.011374009618646852 0.013137036831702887
0 0.6319346348306919 0.7898719689946663 0.01142857332097762 0.014699536831702886
0 0.4620859263005041 0.8130727925168978 0.011210318511654193 0.008449536831702886
2 0.4527605447194912 0.9271275872411084 0.05374504809323426 0.06550317363517096
0 0.6519519135169963 0.17496032956036225 0.011210318511654193 0.008449536831702974