0 0.7973989930427366 0.45183453160372816 0.014635502965749581 0.014471676959604097
0 0.6636115834609162 0.4143081363808664 0.011446835969555202 0.012818248746358663
0 0.5946878285180002 0.4357679477427796 0.014699169961943781 0.016034176959604095
0 0.46797277270023196 0.3014574807331631 0.013009335969555025 0.012863712852981468
0 0.4399777652858582 0.3358408409205775 0.00975700197716627 0.009647784639736123
0 0.41534252121735715 0.3069656831613033 0.008067167984777513 0.006477320533113407
0 0.3854175992782469 0.3311245971887837 0.013009335969555202 0.012863712852981468
0 0.34096726232010865 0.34703910220334866 0.006504667984777601 0.00643185642649069
0 0.33507008939241517 0.3765902098834806 0.009757001977166358 0.009647784639736123
0 0.32610892486767873 0.3661611752437445 0.009757001977166358 0.009647784639736123
0 0.2858831728905124 0.3743768405248661 0.011383168973360825 0.011255748746358752
0 0.2655242519399853 0.39412103919208263 0.009629667984777513 0.006522784639736124
0 0.4162723739556453 0.610477128067596 0.006695668973360824 0.011119356426490867
0 0.4328152282139891 0.5116220909205775 0.006632001977166268 0.009556856426490868
0 0.4777510434232976 0.5989689782258807 0.008194501977166268 0.009602320533113407
0 0.4711535335374658 0.6457075859060126 0.014890170950527092 0.020721676959604095
0 0.5176783650583967 0.655665259104693 0.013327670950527093 0.02067621285298138
0 0.6051929525108266 0.6386572670222519 0.006568334980972068 0.00799435642649069
0 0.3132176526245573 0.4713798726573197 0.013200336958138336 0.01755121285298138
0 0.2868633996588078 0.4846922148980455 0.006632001977166358 0.009556856426490689
0 0.389533460419492 0.5948377562016992 0.01801517095052709 0.02081260517284953
0 0.41291261060977236 0.6737356460142847 0.004942167984777512 0.0063863923198681505
0 0.3440525226630509 0.6936329573761981 0.014762836958138337 0.017596676959604096
0 0.38139601376580234 0.7369570600417651 0.008321835969555113 0.012727320533113406
0 0.3436307114080751 0.5888090650563301 0.014953837946721471 0.022284176959604097
0 0.28344794509645277 0.6644933751646022 0.018269838935304605 0.02706260517284953
0 0.2607426155526883 0.645842663565262 0.013264003954332715 0.019113712852981378
0 0.2767734752482396 0.5211609123116208 0.006632001977166358 0.009556856426490868
0 0.25063278650321535 0.6252119148189033 0.011637836958138336 0.01750574874635884
0 0.2439384120160975 0.42478000580598774 0.009820668973360824 0.011210284639736123
0 0.30597549699706944 0.41876333801758364 0.014699169961943958 0.016034176959604095