2 0.7480904028868591 0.9470388586628072 0.2809275961864685 0.10592228267438557
2 0.9676476239036915 0.879856975388385 0.06470475219261687 0.056472631926869354
2 0.8490328547936251 0.9053213941234691 0.06101191106992587 0.04964043507002245
2 0.3827927851008443 0.9553640119917122 0.056542665879249124 0.05567211124870504
2 0.4657764106914075 0.9194500907754282 0.06123016587924912 0.05589043507002245
2 0.5132763047166562 0.1354432719165095 0.2538045901960187 0.2099358879227255
2 0.5508804868379741 0.2518516759692854 0.16640873920022675 0.07482883374611501
2 0.577165223042976 0.35681315777232037 0.09593254809323426 0.06686647642635143
2 0.4465824003549705 0.45914829156121667 0.04985615626060227 0.04288101282028158
2 0.4350744706807233 0.5093109574008169 0.025654764427970277 0.01991439371369381
2 0.31348217975906517 0.28837341108208925 0.03174107332097771 0.015517992142117087
0 0.6664906178708329 0.3461539476809072 0.019295637023308387 0.01649829528527027
0 0.6628646208660578 0.30932603577024836 0.011319445916316085 0.011446922249741042
0 0.6255481593406451 0.35750667059260194 0.009593254809323427 0.00668664764263518
0 0.4794048240387679 0.48329642100688674 0.014499009618646853 0.013154971463952591
0 0.5677480722246694 0.44451221091547344 0.01767857332097762 0.014863020678164317
0 0.5630729851086935 0.5339920878799442 0.019186509618646853 0.01337329528527036
0 0.5362376665970393 0.5249424195591447 0.017624009618646852 0.013300520678164496
0 0.4801612813878292 0.5496298963997809 0.014499009618646853 0.013154971463952591
0 0.44846979336872883 0.40151772807898123 0.011210318511654193 0.008321922249740866
0 0.37926343638248716 0.3405759199734294 0.008085318511654283 0.008176373035529316
0 0.35177584264308936 0.37985458974197106 0.011210318511654193 0.008321922249741043
0 0.45341520979613203 0.25277201302516933 0.014389882213985138 0.010029971463952769
0 0.4210045030800429 0.3074209716688405 0.014499009618646853 0.01315497146395277
0 0.45397823810391846 0.4922518899896401 0.008085318511654194 0.00817637303552914
0 0.37860127058805604 0.6119778850272414 0.009647818511654282 0.00824914764263518
0 0.336934614960426 0.6919350587247244 0.008030754809323425 0.006613873035529317
2 0.5546354917321156 0.5827378029337562 0.5593800446346732 0.651596964844415