0 0.50078125 0.6359375 0.01015625 0.00859375
0 0.56640625 0.63984375 0.015625 0.01015625
0 0.54140625 0.70078125 0.01171875 0.009375
0 0.51875 0.74296875 0.009375 0.00859375
0 0.0625 0.93203125 0.01796875 0.01171875
0 0.29765625 0.9671875 0.01015625 0.00703125
0 0.66328125 0.4921875 0.01796875 0.0109375
0 0.65625 0.56953125 0.01640625 0.0109375
0 0.36484375 0.5921875 0.0046875 0.00390625
0 0.33984375 0.56171875 0.009375 0.0046875
0 0.3984375 0.428125 0.01796875 0.0109375
0 0.18671875 0.64921875 0.0140625 0.009375
0 0.30390625 0.7171875 0.015625 0.0140625
0 0.03515625 0.9203125 0.0125 0.01171875
0 0.54375 0.40234375 0.01015625 0.00625