0 0.29680641071216735 0.3076796480316513 0.020748876623205438 0.02511817466803503
0 0.3235985560030591 0.499730792645457 0.012745461850553141 0.014135222872636887
0 0.29988832061355575 0.48424214803165133 0.015897735389503433 0.015715903590796287
0 0.26754915340527136 0.556312590751863 0.038209112012708865 0.040843168617910666
0 0.275135556813838 0.6328387293155446 0.011128414772652384 0.011001132513557365
0 0.349773092527653 0.7011614824388026 0.007976141233702095 0.009420451795397966
0 0.4306139894433979 0.6772512837666624 0.012772735389503253 0.015697722872636887
0 0.36850372726853325 0.6104183077707676 0.011101141233702094 0.009438632513557366
0 0.4408696509696394 0.6381251512531051 0.0063863676947516265 0.007848861436318444
0 0.4622673640380084 0.6106541362259905 0.0064136412337020944 0.009411361436318443
0 0.45237812093786733 0.5364853832009284 0.009593188311602673 0.012554542154477665
0 0.5320770779171564 0.7157274556060271 0.008003414772652383 0.010982951795397966
0 0.5562100531603901 0.7554348502198328 0.0064136412337020944 0.009411361436318443
0 0.6010061302700629 0.8598723653451433 0.008003414772652383 0.010982951795398321
0 0.560081121341609 0.8429212146812134 0.0063863676947516265 0.007848861436318444
0 0.5716674577867727 0.7905047418085764 0.023928423701106104 0.028261355386194252
0 0.4604382625786064 0.37157800068737107 0.02231137662320535 0.025127265027114643
0 0.47573815990138846 0.17381266637841564 0.0144170560063543 0.020394313231716543
0 0.5341911826262645 0.5235081393492484 0.007948867694751626 0.007857951795397966
0 0.5930378973161914 0.7614712267814617 0.004796594155801337 0.006277271077238922
0 0.7013373668773821 0.833504787184508 0.023873876623205347 0.025136355386194253
0 0.31717523213979726 0.44507510890223567 0.008003414772652383 0.010982951795398144
0 0.9965882224005647 0.5997100075230621 0.006823555198870679 0.02351931323171641