0 0.5046875 0.5265625 0.01171875 0.01015625
0 0.3875 0.62265625 0.02265625 0.01484375
0 0.515625 0.7046875 0.009375 0.00546875
0 0.44140625 0.6828125 0.00859375 0.0046875
0 0.70078125 0.846875 0.00859375 0.00703125
0 0.60625 0.80859375 0.02109375 0.01328125
0 0.24921875 0.52578125 0.0109375 0.009375
0 0.23046875 0.48984375 0.01640625 0.0125
0 0.1671875 0.48515625 0.01484375 0.00859375
0 0.16640625 0.51171875 0.015625 0.0109375
0 0.17109375 0.575 0.01171875 0.009375
0 0.196875 0.66640625 0.01875 0.0125
0 0.2984375 0.71640625 0.01640625 0.00859375
0 0.346875 0.7484375 0.015625 0.0109375
0 0.41796875 0.82109375 0.01640625 0.0109375
0 0.178125 0.7421875 0.015625 0.00859375
0 0.2390625 0.728125 0.009375 0.00546875
0 0.2765625 0.77578125 0.009375 0.00546875
0 0.253125 0.82421875 0.015625 0.00703125
0 0.63046875 0.778125 0.01328125 0.0078125
0 0.56875 0.76484375 0.02578125 0.0125
0 0.68046875 0.74609375 0.015625 0.0125
0 0.515625 0.75703125 0.0171875 0.0125
0 0.55078125 0.79296875 0.0078125 0.00546875
0 0.7796875 0.6265625 0.01171875 0.0078125
0 0.6015625 0.378125 0.02265625 0.01640625
0 0.48046875 0.33671875 0.01640625 0.0125
0 0.36796875 0.4109375 0.0171875 0.0140625
0 0.24453125 0.40625 0.0171875 0.0125
0 0.3234375 0.33125 0.0125 0.01171875
0 0.36328125 0.303125 0.015625 0.01015625
0 0.82578125 0.3171875 0.02265625 0.01640625
0 0.8328125 0.425 0.01953125 0.0140625
0 0.52265625 0.1265625 0.01640625 0.0125
0 0.4 0.0453125 0.0109375 0.00859375
0 0.3328125 0.5328125 0.01171875 0.00625
0 0.40390625 0.78515625 0.009375 0.00625
0 0.675 0.51171875 0.01171875 0.00859375
0 0.84140625 0.5578125 0.01328125 0.01015625
0 0.646875 0.7265625 0.00625 0.00390625
0 0.69140625 0.6875 0.00546875 0.0046875
0 0.66015625 0.8875 0.00859375 0.0046875
0 0.5703125 0.859375 0.009375 0.00546875
0 0.5734375 0.8734375 0.0015625 0.00234375