1 0.3231542711000231 0.5583332979682983 0.02439207386326192 0.05523301386770836
0 0.3386759054338663 0.6415997396476734 0.020612508928453722 0.017660278685347208
1 0.5735827394433979 0.6666133509705898 0.2372466298696164 0.08049150626826407
0 0.5763514090873143 0.5117985644014579 0.009511367694751627 0.008030705547083272
0 0.6126883295420095 0.4890689260087148 0.009511367694751627 0.008030705547083272
0 0.40350424431466186 0.5048796832269093 0.009511367694751627 0.008030705547083272
2 0.6009946732907737 0.6698831681249301 0.1541068474022122 0.05981402393569457
1 0.4617531209378673 0.5285340823532287 0.06490797970746058 0.049928571238402955
2 0.4624389135515411 0.5230471485576386 0.05369774431795715 0.03404899810013902
0 0.5426116087630026 0.4594372838162496 0.018940914772652206 0.011373911094166722
0 0.704975241068251 0.44784255433347164 0.009511367694751627 0.008030705547083272