0 0.3953125 0.56015625 0.00703125 0.00546875
0 0.36484375 0.5984375 0.00546875 0.0046875
0 0.346875 0.56328125 0.0234375 0.01640625
0 0.34375 0.61484375 0.0078125 0.0078125
0 0.29765625 0.60078125 0.01171875 0.009375
0 0.2609375 0.54765625 0.0046875 0.00390625
0 0.12734375 0.534375 0.009375 0.00546875
0 0.1328125 0.47109375 0.00859375 0.0046875
0 0.2109375 0.38984375 0.00703125 0.00703125
0 0.7515625 0.56484375 0.0140625 0.0125
0 0.7203125 0.59375 0.028125 0.0234375
0 0.95 0.64609375 0.0078125 0.00546875
0 0.2796875 0.66640625 0.02109375 0.0125
0 0.459375 0.69609375 0.01015625 0.009375
0 0.48203125 0.671875 0.00234375 0.00234375
0 0.82578125 0.1921875 0.021875 0.01484375