2 0.4497042978719219 0.5605314163784156 0.1593643656270503 0.1540158551898024
2 0.3568654708367964 0.1361722866935287 0.07783052273741298 0.10823974687674202
2 0.5119164322820525 0.31803938934924847 0.03590300790866543 0.03769998789975162
2 0.5510996546017237 0.44903031411547933 0.03571200692008212 0.03301248789975162
2 0.5469944278334282 0.3389240610904173 0.05885502965749527 0.14093407220870696
2 0.46518867091334604 0.3722047145830175 0.019386669961943957 0.01573408430895542
2 0.45882060718691237 0.2792950519170351 0.021140170950527094 0.020430674668035033
0 0.7576520380232712 0.2103849288714475 0.00975700197716627 0.009429542154477666
0 0.8357107124338394 0.17322075127654624 0.014635502965749225 0.014144313231716544
0 0.7190060320917722 0.23872809748935833 0.006504667984777513 0.006286361436318444
0 0.7160866205327852 0.2145320733870574 0.006568334980971891 0.007848861436318444
0 0.7013609342592189 0.30756445590061465 0.0033796679847775124 0.006268180718159222
0 0.5338723453239143 0.335095079142594 0.006632001977166268 0.009411361436318443
0 0.5870715770723066 0.026264979806523925 0.00975700197716627 0.009429542154477711
0 0.46411423813700187 0.053536527814734114 0.006695668973360824 0.010973861436318465
0 0.7278823304951667 0.4042621938985621 0.006504667984777513 0.006286361436318444