0 0.8642804217536962 0.47658253733163125 0.020060194482076098 0.025436411094166722
0 0.8990062245580868 0.37799891375652706 0.024911468792335613 0.028670513867708358
0 0.8268412974888651 0.38906500674642297 0.025075243102595124 0.03179551386770836
0 0.6756019448207603 0.23458014133944388 0.013318871551297563 0.01591594072944442
0 0.594952810379164 0.307637741263194 0.021704581637205855 0.02703527868534721
0 0.4621845759829963 0.29664830271795106 0.011674484396167629 0.014317073138263936
0 0.4987129754625979 0.41156413468993025 0.014963258706427318 0.01751480832062491
0 0.5565232326986871 0.6042049231589232 0.015127033016686654 0.020639808320624908
0 0.6461246432595653 0.5825643528704509 0.016607645861557073 0.019113675911805572
0 0.7093206840781681 0.5943908992232286 0.024911468792335613 0.028670513867708358
0 0.6513200763216804 0.5175205811189578 0.008385710085908115 0.011119337955902786
0 0.6389119295556124 0.4747882204616315 0.008385710085908294 0.011119337955902786
0 0.7330293424913397 0.3005129594437147 0.024911468792335613 0.028670513867708358
0 0.5008232728399215 0.16824989257371487 0.034286468792335614 0.02888871941479172
0 0.5273027221832376 0.5391799884134023 0.024829581637205677 0.027108013867708357