2 0.25691551013419445 0.39788446161023067 0.050766287427387445 0.05169147477225646
2 0.5091715229544761 0.3581771539831676 0.05312930810555194 0.06893353847458741
2 0.550509306452922 0.29388896469027354 0.07663958271265763 0.07131449400955017
2 0.5696273717971841 0.5050546431833943 0.03455909057054072 0.0386458377489479
1 0.5911920026905964 0.5292833168671918 0.02303939371369381 0.025763891832631815
1 0.48626906224389027 0.5138815169598591 0.14787253556536067 0.2609970421027844
1 0.40258315116180104 0.815359682206136 0.033578787427387444 0.05109127404661713
1 0.5470672435943684 0.9780258293962454 0.12478598428423435 0.043948341207509144
1 0.5841927160917784 0.8811731990811769 0.23711481803034928 0.2344742368379741
1 0.7356267835029552 0.9060244100584353 0.11294095574818694 0.08038195916316013
1 0.7719881226257538 0.814174215956218 0.04375430810555194 0.0686061562606021
2 0.7723327249831187 0.8235764978073833 0.026892139784752446 0.0414980192372937
2 0.7646614660917784 0.8874753067003909 0.0846704065339754 0.07627481252120419
1 0.7669754067433723 0.5017734196770822 0.05196491439185813 0.043933538474587405
1 0.7429236306885244 0.4469395867374576 0.05302230024766903 0.10012897477225664
1 0.7179193225829724 0.5133631949048256 0.09531680810555195 0.07040675843752062
1 0.7759094509951853 0.578772429295729 0.06675516046291677 0.060049611795565026
1 0.8229000750641718 0.47712064925866216 0.06326628742738727 0.05212798439090331
1 0.8481205529382653 0.4396578547936249 0.037538541356328635 0.03562996515360979
2 0.8724998147250898 0.48746043773324954 0.07086477171162145 0.11479167549789579
0 0.8600426641869703 0.38529773700761016 0.013300520678164673 0.017624009618646852
0 0.7362819865605459 0.3207218271188108 0.013154971463952591 0.014499009618646853
1 0.6270332650965932 0.33099214980681635 0.05818068114108108 0.07690972958157997
2 0.6690966406133219 0.28472727421625316 0.07478598428423436 0.0650099303072194
1 0.6886257365605459 0.3190576341977197 0.027945217535011224 0.03061508293962456
2 0.9329900126153937 0.38158494916599495 0.04386131596343468 0.037410719962933034
0 0.09564610049984723 0.7522123191446264 0.008321922249740998 0.011210318511654193