1 0.6334728894395829 0.5867583453838602 0.09208101006798622 0.13279763103285874
1 0.7423582333794092 0.5368996999230312 0.10549019984750015 0.17229664065150557
2 0.8215346274717354 0.6566913555506613 0.10777874525034718 0.1364682680561673
0 0.3141364355080201 0.8578546177011969 0.028706881458888934 0.02598214664195524
0 0.448186086818541 0.7665252348542395 0.022347778685347208 0.02107639183263199
0 0.44382654834954793 0.7190599578123976 0.0143534407294446 0.01299107332097762
0 0.6059102806821175 0.6306546783234849 0.03175914627652787 0.02296627404661713
0 0.5599094092912148 0.5276586530957413 0.014389808320625086 0.01455357332097762
0 0.6383435338162495 0.5116492179791985 0.01755117591180557 0.01622520072563951
0 0.8209202976839578 0.48185504665765383 0.025436411094166545 0.019623019237293704
0 0.7487206022048608 0.36416160436953493 0.01755117591180557 0.016225200725639422
0 0.6291711684092706 0.3691169775978454 0.009556837955902786 0.00813988221398514
0 0.7043523531547913 0.3922518880347989 0.007994337955902786 0.008085318511654283
2 0.6632721050546524 0.44676826244423573 0.07202177678548623 0.07589286660488845
0 0.7509753928580553 0.26728660436953494 0.04429551386770836 0.02496528366526398