0 0.5415402652858582 0.29034938210649364 0.016261669961943958 0.01653505261671846
0 0.2456826427387256 0.4930773528849498 0.014571835969555113 0.01331904735504672
0 0.3578788952101835 0.4748517266754126 0.027390170950527093 0.021859589448421347
0 0.3195167321683218 0.45993935821720877 0.008067167984777513 0.00670502630835923
0 0.7179409392021349 0.24578179279924645 0.012945668973360825 0.011665542093374804
0 0.485441456996632 0.1751485873116957 0.017696835969555024 0.013501057878390333
0 0.36890521441100577 0.1468632345679203 0.0176968359695552 0.013501057878390333
0 0.3849480725865012 0.422614392488663 0.014444501977166357 0.01019404735504672
0 0.36061923463977974 0.4458544714137407 0.00969333498097189 0.008358531570031146
0 0.33260432258650124 0.4256630687546699 0.03383117193911023 0.026911110495108838
0 0.2877202455141947 0.3986602239739894 0.014444501977166357 0.01019404735504672
0 0.21930582654083394 0.4135564528567149 0.012945668973360825 0.011665542093374804
0 0.3692222549057348 0.3494877056287251 0.006441000988583134 0.005051521046687313
0 0.4743607410655704 0.4088333425733676 0.006441000988583134 0.005051521046687313
0 0.44508973513407135 0.4385964372834608 0.0032523339923887563 0.0033070105233436566
0 0.3595660706093349 0.4334454766754125 0.004878500988583135 0.004960515785015574
0 0.17152885422116282 0.28540063175355773 0.009693334980971979 0.008358531570031146
0 0.0644631121298282 0.25422549743975126 0.014444501977166357 0.01019404735504672