2 0.6796997088427128 0.20604209905210516 0.0541828889641522 0.05240156203449331
2 0.612200191091174 0.46792782299725727 0.02647396879233561 0.029289393713693813
2 0.47016434079791825 0.7839424288692788 0.03855788896415202 0.05167381596343468
0 0.306282141000317 0.31227940632908757 0.011674484396167806 0.014571922249741043
0 0.3158275593631112 0.3383324840793465 0.008385710085908294 0.011301373035529316
0 0.5780243441888203 0.2575382866033271 0.008221935775648781 0.008176373035529316
0 0.5116933372914153 0.2294539820124319 0.014635710085908294 0.011592471463952769
0 0.516705063885667 0.20817829549466724 0.011510710085908293 0.011446922249741042
0 0.754144188150498 0.10905362903589452 0.011510710085908116 0.011446922249740999
0 0.8809623156946893 0.1428934739496613 0.019896420171816587 0.02274829528527027
0 0.18330830845860008 0.36866430107623854 0.006577548620519025 0.006541098428423453
0 0.13530457768047688 0.28828975041428473 0.008221935775648781 0.008176373035529316
0 0.1380544414298583 0.26556072580717893 0.008467597241038006 0.012863873035529317
0 0.13168268995952026 0.08972597187823747 0.008385710085908249 0.011301373035529272