1 0.5861081332991243 0.4735035163497129 0.0863011143631848 0.0675052893919517
1 0.5290859736582039 0.4752627084007354 0.04391362646343318 0.030673147326811902
1 0.855154090850059 0.2727398639729908 0.07538179508134384 0.06999325256024883
1 0.9007165757247485 0.22713196138450717 0.08624657220870695 0.05813028939195171
1 0.9771386960398616 0.11256195619342249 0.0445226805217672 0.13536064732681177
1 0.9134372059988106 0.7254406587677886 0.04238748789975162 0.03683214206513981
2 0.5475531307650414 0.7912671399990014 0.13340337334017516 0.10929794724210709
2 0.8075962721573934 0.6613165165614744 0.08167724687674216 0.07816977360693614
2 0.5896518106976337 0.2926439843561588 0.5738213786047325 0.5852879687123176
2 0.8522972564429077 0.22682812449633447 0.0770079275949012 0.08102175782192056
0 0.5137801779876847 0.1528262662791257 0.009420451795398143 0.008358531570031058