0 0.37890625 0.8734375 0.01171875 0.009375
0 0.27421875 0.78515625 0.01015625 0.0078125
0 0.41875 0.75078125 0.0046875 0.0046875
0 0.30078125 0.7015625 0.00625 0.00546875
0 0.571875 0.66953125 0.009375 0.00703125
0 0.3421875 0.64453125 0.0046875 0.0046875
0 0.41015625 0.6203125 0.01640625 0.0109375
0 0.42109375 0.59921875 0.0078125 0.00703125
0 0.35859375 0.584375 0.01796875 0.0125
0 0.41875 0.5640625 0.01484375 0.01171875
0 0.34375 0.52421875 0.009375 0.00703125
0 0.51953125 0.37578125 0.00625 0.00546875
0 0.70234375 0.31484375 0.009375 0.00703125
0 0.75 0.30390625 0.009375 0.00625
0 0.6859375 0.3 0.0109375 0.0109375
0 0.65546875 0.29140625 0.009375 0.00625
0 0.04453125 0.740625 0.01328125 0.01015625