0 0.9640625 0.46796875 0.0171875 0.01171875
0 0.809375 0.44140625 0.00625 0.00546875
0 0.75390625 0.28359375 0.00703125 0.00546875
0 0.4484375 0.3828125 0.0078125 0.0046875
0 0.42265625 0.3171875 0.01484375 0.0109375
0 0.42265625 0.37578125 0.0265625 0.01796875
0 0.58359375 0.5 0.01015625 0.00859375
0 0.490625 0.49140625 0.0046875 0.00546875
0 0.48515625 0.48984375 0.00390625 0.003125
0 0.3484375 0.4953125 0.00546875 0.00390625
0 0.3203125 0.3359375 0.00546875 0.00390625
0 0.38828125 0.35625 0.00390625 0.00234375
0 0.26484375 0.5609375 0.0125 0.009375
0 0.20625 0.5671875 0.0046875 0.0046875
0 0.23046875 0.6046875 0.02734375 0.01953125
0 0.2703125 0.60859375 0.015625 0.01171875
0 0.43125 0.58515625 0.01640625 0.01171875
0 0.4078125 0.5546875 0.0046875 0.003125
0 0.53203125 0.6265625 0.00703125 0.0046875
0 0.4609375 0.6265625 0.00625 0.00390625
0 0.4484375 0.68203125 0.01484375 0.01015625
0 0.4796875 0.7203125 0.0078125 0.00546875
0 0.4390625 0.7890625 0.01640625 0.0109375
0 0.340625 0.79296875 0.01640625 0.0109375
0 0.37421875 0.76015625 0.00859375 0.0078125
0 0.3328125 0.721875 0.00625 0.0046875