2 0.3486754119786114 0.4377089111224997 0.41518970452587256 0.20097748782184013
2 0.0908684989198455 0.7117675685882562 0.1379090661585828 0.07271257142762995
0 0.8727072887366323 0.26213875203518544 0.009420451795398322 0.007976141233702095
0 0.915017508584207 0.2824961164835263 0.007848861436318444 0.006386367694751716
0 0.9290436471478886 0.27600065463297324 0.006286361436318444 0.006359094155801337
0 0.4881242522394952 0.5016878161559195 0.003143180718159222 0.0031795470779005797
0 0.45632480639602546 0.5420906737044013 0.003143180718159222 0.0031795470779005797
0 0.5668396046988232 0.46749800243892725 0.006268180718159222 0.003234094155801337
0 0.591017448082965 0.46004401258519695 0.006268180718159222 0.0032340941558015148
0 0.558699851771957 0.41138437013367896 0.006268180718159222 0.003234094155801337
0 0.5828373094210876 0.5312877670494238 0.009429542154477666 0.009538641233702095
0 0.6109168576256895 0.5229843433483177 0.0062681807181594 0.0032340941558015148
0 0.6473538064942213 0.47390591518298475 0.006286361436318444 0.006359094155801337
0 0.6660719902374426 0.4681098827155806 0.006277271077238922 0.004796594155801337
0 0.5574151286047325 0.5934565304421044 0.006277271077238922 0.004796594155801337
0 0.5636969448615111 0.5988161862863031 0.006268180718159222 0.0032340941558015148
0 0.6090185352205907 0.5995877536567432 0.006268180718159222 0.003234094155801337
0 0.6074838271786767 0.7386911639651688 0.006286361436318444 0.006359094155801337
0 0.5822747489198455 0.7031900405883742 0.006277271077238922 0.004796594155801337
0 0.395373670857406 0.5408105917234647 0.004705680718159222 0.0032068206168510472
0 0.4013191438282388 0.4883577475676633 0.006286361436318444 0.006359094155801337
0 0.31452312577606206 0.47659017897940714 0.009420451795398143 0.007976141233702095
0 0.2920941347530525 0.5160481452941872 0.003143180718159222 0.0031795470779005797
0 0.28821061065075154 0.5200225791415629 0.003143180718159222 0.0031795470779007575
0 0.23185152634179618 0.5022544265437752 0.009420451795398143 0.007976141233702095
0 0.16283842680933436 0.5925305990270653 0.006268180718159222 0.0032340941558015148
0 0.13034408937712097 0.6477908433450225 0.012554542154477665 0.009593188311602673
0 0.2147918122497579 0.6588180722417041 0.007857951795398143 0.007948867694751626
0 0.20650713445846494 0.712093076705931 0.007848861436318444 0.0063863676947516265
0 0.26325658332699675 0.6626600925342435 0.007857951795398055 0.007948867694751626
0 0.7129747821955286 0.6063678133165457 0.011001132513557365 0.011128414772652384
0 0.717203739942855 0.6617683794691699 0.007857951795397966 0.007948867694751626
0 0.7336680355151783 0.4028609837712409 0.012545451795397965 0.008030688311602674
0 0.7262736920328408 0.47487235146599255 0.006277271077238922 0.004796594155801514
0 0.7657947342855144 0.4187081262227589 0.006277271077238922 0.004796594155801337
0 0.7878879029034251 0.4558262966774541 0.006286361436318444 0.006359094155801337
0 0.7724401649054776 0.48656778206695755 0.006286361436318444 0.006359094155801337
0 0.7504106288011242 0.4603871116122623 0.004705680718159222 0.0032068206168510472
0 0.6878692013044188 0.32005816640080076 0.006268180718159222 0.003234094155801337
0 0.6097305657657993 0.3190780933483177 0.012554542154477665 0.009593188311602673
0 0.6935606651018694 0.35824395901447453 0.009420451795398143 0.007976141233702095
0 0.7295264779408026 0.6310814411575671 0.006277271077238922 0.004796594155801337
0 0.9071838453290493 0.6818921444867035 0.009411361436318443 0.0064136412337020944
0 0.7215346324153614 0.06319451177441811 0.014126132513557366 0.011182961850553053