0 0.7782001588633974 0.5654106076201035 0.029107645861557074 0.019404616641249994
0 0.8163386459730987 0.6513474544097215 0.014471935775648603 0.008139808320625086
0 0.724229711101961 0.6699175760849647 0.021049484396167627 0.014535278685347208
0 0.6453101729968915 0.731201874621944 0.025982645861557074 0.019331881458888846
0 0.6358256303692664 0.6696285949866662 0.024420145861557073 0.019295513867708357
0 0.49665242424008704 0.9841846703091315 0.022448210085908294 0.011446646276527871
0 0.5094146958368131 0.9142715606017358 0.01471759724103805 0.012827308320625263
0 0.5177318068726611 0.8640169874634719 0.014635710085908294 0.011264808320625264
0 0.5687676051544959 0.6438122838162496 0.016443871551297562 0.015988675911805573
0 0.6766952125722991 0.49424608206888837 0.01628009724103805 0.012863675911805572
0 0.7030839721832376 0.5350886344055897 0.014553822930778537 0.009702308320624908
0 0.8504093515364511 0.5402638308346174 0.016116322930778536 0.009738675911805572
0 0.844135018090223 0.4653183822213881 0.014471935775648603 0.008139808320624909
0 0.5174751843053107 0.17255553286631903 0.00978443577564878 0.00803070554708336
0 0.30952656546754664 0.2344964076756942 0.00978443577564878 0.008030705547083272
0 0.26879866689245613 0.143926612272847 0.011510710085908293 0.011192073138263892
0 0.23362804952503016 0.025068162709687303 0.014799484396167805 0.01438980832062502
0 0.37685566485629124 0.5192155933711455 0.008058161465389268 0.004869337955902786
0 0.31734122399225984 0.592563480813958 0.014635710085908294 0.011264808320624908