1 0.3974591193159848 0.5168548944834083 0.05738446856846853 0.12590002678536116
1 0.4236491300693518 0.6584696501654511 0.049315103390822124 0.08672843262955983
1 0.511585893508806 0.36264290706530994 0.10211046360606986 0.04705800649282175
1 0.46472585608141853 0.4134202029253946 0.019734611248705035 0.05498750892845372
1 0.12690256265817504 0.6441340093354908 0.062106201819245574 0.09319662094116268
1 0.1999954603008102 0.6334907897743001 0.04455482878371626 0.08508411201270878
1 0.05819348966091779 0.00823919399364558 0.03673802067816443 0.01647838798729116
2 0.7241693225829725 0.4744632483817375 0.403399097599854 0.3146036111986346
2 0.4228080297789016 0.45864692816862823 0.0694820541766104 0.0839579886359143
2 0.41113416749673926 0.6087287487854793 0.05432793507002263 0.06027502678536116
2 0.16340083478408152 0.6817470576312076 0.08972177956950458 0.08275004464226861