1 0.6297009694064057 0.5564214285424498 0.08978975334181775 0.06509145407749273
2 0.6218430160725421 0.5522878580093364 0.044095445337363516 0.030960494985435006
1 0.4991991407940396 0.9524887833195879 0.06126476400381797 0.029898100158284535
0 0.6987360641310849 0.9856292069139798 0.011046588001272718 0.009693248746359018
0 0.6948474481221762 0.9199132787007344 0.006304544000636269 0.004869356426490867
0 0.6321201814528582 0.8985634644358271 0.011028406667727354 0.008130748746358663
0 0.47577927478513093 0.886204553773559 0.011046588001272718 0.009693248746358662
0 0.5301935074394951 0.7971935295586642 0.014207950668363622 0.012909176959604095
0 0.3367798621100858 0.8204622303374517 0.02049431333545444 0.016216033386094963
1 0.10428389341976876 0.6395375246106062 0.10056362133990877 0.051347202823851565
0 0.13929414540895108 0.5608956990629279 0.01102840666772722 0.008130748746358663
0 0.25803505474217836 0.5635697211662516 0.015770450668363623 0.012954641066226813
1 0.1673362347230883 0.4203532670887588 0.0476022533418178 0.06386392319868044
0 0.10542712806331526 0.4693159528238516 0.007903406667727219 0.008039820533113407
2 0.026284520727224488 0.4467075154394061 0.01735113200190901 0.014562605172849529
2 0.9152459287078163 0.3296533062143344 0.03482953333863605 0.04006271034569897
1 0.9721953627068618 0.6570257999461283 0.05560927458627631 0.0751196719450391