0 0.40696464931299003 0.7181654606142751 0.017596676959604096 0.014262494668999893
0 0.28708405832590544 0.7344091732972744 0.014471676959604097 0.014226132001908986
0 0.5189047081676209 0.6707535639322304 0.020858069279472247 0.018986357336090796
0 0.5033993801126602 0.7287660586012302 0.017596676959604096 0.014262494668999893
0 0.5032318955520664 0.749868899268003 0.014471676959604097 0.014226132001908986
0 0.5629933404583591 0.7624592585932761 0.01925010517284953 0.017405676002545434
0 0.5651014097378313 0.7811910772597306 0.02568196159934022 0.023728401336727246
0 0.5655273070722643 0.7421103959261852 0.011255748746358662 0.011064769334818082
0 0.6617571685798269 0.23535077124445863 0.014380748746358663 0.011101132001908987
0 0.5389812466347876 0.17894732459423063 0.014380748746358663 0.011101132001908987
2 0.5161060362890888 0.14482686326386682 0.02622753087881229 0.04247840133672716
0 0.8215761009497073 0.35618888788991415 0.014380748746358663 0.011101132001908987
0 0.891851497030499 0.3272366372135964 0.015943248746359016 0.011119313335454439
0 0.9226398104374767 0.552736076543642 0.017551212852981734 0.012699994668999893