2 0.6109375 0.0375 0.24921875 0.075
2 0.83515625 0.0796875 0.05859375 0.0359375
2 0.7171875 0.0796875 0.04921875 0.03046875
2 0.28203125 0.11953125 0.0421875 0.03984375
2 0.36640625 0.1359375 0.0453125 0.0390625
2 0.60859375 0.82421875 0.2 0.1375
2 0.61328125 0.7140625 0.15 0.02578125
2 0.61015625 0.61640625 0.0796875 0.040625
2 0.46640625 0.5484375 0.0390625 0.02890625
2 0.4421875 0.50625 0.02109375 0.01328125
2 0.38828125 0.725 0.02734375 0.00703125
0 0.69375 0.609375 0.0140625 0.01171875
0 0.7 0.64296875 0.00859375 0.0078125
0 0.6546875 0.60625 0.00703125 0.0046875
0 0.48984375 0.521875 0.0125 0.0078125
0 0.57890625 0.540625 0.015625 0.01015625
0 0.553125 0.4609375 0.015625 0.009375
0 0.53046875 0.47421875 0.01484375 0.00859375
0 0.4734375 0.4625 0.01171875 0.0078125
0 0.48203125 0.6 0.009375 0.00625
0 0.43515625 0.66640625 0.00703125 0.00625
0 0.4 0.63671875 0.00859375 0.00625
0 0.525 0.73125 0.01015625 0.00546875
0 0.48125 0.68828125 0.0109375 0.0078125
0 0.4640625 0.51796875 0.00625 0.00546875
0 0.365625 0.42578125 0.00703125 0.00546875
0 0.30703125 0.3625 0.00546875 0.00390625
2 0.53203125 0.41953125 0.38671875 0.49921875