0 0.69765625 0.50234375 0.00625 0.0046875
0 0.56875 0.4625 0.00546875 0.0046875
0 0.32265625 0.7953125 0.00703125 0.00625
2 0.26484375 0.8171875 0.0234375 0.03828125
2 0.221875 0.84375 0.04765625 0.03984375
0 0.24765625 0.8359375 0.00703125 0.00625
2 0.10546875 0.81796875 0.0296875 0.04453125
2 0.08984375 0.9109375 0.02890625 0.03125
0 0.6046875 0.5875 0.00625 0.00546875
2 0.69453125 0.50234375 0.028125 0.02421875
2 0.3 0.66015625 0.03125 0.0390625
1 0.3171875 0.6796875 0.01640625 0.01953125
2 0.5890625 0.27421875 0.0953125 0.06640625