0 0.4092813169634031 0.11469240554281206 0.009565914772652385 0.011264882213985139
0 0.46202012783772617 0.44899299447288643 0.008030688311602674 0.012772818511654193
0 0.44685304951023735 0.38620281779386406 0.008030688311602674 0.012772818511654283
0 0.499169525971287 0.38281243376578045 0.007976141233702095 0.009647818511654282
0 0.5775923551095546 0.5762871260538993 0.006359094155801515 0.006468254809323426
0 0.5988809740221225 0.5419294842212674 0.007976141233702095 0.009647818511654194
0 0.5163544407406441 0.8746998334029608 0.01123750892845372 0.017569445916316085
0 0.5268612926070831 0.9392162011889755 0.007976141233702095 0.009647818511654194
0 0.5660777512112254 0.9018873267795389 0.02869774431795715 0.03379464664195524
0 0.6544368676881611 0.9480505094490109 0.022393197240056395 0.03045139183263217
0 0.912528237007766 0.7310985893085924 0.011155688311602675 0.012881945916316084