0 0.26875 0.68515625 0.02578125 0.02421875
0 0.38828125 0.7890625 0.02578125 0.01640625
0 0.4296875 0.809375 0.00859375 0.00859375
0 0.3671875 0.825 0.00859375 0.00625
0 0.2671875 0.80234375 0.0125 0.0078125
0 0.24609375 0.8578125 0.00703125 0.00625
0 0.26171875 0.5890625 0.01953125 0.0140625
0 0.22421875 0.6390625 0.02734375 0.02421875
0 0.4359375 0.53984375 0.0109375 0.00859375
0 0.4515625 0.63984375 0.0203125 0.01640625
0 0.284375 0.5109375 0.01796875 0.0125
0 0.16015625 0.5046875 0.01015625 0.00703125
0 0.25625 0.540625 0.00703125 0.00546875
0 0.4390625 0.44375 0.01015625 0.00859375
0 0.465625 0.35859375 0.009375 0.00546875
0 0.48828125 0.32578125 0.009375 0.00703125
0 0.428125 0.38828125 0.0046875 0.003125
0 0.3765625 0.68671875 0.00703125 0.00703125
0 0.2796875 0.61640625 0.01171875 0.009375
0 0.18984375 0.5703125 0.00703125 0.0046875
0 0.4984375 0.703125 0.0203125 0.01328125
0 0.325 0.9375 0.0109375 0.00703125