1 0.503125 0.54453125 0.02265625 0.06328125
1 0.53515625 0.5078125 0.05390625 0.0265625
1 0.54765625 0.625 0.05390625 0.06484375
1 0.47421875 0.66328125 0.096875 0.04921875
1 0.34453125 0.65234375 0.14453125 0.0953125
1 0.3578125 0.55390625 0.04921875 0.025
1 0.43046875 0.559375 0.0296875 0.0203125
2 0.265625 0.734375 0.07265625 0.09453125
0 0.3578125 0.73046875 0.00703125 0.0046875
0 0.33046875 0.79375 0.00625 0.00546875
0 0.4953125 0.89375 0.009375 0.00859375
0 0.43359375 0.9125 0.00390625 0.00390625
2 0.6359375 0.73046875 0.0515625 0.03828125
2 0.4625 0.5796875 0.096875 0.07578125