0 0.5526191639609734 0.46735451209732926 0.00656824874635884 0.011265048620519025
0 0.5742357511871342 0.4864287386915809 0.008039820533113407 0.008221935775648604
0 0.6047272332404455 0.48880678821661105 0.009784176959604096 0.014553822930778537
0 0.6349315587881239 0.45450703131920617 0.0032613923198681503 0.0048512743102595126
0 0.7403882854311589 0.35238568860072383 0.00643185642649069 0.006577548620519025
0 0.7281156059642723 0.3595430913596859 0.0033068564264906895 0.006413774310259512
0 0.7777806368430846 0.4042690931687082 0.0064318564264908675 0.006577548620519025
0 0.7972928179593239 0.5386817147200057 0.0033068564264906895 0.006413774310259512
0 0.6489593033778476 0.3468140400256334 0.006477320533113407 0.008140048620519025
0 0.67801030588513 0.32649489597309866 0.0033068564264906895 0.006413774310259512
0 0.6615465684215424 0.21642385515449578 0.00643185642649069 0.006577548620519025
0 0.6593906865265156 0.2763753872666714 0.0032613923198681503 0.0048512743102595126
0 0.6441484682632577 0.15466748360319826 0.013045569279472247 0.019405097241038005
0 0.8877082516493526 0.1877134362258747 0.006568248746358663 0.011265048620519025
0 0.7778501476636374 0.6211290445481892 0.011392141066226814 0.016198210085908292
0 0.578927948204998 0.3259825616223594 0.016216033386094963 0.021131371551297563
0 0.5499702224198929 0.26908078640758876 0.004914820533113406 0.008058161465389268
0 0.570256327197031 0.1351937873120999 0.011392141066226814 0.01619821008590825
0 0.4570900521242063 0.3476794199446739 0.004869356426490867 0.006495661465389269
0 0.4280521068222021 0.18078516904016279 0.00643185642649069 0.006577548620519025
0 0.3624916398125856 0.04551937641253756 0.006613712852981379 0.012827548620519002