1 0.3890625 0.575 0.07421875 0.04140625
2 0.3953125 0.5703125 0.03671875 0.0203125
1 0.59140625 0.90234375 0.05390625 0.01328125
0 0.42109375 0.96953125 0.00859375 0.00859375
0 0.40859375 0.90859375 0.00546875 0.00390625
0 0.4609375 0.87890625 0.009375 0.00625
0 0.59765625 0.83984375 0.0078125 0.00703125
0 0.5296875 0.77109375 0.0109375 0.00859375
0 0.7078125 0.75625 0.01640625 0.0109375
1 0.8765625 0.55390625 0.0890625 0.02421875
0 0.828125 0.49140625 0.009375 0.00625
0 0.72265625 0.515625 0.0125 0.009375
1 0.7734375 0.37109375 0.03203125 0.05078125
0 0.8390625 0.40390625 0.00625 0.00546875
2 0.90546875 0.36953125 0.01328125 0.01015625
2 0.2671875 0.9890625 0.015625 0.021875
2 0.08515625 0.42578125 0.0265625 0.0296875
1 0.103125 0.72578125 0.0390625 0.059375
0 0.05390625 0.74609375 0.0125 0.0109375