1 0.6692519752399384 0.5364590572737853 0.02455571509696384 0.06460801386770836
1 0.7112155584386911 0.4351335998268409 0.026145488635914305 0.06620688145888884
1 0.5977491221556833 0.5113668318750699 0.02439207386326192 0.05523301386770836
1 0.5537536603051303 0.49628603932201437 0.022884120941162676 0.058321646276527875
1 0.516017881084137 0.5266450333380908 0.0032068206168510472 0.0047602351823609725
1 0.44409406249588085 0.6116545065526046 0.03689207386326192 0.05552395459715278
1 0.5104321286485051 0.6092938791777781 0.03365797970746058 0.04920121941479181
1 0.15112749228606695 0.4260020683886112 0.03532957386326192 0.0554875870059723
1 0.8495302159077429 0.21656805062427154 0.02392842370110628 0.028670513867708358
2 0.15964160145940204 0.24268107532246538 0.06038412094116259 0.059194468464861136
2 0.3777524476437983 0.34537423670097256 0.03810001785690744 0.035247822188333354
2 0.5809729050301244 0.35557077355444494 0.5601263912304066 0.5034627596867365
0 0.6320695750777826 0.5090419188810422 0.006359094155801337 0.0063954703647222996
0 0.40461277678206586 0.5420135005686809 0.006359094155801515 0.0063954703647222996
0 0.405559847805954 0.3725731695466322 0.004796594155801337 0.006359102773541636
0 0.34048031858496086 0.4022957307170489 0.007948867694751716 0.007994337955902786
0 0.33413090705871934 0.44119457655673633 0.0031795470779006686 0.0031977351823609724
0 0.2384638510523649 0.41866365349472245 0.0063863676947516265 0.0079579703647223
2 0.7304072581110843 0.863531356760695 0.16986030681713338 0.15701633225631967
0 0.9226870722384088 0.2916784598185772 0.011155688311602675 0.012754573138263937
0 0.9976043644466932 0.42859853799083414 0.004791271106613593 0.017442073138263937
0 0.8825859979681099 0.4102277848567021 0.008003414772652206 0.011119337955902786