1 0.23733376913233126 0.6901634490879666 0.07210225897699045 0.0419911818249421
1 0.2258740943661004 0.6461097015594245 0.06735112646343318 0.03086268083635879
2 0.21280803044701274 0.20690262152136837 0.34288849941082483 0.40294190517037737
1 0.2563040212736306 0.11452677912602258 0.028270445745273865 0.026146005931499072
2 0.6673808591968233 0.4765931086326061 0.06742384933607007 0.04336268083635879
2 0.7611394286750557 0.6055537553628454 0.10042724687674198 0.07751218775644109
2 0.3057984645830175 0.46789451825160777 0.07221134328594588 0.060741181824942106
1 0.1267649495559029 0.4970593893158656 0.05805793969514968 0.044543178859192525
2 0.18770699473544272 0.49379512646428425 0.07371930113146816 0.051429848821136305
1 0.2705058591968233 0.4927645256659815 0.10336134933607007 0.04482702174882984
2 0.4878099712223169 0.8666318127006694 0.07693520472226431 0.06718218281352506
2 0.09510886593431853 0.9708934787454616 0.07060339149054777 0.052865014828747545
2 0.19056785344128668 0.6733234589737982 0.07069429508134392 0.06849001482874754