2 0.6253560866466465 0.4858061353788461 0.1084488251355733 0.113139895460829
1 0.455630435688129 0.7149876599736172 0.02363748789975162 0.035193455534962934
1 0.400425826982285 0.8927108666897066 0.02688975292686635 0.05717758293962447
1 0.3741360377546735 0.938658283750082 0.020585210772388507 0.04758432813030104
1 0.221755926318355 0.9270883227728234 0.030078385440423537 0.06822421034428601
1 0.2541826069383184 0.9940315141538931 0.017278403590796198 0.01193697169221366
1 0.2652043818261863 0.4740104519915837 0.05823974687674198 0.0754563569862416
1 0.2679703126425414 0.4124008293962455 0.026844301131468205 0.04936508293962447
2 0.16435040895354933 0.45799109319124354 0.32608279449216876 0.465982186382487
2 0.04929966421810662 0.955434033665264 0.033121572208707 0.0542708377489479
2 0.21036442924522128 0.9806262512235353 0.07836134933607006 0.03874749755292939
2 0.27043521984757485 0.030533270503238057 0.03462043969514968 0.04338790145127883
2 0.3936854684728327 0.9424653300292176 0.03151362041330889 0.04640377404661713
2 0.3551304659387499 0.6255580830244425 0.01571590359079611 0.016170637023308565