2 0.6001110632161417 0.8561814392505038 0.025418170671545327 0.036228401336727244
0 0.8078337512333228 0.7272190032225051 0.009538632001908808 0.01417158800127254
0 0.8638559372215507 0.8132741345480964 0.006359088001272539 0.009447725334181811
0 0.8122859885821402 0.6131201405554142 0.0031613626670910834 0.0031613626670909055
0 0.7767955732813661 0.3737218332272776 0.0032159066677271753 0.007848862667090905
1 0.7608796719446389 0.3989036465627321 0.036319308004454244 0.03323067067154524
1 0.5238171186346378 0.2298103905951851 0.07149428668045381 0.10238066000954502
2 0.5208284786362286 0.21812800326227597 0.036664753341817756 0.06291817067154523
0 0.5065376172820024 0.37217970393063954 0.0047602253341818114 0.006304544000636359
0 0.533753003262276 0.5171558492600489 0.006359088001272539 0.009447725334181811
1 0.497224609922049 0.5683552699315941 0.028470445337363516 0.030014764003817973
2 0.4863598352562308 0.5622325392664121 0.026889764003817974 0.028434082670272608
1 0.41504790925368545 0.5818097899427299 0.03544769867918127 0.09258748933799979
2 0.4157655245862764 0.5872694492759571 0.020712489337999785 0.034611357336090796
1 0.4502292418841872 0.8477705972708666 0.053652258672817865 0.045930665340544866
1 0.3787087778883233 0.8181381886139569 0.0176965773392725 0.04394999466899989
1 0.4091320745544597 0.8216899026098208 0.011228401336727067 0.02512726933481808
0 0.37685866060632095 0.4400859139481387 0.006322725334181811 0.006322725334181811
0 0.40668361529282004 0.2936648999443207 0.006322725334181811 0.006322725334181811