1 0.689767201650452 0.7077476081383145 0.07591049620027804 0.1092423488211363
1 0.553805638961424 0.4098751353243518 0.13994054787138915 0.3116616946765234
1 0.4728491925323963 0.560188153118849 0.32686127925402814 0.4285494002274614
1 0.42051905385531285 0.32772316300468063 0.06900718597979179 0.14798651384016442
1 0.4672180947928478 0.6206309046017238 0.06816942496187509 0.04492518083635879
1 0.4478875197547228 0.6636460755522509 0.048438806420763925 0.0690975098858317
1 0.29321363107763926 0.4353512736888151 0.1311058360560417 0.06622186068413463
1 0.2966620201359724 0.24753293870784318 0.07234908510611113 0.09036501482874763
2 0.24517029568718765 0.1587582346769608 0.19971559137437528 0.3175164693539216
2 0.29750108757465316 0.4179727727002319 0.10694229065319458 0.10114068874502422
0 0.46828440662885445 0.3304688196207517 0.009665940729444423 0.012882001977166357
0 0.536342769186042 0.26435438829010127 0.009593205547083272 0.009757001977166358
0 0.5917731919637154 0.1596549594309088 0.011264808320624908 0.014508168973360736
0 0.5957606688810422 0.5997533774156864 0.0063954703647222996 0.006504667984777513
0 0.5653263268410769 0.5016806333471854 0.0048329703647223 0.006441000988583312
0 0.45570775218420145 0.12609965460172368 0.008030705547083272 0.009693334980971979
0 0.4270950557551739 0.2742798280237087 0.008030705547083272 0.009693334980971979