2 0.74140625 0.7875 0.025 0.0234375
0 0.52109375 0.725 0.0078125 0.00625
0 0.67734375 0.6671875 0.01171875 0.00859375
0 0.61328125 0.6515625 0.0078125 0.0078125
0 0.49375 0.67890625 0.01953125 0.01484375
0 0.4546875 0.6390625 0.0078125 0.00625
0 0.5546875 0.61328125 0.00859375 0.00703125
0 0.38046875 0.5703125 0.0125 0.00859375
0 0.26171875 0.625 0.028125 0.01796875
0 0.34375 0.61953125 0.00390625 0.003125
0 0.49609375 0.509375 0.00625 0.0046875
0 0.146875 0.4578125 0.0109375 0.00859375
0 0.21953125 0.5171875 0.00859375 0.00625
0 0.11875 0.6265625 0.0125 0.0109375
0 0.1296875 0.78359375 0.021875 0.01875
0 0.1578125 0.8796875 0.01328125 0.0125
0 0.18203125 0.57109375 0.00546875 0.00546875
0 0.2125 0.5375 0.00703125 0.0046875