0 0.5423214862898199 0.4227700499284124 0.020858137023308566 0.015861357336090797
0 0.5168601840202344 0.4769944732654577 0.02403770072563951 0.017460220003181703
0 0.513621111332229 0.5856700392664121 0.020967264427970277 0.018986357336090796
0 0.5481350097882829 0.6563910719287305 0.02888889183263199 0.022202264003817973
0 0.5522074400955022 0.7282478905951851 0.038536710344286365 0.03012385200509051
0 0.508983229751216 0.6990512866009121 0.012827382213985139 0.009520450668363623
0 0.5731449334720804 0.6787655112587762 0.011319445916316085 0.011064769334818082
0 0.5640824467189243 0.7773484619271397 0.03837301923729371 0.025436352005090514
0 0.5828250122353535 0.8216797172581398 0.017569445916315908 0.011137494668999891
0 0.5798537796585488 0.8037382392584579 0.014499009618646853 0.01266363200190881
0 0.6641940633238127 0.8465246285805493 0.02409226442797028 0.019022720003181705