0 0.3125 0.47890625 0.0125 0.00859375
0 0.2546875 0.48671875 0.01171875 0.01015625
0 0.2609375 0.515625 0.0140625 0.00859375
0 0.1875 0.53515625 0.01640625 0.01484375
0 0.184375 0.57890625 0.01484375 0.01015625
0 0.19453125 0.62890625 0.0390625 0.02421875
0 0.3265625 0.59453125 0.02578125 0.0140625
0 0.196875 0.72265625 0.03671875 0.0203125
0 0.590625 0.8953125 0.01953125 0.0125
0 0.5640625 0.93203125 0.01796875 0.009375
0 0.75859375 0.80546875 0.01640625 0.0140625
0 0.72421875 0.7171875 0.025 0.01953125
0 0.69453125 0.56875 0.01484375 0.009375
0 0.87578125 0.54375 0.02109375 0.0140625
0 0.9515625 0.49140625 0.0109375 0.00703125
0 0.78515625 0.45234375 0.00859375 0.0046875
0 0.68515625 0.40546875 0.0109375 0.00703125