0 0.594790115331261 0.48032606518934406 0.005015048620519024 0.0063863923198681505
0 0.5808880676152532 0.4987267242022595 0.005015048620519024 0.0063863923198681505
0 0.5659048767512218 0.5711472934817318 0.0033706614653892684 0.004778428213245434
0 0.5427916033454735 0.5929457371343834 0.0033706614653892684 0.004778428213245434
1 0.5225399790806425 0.50511912820061 0.03387038896415202 0.050909282132453625
1 0.539835942445911 0.38724966660126986 0.09042136137453234 0.1773641335443794
0 0.47249903550307765 0.5057927296125359 0.0032887743102595125 0.0032159282132454337
0 0.46172863183960444 0.4943694963055833 0.0032887743102595125 0.0032159282132454337
0 0.4381173914505429 0.5365259040648576 0.006577548620519025 0.0064318564264908675
0 0.4150893272261917 0.5450203656641979 0.0032887743102595125 0.0032159282132454337
0 0.4320211996820003 0.5844322066512824 0.0032887743102595125 0.0032159282132454337
0 0.4375308932595652 0.5850543322781029 0.0048512743102595126 0.0032613923198681503
0 0.44419032903521394 0.5926849758516122 0.0032887743102595125 0.0032159282132454337