0 0.7172518899896401 0.40910451969730144 0.021258569892376046 0.021140170950527094
0 0.5374253029337561 0.5142734752482395 0.024165246071058633 0.01658000494291585
0 0.5078833521479679 0.518608148175933 0.006541098428423453 0.006504667984777513
0 0.7564300140586266 0.5108288457810248 0.014571922249741043 0.01151050296574958
0 0.8176308413946008 0.6484442509142211 0.01449914764263518 0.00994800296574958
0 0.5529325248119937 0.3766633873015181 0.02111302067816432 0.01801517095052709
0 0.6089191974760194 0.23427295745374246 0.009738873035529316 0.008194501977166358
0 0.658658024192821 0.12579461258693875 0.024456344499482086 0.02283000494291585
0 0.4599679671207265 0.16206898809982087 0.006395549214211727 0.0033796679847776013
0 0.2477354867654337 0.09244353209177211 0.022748295285270358 0.01964133794672147
0 0.28616013192686945 0.06035127368881514 0.021040246071058543 0.016452670950527094
0 0.38423172063538324 0.30056775540002645 0.009738873035529316 0.008194501977166358