1 0.5162952190546806 0.42578125 0.06380173871722902 0.0984375
0 0.5415860387298641 0.596875 0.011392141066226814 0.015625
0 0.5114595841901529 0.8234375 0.008085284639736123 0.009375
0 0.5321705524534107 0.94453125 0.01143760517284953 0.0171875
0 0.46803384461499425 0.88828125 0.0064318564264908675 0.00625
0 0.30546329994612825 0.96640625 0.009647784639736123 0.009375
0 0.7659315062016991 0.41328125 0.008085284639735946 0.009375
0 0.7629392353520166 0.28359375 0.00486935642649069 0.00625
0 0.6787296522159838 0.853125 0.01130121285298138 0.0125
0 0.6590416263517365 0.7671875 0.008039820533113407 0.0078125
0 0.6524650174179631 0.7828125 0.008085284639735946 0.009375