2 0.2546875 0.77890625 0.26640625 0.265625
2 0.4796875 0.609375 0.11171875 0.078125
2 0.63515625 0.74296875 0.22734375 0.428125
0 0.69375 0.90859375 0.01328125 0.0109375
0 0.74140625 0.8359375 0.00703125 0.00859375
0 0.53671875 0.34296875 0.0125 0.01484375
0 0.5 0.4078125 0.01953125 0.00859375
0 0.4265625 0.7359375 0.0140625 0.01171875
0 0.41328125 0.38515625 0.01875 0.0203125
0 0.43203125 0.30234375 0.0125 0.0109375
2 0.559375 0.29921875 0.05859375 0.0890625
2 0.2609375 0.5703125 0.03359375 0.02109375