1 0.59921875 0.521875 0.0578125 0.19609375
1 0.66015625 0.5578125 0.02109375 0.03359375
1 0.6234375 0.51015625 0.03046875 0.025
1 0.63515625 0.52890625 0.01328125 0.0078125
0 0.6375 0.475 0.00625 0.00546875
0 0.54375 0.45625 0.0125 0.00859375
0 0.55546875 0.4109375 0.00625 0.00546875
0 0.43125 0.528125 0.0109375 0.00859375
0 0.43515625 0.43359375 0.009375 0.00859375
0 0.3390625 0.45625 0.00390625 0.00390625
0 0.3 0.47578125 0.003125 0.003125
0 0.33125 0.43203125 0.0046875 0.0046875
1 0.50625 0.509375 0.040625 0.13515625
0 0.65234375 0.45390625 0.01015625 0.00859375
0 0.590625 0.428125 0.01328125 0.0078125
0 0.3703125 0.52890625 0.01015625 0.00703125
1 0.4109375 0.428125 0.02890625 0.0546875
1 0.36328125 0.46015625 0.01640625 0.0546875
1 0.29140625 0.528125 0.12890625 0.0203125
2 0.29453125 0.46953125 0.059375 0.05859375
1 0.27890625 0.4859375 0.04140625 0.00546875
2 0.65859375 0.5234375 0.059375 0.0375
0 0.4390625 0.50546875 0.02109375 0.01484375
0 0.29453125 0.5984375 0.015625 0.0109375
0 0.440625 0.453125 0.01328125 0.009375
0 0.44375 0.471875 0.0171875 0.0125