0 0.5265625 0.76328125 0.0125 0.00859375
0 0.5765625 0.740625 0.009375 0.0078125
0 0.52265625 0.73671875 0.01171875 0.0078125
0 0.55546875 0.728125 0.02734375 0.02109375
0 0.56640625 0.7078125 0.02578125 0.02109375
0 0.58828125 0.709375 0.01796875 0.01328125
0 0.540625 0.64375 0.00859375 0.00703125
0 0.32109375 0.7484375 0.0125 0.009375
0 0.16328125 0.8703125 0.01484375 0.0125
0 0.1609375 0.765625 0.0234375 0.01796875
0 0.67578125 0.35546875 0.01875 0.0109375
0 0.45859375 0.3921875 0.02734375 0.01640625
0 0.3875 0.575 0.00546875 0.003125
0 0.48671875 0.46953125 0.00859375 0.00625
0 0.671875 0.3875 0.0078125 0.0046875
0 0.66484375 0.3078125 0.00390625 0.003125