0 0.5726727758921392 0.502851249790603 0.006577548620519025 0.006541098428423453
0 0.5782764812283491 0.817966827540862 0.017924484396167627 0.014863020678164673
0 0.39315793701884416 0.27471547952672337 0.016361984396167806 0.014790246071058544
0 0.34959164348670785 0.1869586143490769 0.01784259724103805 0.013300520678164406
0 0.30748935266810495 0.1717488372607717 0.016198210085908292 0.011665246071058543
0 0.3537911425821967 0.1629945754739474 0.00978443577564878 0.00824914764263518
0 0.32788706184950206 0.15945004445670077 0.011428822930778538 0.009884422249740999
0 0.07933329093014455 0.6661365763025169 0.017924484396167763 0.014863020678164496
0 0.46280196743353913 0.8749359574008168 0.01159259724103805 0.01300942224974122
0 0.31261718170331887 0.7751991689399722 0.009948210085908293 0.011374147642635179
0 0.45627424920703047 0.6462844185256873 0.011510710085908116 0.011446922249741042
0 0.49320103912112223 0.6370935090962279 0.006577548620519025 0.006541098428423453
0 0.47399401571537386 0.6572411892038519 0.008221935775648781 0.00817637303552914