0 0.4390625 0.46328125 0.0140625 0.0109375
0 0.38203125 0.37734375 0.02265625 0.01796875
0 0.46796875 0.36015625 0.01640625 0.0125
0 0.40703125 0.73125 0.00625 0.00625
0 0.4171875 0.73203125 0.00546875 0.00546875
0 0.3671875 0.69375 0.00625 0.00625
0 0.49609375 0.65 0.00703125 0.00546875
0 0.48359375 0.61171875 0.01015625 0.0109375
0 0.378125 0.67421875 0.01171875 0.0109375
0 0.515625 0.79921875 0.00625 0.00625
0 0.471875 0.796875 0.00546875 0.00546875
0 0.39296875 0.915625 0.01015625 0.00859375
0 0.5046875 0.85390625 0.0078125 0.0078125
0 0.79375 0.39765625 0.009375 0.00859375
0 0.94296875 0.3609375 0.00625 0.0046875
0 0.8703125 0.34375 0.00625 0.00625
0 0.9171875 0.36171875 0.02421875 0.01640625
0 0.9765625 0.35703125 0.0234375 0.015625
0 0.95859375 0.39140625 0.00859375 0.0046875
0 0.9796875 0.4859375 0.01328125 0.0078125
0 0.86484375 0.14375 0.0109375 0.00859375
0 0.85859375 0.1609375 0.01796875 0.01640625
0 0.715625 0.278125 0.00546875 0.00546875