0 0.4765599445655536 0.5795892712917193 0.024747028855940555 0.03845500494291585
0 0.40916414655713734 0.3139695884781941 0.018060519237293703 0.025700336958138337
0 0.4589880425661206 0.4106655163488034 0.011592264427970279 0.019195668973360825
0 0.4741120455613455 0.4480527698088446 0.011374009618646852 0.012945668973360825
0 0.4796552066312712 0.40133693729933045 0.009811509618646852 0.012882001977166269
0 0.4580282324919868 0.3261313488583174 0.012827382213985139 0.009884335969555203
0 0.302941395291193 0.5553029012160446 0.004905754809323426 0.006441000988583134
0 0.5140252282308175 0.5373036122041903 0.0065228185116541935 0.008067167984777513
0 0.6253421849469067 0.5981694694282836 0.006577382213985139 0.009629667984777513
0 0.34506938630551837 0.44670649262280726 0.00986607332097771 0.014444501977166268
0 0.33752970481717265 0.43857565764183526 0.00986607332097771 0.014444501977166268
0 0.2893303069940909 0.3849758137636147 0.006686509618646852 0.012754667984777512