0 0.65 0.52421875 0.01796875 0.015625
0 0.47421875 0.45703125 0.0203125 0.01171875
0 0.44765625 0.4578125 0.00625 0.00546875
0 0.66953125 0.428125 0.0109375 0.0078125
0 0.703125 0.29765625 0.01015625 0.00703125
0 0.509375 0.57734375 0.01796875 0.01328125
0 0.58046875 0.6953125 0.00859375 0.00625
0 0.64140625 0.784375 0.0203125 0.01796875
0 0.45859375 0.78125 0.00546875 0.003125
0 0.28125 0.8734375 0.01796875 0.0140625
0 0.3203125 0.89609375 0.01640625 0.0125
0 0.57265625 0.93046875 0.00703125 0.00703125
0 0.37109375 0.66953125 0.00859375 0.00625