2 0.2587852812745238 0.19305861182910194 0.025727425705962936 0.025145445745273907
0 0.4889334340192331 0.26126266940347775 0.00799435642649069 0.006295451795398144
0 0.32653037391096096 0.31924840710683766 0.012772784639736124 0.009447722872636889
0 0.39343672908381044 0.3360495668459539 0.008039820533113407 0.007857951795398143
0 0.5176865713245362 0.3095410881195845 0.02076714106622681 0.015743174668035032
0 0.55956183425666 0.3522734887835144 0.009556856426490868 0.006304542154477666
0 0.4555790279093115 0.3771012928418488 0.009556856426490868 0.006304542154477666
0 0.6374571652146146 0.4244888563681529 0.012772784639736124 0.009447722872636889
0 0.7608659214828208 0.36907412764178354 0.030233069279472245 0.018922716822512696
0 0.6750420817493775 0.3734803473911625 0.004778428213245434 0.0031522710772389217
0 0.5173779974262105 0.4869166543763631 0.006386392319867973 0.004723861436318444
0 0.8823868834778725 0.5441781458903521 0.012772784639736301 0.009447722872636889
0 0.8063495692129653 0.48210993794663376 0.009556856426490868 0.0063045421544778435
0 0.9093034214828208 0.3682105435292198 0.01286371285298138 0.012572722872636888
0 0.8967399223407506 0.20497474532461787 0.022420569279472245 0.01887726502711464
0 0.8664637374635877 0.1043525766085112 0.014426212852981379 0.012581813231716543
0 0.8445566113745485 0.42562813379010356 0.0064318564264908675 0.006286361436318444
0 0.8135255717202476 0.4601894861512357 0.0063863923198681505 0.004723861436318444