0 0.36781332813490286 0.9967637260540126 0.022020450668363535 0.006472547891974756
0 0.4450934434674938 0.9919563593735583 0.025272720003181703 0.0160872812528833
0 0.6744258601209034 0.9022162540538945 0.02523635733609062 0.020748876623205348
0 0.689641780116131 0.867332739443398 0.018931813335454527 0.01595228246740419
0 0.16495086278640358 0.8847313303560836 0.03470226400381802 0.028725017856907443
0 0.254384985439177 0.7839694456152033 0.0252363573360908 0.020748876623205348
0 0.10222359611708551 0.8641091387980702 0.020530676002545344 0.0191045560063543
0 0.4369060367599957 0.6949865864418683 0.03786362667090888 0.0319045649348082
0 0.36084188140513307 0.5350973433417272 0.03630112667090888 0.03187729139585791
0 0.3089793894016332 0.508416066556366 0.02207499466899989 0.017569329545304768
0 0.5662106340706331 0.5300900637136969 0.031613626670908876 0.031795470779006865
0 0.569599263407042 0.5528008607915975 0.01733295066836362 0.012800008928453722
0 0.19777716538031603 0.34947566882984216 0.02843408267027252 0.027053423701106104
0 0.2520464947087708 0.31449274269310407 0.01893181333545444 0.01595228246740401
0 0.2550078627068618 0.30048478977100473 0.020512494668999893 0.01754205600635448
0 0.1502669133911337 0.42831768912238155 0.014189769334818081 0.011182961850553142
0 0.44088063335454447 0.16391386444504552 0.028397720003181703 0.023928423701106104
0 0.5130368966820448 0.12221333400623635 0.01733295066836362 0.012800008928453722
0 0.5426169507081344 0.3148781209378673 0.025199994668999894 0.017623876623205435
0 0.5793817013844522 0.38659916233372515 0.02999658267027261 0.027080697240056396
0 0.7317345420512249 0.39003958238138325 0.031577264003817974 0.028670470779006772
0 0.8773272106938169 0.21527318181219038 0.033139764003817976 0.02869774431795715
0 0.932759598026726 0.21311639244492744 0.023710220003181702 0.02384660308425506
0 0.9082948526814084 0.12442603936067236 0.014207950668363622 0.012745461850553053
0 0.17436967409290483 0.6872796318982112 0.0221113573360908 0.020694329545304768
0 0.100542370106586 0.7867517520285949 0.014226132001908986 0.014307961850553141
0 0.06894692476922255 0.756518781249588 0.014171588001272672 0.009620461850553142
0 0.5532015567313607 0.48612187540209406 0.02523635733609062 0.020748876623205348
0 0.18769583008431429 0.6242438437487643 0.011046588001272672 0.009565914772652385
0 0.9270497787634955 0.7293180909027999 0.025218176002545434 0.019186376623205346
0 0.9963232060391345 0.6087385840029411 0.00735358792173102 0.029932961850553143
0 0.997449354034044 0.5290783575418914 0.005101291931912044 0.020503414772652384
0 0.704307334022908 0.1810094557581778 0.00948408800127254 0.00953864123370205
0 0.9162618940165448 0.13784365705542406 0.012609088001272539 0.009593188311602718
0 0.43771817600254537 0.026386590906095197 0.011064769334818082 0.011128414772652384