2 0.5603883547526355 0.09324153539454448 0.16765170950527092 0.18648307078908896
2 0.39514528710905006 0.5581075888452564 0.15089924410568206 0.3719345421027844
2 0.6057352772232184 0.5038119253282598 0.06412084980971962 0.08025298439090349
2 0.5876670040286948 0.7900048856725462 0.06361151384016442 0.06775298439090349
2 0.21383952627181618 0.9086780516366133 0.21631470258518865 0.1776240361123346
2 0.6127027906062722 0.9628149030957414 0.07483817391627667 0.03693949400955034
0 0.33841914874458673 0.29877971806401654 0.008258168973360736 0.011210318511654282
0 0.6385729990485979 0.36888136462115395 0.006632001977166268 0.009593254809323427
0 0.5202739155876817 0.7681050930216076 0.0409725098858317 0.04823909255827132
0 0.37201282912383504 0.7584176128918735 0.009820668973360735 0.011264882213985139
0 0.3143475677551285 0.7064483743246187 0.01151050296574958 0.014444445916316084