0 0.27265625 0.9078125 0.01875 0.01328125
0 0.27890625 0.80390625 0.01015625 0.00703125
0 0.21875 0.828125 0.00859375 0.00625
0 0.11328125 0.73984375 0.0125 0.01171875
0 0.1984375 0.7015625 0.0265625 0.01875
0 0.23125 0.7296875 0.02265625 0.01640625
0 0.303125 0.70234375 0.0359375 0.0234375
0 0.31796875 0.67578125 0.009375 0.00859375
0 0.21640625 0.65390625 0.03359375 0.025
0 0.2609375 0.6875 0.00546875 0.0046875
0 0.0875 0.6640625 0.01484375 0.01328125
0 0.059375 0.5953125 0.02265625 0.01640625
0 0.23359375 0.5671875 0.025 0.02109375
0 0.72890625 0.49140625 0.01484375 0.01171875
0 0.5625 0.45234375 0.015625 0.0109375
0 0.2953125 0.409375 0.015625 0.01171875
0 0.13046875 0.48515625 0.0203125 0.01875
0 0.62265625 0.6671875 0.0328125 0.0234375
2 0.2703125 0.98203125 0.025 0.0359375