1 0.5143005359426986 0.4652955918088857 0.10218752649368774 0.2013142510334573
1 0.5489781255057451 0.39100622125455575 0.02452877404661713 0.03234161910658786
1 0.4334820671608918 0.5836046360606987 0.03606647477225664 0.05003854135632881
0 0.5126859283234848 0.6459826656302032 0.009756945916316085 0.011374147642635179
0 0.519211236035366 0.5711646021479678 0.008085318511654194 0.008176373035529316
0 0.4960366308632228 0.584953120344933 0.006468254809323426 0.006541098428423453
0 0.46274792650938623 0.6866954028099217 0.00813988221398514 0.009738873035529139
0 0.42822659356976167 0.7116932487571457 0.006468254809323426 0.006541098428423453
0 0.48387639284412226 0.7315006346129567 0.008085318511654194 0.00817637303552914
0 0.3382166963796521 0.5329988604201354 0.00813988221398514 0.009738873035529316
0 0.3259870256910796 0.5919008254739474 0.008085318511654283 0.00817637303552914