0 0.7237782334102237 0.5998097946615886 0.020548857336090798 0.021258569892376046
0 0.5222879114019514 0.5295207576484859 0.023601132001908987 0.01515411910658777
0 0.4934089334022696 0.5305181774170276 0.006322725334181811 0.006541098428423453
0 0.7357867900620426 0.4910533788219883 0.012627269334818081 0.011519696856846905
0 0.7614124040419981 0.34467068444634086 0.012609088001272717 0.009957196856846906
0 0.572243552752996 0.6622455204687675 0.020512494668999893 0.018133569892376043
0 0.661970218769859 0.7905760357702484 0.009447725334181811 0.00668664764263518
0 0.7365076894493583 0.8885276923042238 0.02367385733609062 0.021404119106588126
0 0.5342912087841765 0.8900408806840151 0.006286362667090905 0.003416098428423453
0 0.3457837867997666 0.9934696718354562 0.02207499466899989 0.01306065632908755
0 0.4274497681014953 0.7671598447043697 0.009447725334181811 0.00668664764263518