1 0.4697786732651874 0.44073501832596984 0.07014266693047429 0.1043001808363588
0 0.4593543356433152 0.6108246838392895 0.012954641066226813 0.016134335969555203
0 0.5091938966095171 0.8334291957022874 0.008130748746358663 0.011255834980971713
0 0.49863917834625937 0.9542364442194128 0.012954641066226813 0.016134335969555026
0 0.5582475105578553 0.8948733730786053 0.008039820533113407 0.008130834980971714
0 0.7251334821863253 0.9658119086675996 0.011210284639735946 0.009820668973360824
0 0.22184963862545137 0.44001879942915867 0.008085284639736123 0.009693334980972069
0 0.21385894536851122 0.3114162969577008 0.00643185642649069 0.006504667984777601
0 0.3469834016240821 0.8706214950942652 0.011301212852981468 0.012945668973360825
0 0.3580776774883295 0.7850341635733343 0.008085284639736123 0.009693334980972069
0 0.3662395184754141 0.8002280820524035 0.00813074874635884 0.011255834980971713