1 0.3854793494191324 0.6276313672820024 0.06858746268299924 0.12109429734245403
1 0.27192537941595074 0.6055120139640471 0.07527381468808994 0.15866702267663585
2 0.215676474100859 0.7405597233052286 0.08421246268299924 0.12127611067790874
0 0.743220766112313 0.8188076139004137 0.023673857336090797 0.020585220003181703
0 0.5964270347708134 0.7603513185869127 0.01894999466899989 0.017405676002545258
0 0.5919753447644501 0.7135217719207765 0.012609088001272539 0.009520450668363623
0 0.42029070142422303 0.6647313779440026 0.028306813335454352 0.015952264003817974
0 0.4463435767424965 0.5534757046069573 0.012645450668363622 0.012645450668363622
0 0.3666742580760419 0.5559654526177751 0.015770450668363533 0.01268181333545435
0 0.18477027741086008 0.5690210779758192 0.022038632001908986 0.014317038669636161
0 0.23403338605981544 0.43796143463559234 0.015770450668363533 0.01268181333545435
0 0.35096634739017923 0.414722834619684 0.007885225334181812 0.006340906667727353
0 0.2818805400620426 0.45381315396245625 0.006322725334181811 0.006322725334181811
2 0.3316265487348605 0.4985529419557748 0.05855793467536321 0.06473520934118149
0 0.2141743247135433 0.3428671106381377 0.04080681333545444 0.016097714672181594