1 0.5052616490294103 0.5473975564138555 0.03285017401194459 0.06965928213245362
1 0.46618031202343796 0.5141364270261111 0.060175087005972114 0.03610263605166182
1 0.4706158517267019 0.6375284629194884 0.06580814437666689 0.07686402837152997
1 0.5533562697547227 0.6656103473217977 0.10930357123840277 0.06719952335696497
1 0.6863135869090631 0.6343794162055585 0.1652275693385418 0.12191576708875881
1 0.6581866272779171 0.5343483239648327 0.05545121941479181 0.03440374373179385
1 0.5835321193941324 0.5513743510827214 0.034956881458888846 0.02600021034569906
2 0.7810461650813201 0.7074555518615089 0.09000936379145834 0.11035848997087001
0 0.6843166354460423 0.7165243264721152 0.006359102773541636 0.004869356426490867
0 0.7225082728888548 0.7787371699664821 0.0063954703647222996 0.00643185642649069
0 0.5668239301832994 0.9083517767886843 0.011192073138263935 0.011255748746358662
0 0.6335211209127438 0.9189195522572202 0.0031977351823611498 0.0032159282132454337
2 0.3953275238387854 0.7616766682506226 0.05890352773541672 0.0485571719450391
2 0.5536634346486116 0.5780421511618636 0.11304682028847246 0.09385295157021041