1 0.5640625 0.5671875 0.06875 0.0578125
1 0.62890625 0.4203125 0.04296875 0.03125
1 0.38203125 0.51484375 0.1171875 0.0265625
1 0.61953125 0.2546875 0.06953125 0.05625
2 0.49453125 0.84296875 0.08515625 0.04296875
0 0.68203125 0.66796875 0.009375 0.0078125
0 0.51875 0.62421875 0.00546875 0.0046875
0 0.35625 0.69296875 0.0078125 0.00625
0 0.34296875 0.628125 0.0109375 0.00625
0 0.68828125 0.4875 0.009375 0.00703125
0 0.6328125 0.44375 0.01171875 0.009375
0 0.5953125 0.3171875 0.00546875 0.00546875
0 0.4234375 0.5078125 0.009375 0.00625
0 0.49609375 0.33984375 0.00859375 0.00546875
0 0.6828125 0.23984375 0.009375 0.00625
0 0.72578125 0.33515625 0.00625 0.0046875
2 0.63359375 0.171875 0.51015625 0.34296875
2 0.27421875 0.55 0.134375 0.0921875
2 0.5 0.0109375 0.075 0.021875