1 0.5027307074338794 0.39994286769145637 0.07151290145127884 0.035602309252765266
2 0.5339583708660578 0.28805652231783907 0.03168650961864685 0.013045470779006774
0 0.4888765054422956 0.1373610470746054 0.006468254809323426 0.006359094155801337
0 0.6453274352013608 0.41414350973593733 0.0065228185116541935 0.007921594155801338
0 0.6975347759455337 0.41115092329077374 0.01627976442797028 0.019022735389503432
0 0.5808681203179036 0.49109574756107277 0.008030754809323425 0.0063863676947516265
0 0.43118308964786456 0.4080632848997408 0.006577382213985139 0.009484094155801337
0 0.47657000071779015 0.45570194399035024 0.003234127404661713 0.0031795470779005797
2 0.5540997783926043 0.5741713003210163 0.013318455534962937 0.023655688311602675
2 0.6122495511732772 0.3612542889569305 0.15716271397248338 0.11829780681713328
2 0.8925992832019279 0.5863260215037649 0.02598214664195524 0.028561376623205348
2 0.8427653972749276 0.16539986687738223 0.03192461179556503 0.06458069724005648
1 0.5833730722246694 0.4286775681779238 0.010029764427970277 0.018913641233702094
1 0.6892932008104574 0.3540105791349724 0.010138891832631992 0.022038641233702094