0 0.725 0.48046875 0.0109375 0.01171875
0 0.70859375 0.515625 0.0125 0.009375
0 0.684375 0.5390625 0.0078125 0.00625
0 0.640625 0.58359375 0.0171875 0.01484375
0 0.6921875 0.64453125 0.01640625 0.0140625
0 0.60859375 0.65859375 0.0109375 0.01015625
0 0.57734375 0.69375 0.00703125 0.00625
0 0.503125 0.621875 0.0140625 0.01015625
0 0.55859375 0.5953125 0.0078125 0.00546875
0 0.56640625 0.65625 0.00625 0.00625
0 0.553125 0.68125 0.00625 0.00625
0 0.36484375 0.596875 0.01640625 0.01015625
0 0.29453125 0.61171875 0.01328125 0.009375
0 0.590625 0.759375 0.0078125 0.00703125
0 0.590625 0.7953125 0.01015625 0.0109375
0 0.71796875 0.39296875 0.00859375 0.00546875
0 0.66484375 0.3234375 0.00859375 0.00703125
0 0.5015625 0.34375 0.00859375 0.00703125
0 0.5375 0.2703125 0.01015625 0.00859375
0 0.434375 0.27890625 0.01640625 0.01328125
0 0.32890625 0.35625 0.01171875 0.0078125
0 0.33671875 0.45234375 0.00703125 0.00703125
0 0.309375 0.471875 0.00859375 0.00625
0 0.3515625 0.4859375 0.01796875 0.0140625
0 0.2953125 0.4375 0.01328125 0.009375
0 0.38984375 0.42578125 0.00546875 0.00390625
0 0.3109375 0.51875 0.0078125 0.00625
0 0.33046875 0.740625 0.01015625 0.00703125
0 0.278125 0.684375 0.00859375 0.00703125
0 0.234375 0.6765625 0.01328125 0.0078125
0 0.27578125 0.73671875 0.01640625 0.0109375
0 0.26640625 0.75703125 0.0171875 0.01171875
0 0.21640625 0.665625 0.0140625 0.00859375
0 0.18515625 0.6125 0.01953125 0.0109375
0 0.58828125 0.2859375 0.00859375 0.00546875