1 0.570562915709613 0.5831098667381592 0.25843254809323424 0.06846428495361145
2 0.7365698616259291 0.5683174020730202 0.0605208377489479 0.03419446846486114
2 0.8083010178865313 0.5260558604698952 0.0798710384745874 0.05181837955902786
1 0.11342502750517816 0.529739438545243 0.10609128729346104 0.13205139342673622
1 0.5987524362128511 0.3123609556439925 0.04598711179556503 0.06508079255305557
1 0.6970460924734534 0.26948116499079805 0.028363102176918176 0.05218074905006951
1 0.801882381496195 0.4192609998125688 0.11561013103285873 0.09168096656499998
1 0.593477115254126 0.4857802718484023 0.021021828130301047 0.020785278685347207
1 0.6578546177011969 0.3187914871791314 0.020386911069925694 0.04731141109416672
1 0.6381398292266095 0.3692097144777078 0.08521330290255769 0.0706774823325695
1 0.7100520347615722 0.3441174890789925 0.09656746515360978 0.038155923062013916
1 0.7392435161572508 0.24586117382451328 0.02609127404661713 0.03183188145888884
2 0.8106398557202972 0.16847974981256875 0.03870040145127902 0.035247822188333354
2 0.690734094287552 0.2266942529467008 0.12307540145127885 0.03721167211208343
1 0.2711779854023937 0.661894709062465 0.04618551923729371 0.026054660144236054
1 0.2562499337657804 0.4858231715434026 0.15856650126594438 0.24880378875333342
1 0.28055550771973026 0.34864982665364563 0.09162699400955017 0.0755104526972918
2 0.29917902214770054 0.32948159935506915 0.08499504809323426 0.0644274823325695
1 0.3706274362128511 0.3176706239563538 0.05270833774894799 0.03401263050895835
2 0.36203368621285115 0.31787064570784695 0.027380955534962847 0.02405574905006951
2 0.6114905052726596 0.5064376107542355 0.029161710344286183 0.030342116641249993
2 0.6415847107228044 0.807054553383541 0.05158234736759475 0.04647626291777769
0 0.5158828833102935 0.3829838865897912 0.006359127404661713 0.003270470364722211
0 0.4095237559056318 0.38858188279006906 0.006359127404661713 0.0032704703647223
0 0.3667980533658938 0.4496836901607636 0.004796627404661713 0.003234102773541636
0 0.8230877481010834 0.34851208871840206 0.011210318511654193 0.008067073138263936
0 0.7903794302224014 0.23452297711114517 0.014444445916316084 0.011264808320625087