2 0.5167029053609538 0.616132499790603 0.10771732473980081 0.06268839867609248
2 0.45710549807943607 0.7222155258454509 0.06281426051544958 0.06839043507002263
2 0.7344414405253472 0.3318068114108116 0.07826884215265544 0.0956079065339753
2 0.6013910023748492 0.1807258467712844 0.07719102103089917 0.13452485731976357
0 0.5306867559928937 0.0803212783266503 0.01183825870642714 0.017696922249741
0 0.44787757801916117 0.09134436145359279 0.008303822930778536 0.009738873035529273
0 0.26318391621508763 0.3129902673683955 0.011510710085908293 0.011446922249741042
0 0.2121149819097769 0.4954367402800903 0.013236984396167805 0.014644696856846906
0 0.2117132694490195 0.353666617244561 0.006577548620519025 0.006541098428423453
0 0.27936003561867856 0.5721854849034068 0.011674484396167806 0.014571922249741043
0 0.11139792967121331 0.594122489246633 0.008303822930778536 0.009738873035529316
0 0.24342253561867855 0.5705116689399722 0.008303822930778536 0.009738873035529139
0 0.5093540728192368 0.6666954259692854 0.013236984396167805 0.014644696856846906
0 0.5452096856641071 0.6699317419327201 0.0032887743102595125 0.0032705492142117267