0 0.701619503810629 0.5109419663775688 0.014135222872636887 0.012827308320625086
0 0.7577467839630542 0.5307264830950688 0.014144313231716587 0.014389808320624909
0 0.7443019074996211 0.5591606076201036 0.01726022287263689 0.012900043502986059
0 0.8136195340612501 0.5942609998125687 0.01885908430895533 0.019186411094166543
0 0.8071059136479413 0.639718970177291 0.01726931323171641 0.014462543502986236
0 0.7841724076960127 0.6879025502494092 0.04550339754067192 0.033867160144236054
0 0.6587729527773567 0.6252051413394438 0.02980567466803503 0.02100348423243048
0 0.7594082361512358 0.7822162479127076 0.042360216822512696 0.03066942496187508
0 0.320645197120016 0.8752298572388539 0.021974993949875808 0.017696646276527873
0 0.3383594170657867 0.9185616299402775 0.020394313231716588 0.014535278685347208
0 0.17218094692362426 0.7490154621965971 0.02042158430895542 0.01922277868534721
0 0.2281269407753042 0.6656931627096873 0.029832945745273863 0.02569098423243048
0 0.29380245863108917 0.5212151576756942 0.01726022287263689 0.012900043502986236
0 0.11684959407151277 0.4581553792746874 0.02511817466803503 0.020894381458888844
0 0.053200705409635375 0.38855270051309027 0.01255454215447771 0.009665940729444423
0 0.23054445540963536 0.384424978914097 0.010982951795398054 0.008067073138263936
0 0.3431853559753694 0.35758776234909695 0.012545451795398144 0.008103440729444421