2 0.6203125 0.74375 0.065625 0.14296875
0 0.55390625 0.809375 0.0109375 0.021875
0 0.515625 0.79296875 0.009375 0.0140625
0 0.58125 0.753125 0.00546875 0.0109375
0 0.58515625 0.71015625 0.00546875 0.0078125
0 0.55859375 0.68203125 0.009375 0.02421875
0 0.57265625 0.66484375 0.00625 0.00859375
0 0.4328125 0.64296875 0.009375 0.01484375
0 0.60859375 0.653125 0.00625 0.009375
0 0.36875 0.61328125 0.00625 0.00703125
0 0.409375 0.5859375 0.00390625 0.00546875
0 0.43125 0.596875 0.00234375 0.00390625
0 0.36640625 0.69375 0.00390625 0.00625
0 0.32890625 0.746875 0.0046875 0.0046875
0 0.3125 0.66484375 0.003125 0.00390625
0 0.25234375 0.64296875 0.00859375 0.00859375
0 0.2125 0.4640625 0.00703125 0.00703125
0 0.1671875 0.47421875 0.00703125 0.00703125
0 0.4921875 0.31953125 0.015625 0.01875
0 0.45703125 0.31640625 0.0109375 0.01328125
0 0.315625 0.26640625 0.0078125 0.009375
0 0.49609375 0.5671875 0.00625 0.0078125