2 0.440625 0.19375 0.32890625 0.0953125
2 0.2046875 0.9359375 0.09609375 0.065625
0 0.76875 0.61015625 0.06484375 0.0921875
0 0.6953125 0.53203125 0.01015625 0.00859375
0 0.69609375 0.55703125 0.00625 0.00625
0 0.6515625 0.58203125 0.01015625 0.0078125
0 0.63828125 0.559375 0.00703125 0.00546875
0 0.58515625 0.55625 0.01171875 0.0078125
0 0.60078125 0.61328125 0.01015625 0.0078125
0 0.6609375 0.64375 0.0140625 0.0109375
0 0.5859375 0.4390625 0.0125 0.01015625
0 0.53984375 0.47578125 0.01171875 0.0109375
0 0.48515625 0.5015625 0.0140625 0.0125
0 0.45546875 0.515625 0.01328125 0.0125
0 0.37734375 0.53828125 0.0125 0.01015625
0 0.4734375 0.31171875 0.0109375 0.01015625
0 0.51640625 0.5515625 0.01171875 0.00859375
0 0.47578125 0.6265625 0.0078125 0.00546875
0 0.46015625 0.7390625 0.00859375 0.00703125