1 0.5460936657608024 0.5756508949520388 0.05968926051544958 0.0682448858558109
1 0.5815851876962127 0.7323932005763913 0.04127345318850324 0.044006865177646404
1 0.4930517164174864 0.20299249089926286 0.05704893939369349 0.10708906203449331
1 0.5347998824054313 0.3304111695591446 0.033542840343633175 0.04520549214211709
1 0.47122538330994246 0.3516097733642516 0.03798467887824373 0.040736315963434674
1 0.3959697557657512 0.38785118031251165 0.042262743102595035 0.033142139784752264
1 0.41379574287545245 0.4751885144729114 0.0454696302577247 0.03485018899896417
1 0.5619178188584486 0.7883692187733564 0.08394563206674714 0.08496150496239885
1 0.39385721562451687 0.823405536598818 0.040857373360319825 0.06580909057054071
0 0.4132468662357723 0.5390690779551468 0.011756371551297561 0.016134422249740866
0 0.47559970205684954 0.4648182487571457 0.011674484396167806 0.014571922249741043
0 0.583893558908826 0.5236367847367911 0.01183825870642714 0.017696922249740864
2 0.3876117011523384 0.4365605080627706 0.06724945499752569 0.09353598428423418
2 0.4920214829258297 0.213075966292157 0.02737472749876275 0.04647689371369372
2 0.5721327018297069 0.8788463997095498 0.2668001549066686 0.24230720058090044
0 0.45699794549812883 0.7195763693114756 0.014963258706427318 0.01784247146395259