1 0.17355087945425135 0.505154611730906 0.19725073620994643 0.12143970452587247
2 0.10123063242375219 0.8430182260940906 0.038363818025830956 0.029905668617910663
0 0.2429958982588698 0.6687853196746243 0.012954641066226813 0.015697722872636887
0 0.36199829935422645 0.7399558168459539 0.009738712852981469 0.012554542154477665
0 0.5431228965430102 0.3405320128858153 0.01612510517284953 0.017278403590796198
0 0.621758710412206 0.4299030642136752 0.006522784639735946 0.009411361436318443
0 0.5565535960681565 0.5232354285768599 0.006477320533113407 0.007848861436318444
0 0.5120474266303997 0.6031683682720097 0.019295569279472246 0.01885908430895533
0 0.6536859749936823 0.24537352810932173 0.00973871285298138 0.012554542154477665
0 0.650112345605938 0.20711954918656056 0.00973871285298138 0.012554542154477665
0 0.6032457057933525 0.2339502147794093 0.006522784639736124 0.009411361436318443