1 0.2714321628971185 0.58515625 0.13503222948277793 0.1625
0 0.3396002814382296 0.56015625 0.012863675911805572 0.015625
0 0.4567871282278476 0.5265625 0.007994337955902786 0.0078125
0 0.4526431824644101 0.44921875 0.011264808320624908 0.0140625
1 0.5726147628208687 0.66953125 0.13488675911805573 0.15625
1 0.6827859305645491 0.50234375 0.10730596656500016 0.1125
2 0.6301343624602782 0.55625 0.06101154160312507 0.0703125
2 0.7926863010055213 0.42421875 0.15287173328249998 0.05625
0 0.5547207076343756 0.7734375 0.011264808320625087 0.0140625
2 0.46843510267663246 0.62421875 0.014462543502986059 0.0171875
2 0.5205249327487506 0.646875 0.017660278685347208 0.0203125