1 0.4762870245374021 0.4284560954009969 0.306101672319523 0.2986942280394528
1 0.48423564337516617 0.48561461473581496 0.06051477611928178 0.05223520934118149
1 0.49867992367831954 0.5381583594048148 0.06026247060135788 0.07721702800763594
1 0.4759274191557637 0.6590612054025877 0.030417840343633172 0.04407726400381797
1 0.42033467492151494 0.2878760013924064 0.11860831637205785 0.26684314934754483
1 0.5338958859119344 0.2540197167409057 0.056059649479601605 0.11620680267345422
1 0.6375387850528517 0.3646674100890868 0.11988313206674714 0.08259541868236298
1 0.6340496941433917 0.20749980008749597 0.05590916327441153 0.05374316534054513
2 0.6862163817280628 0.15182251209417746 0.1989509136130959 0.2802703973583625
1 0.2922561832892579 0.494324901376498 0.06658771370395282 0.1085215720082724
0 0.4177984158764033 0.5301816800604519 0.005015048620519024 0.006304544000636269
0 0.4066152544110141 0.5347419107256337 0.0032887743102595125 0.0031613626670909055
0 0.37994761307201286 0.4320254433879521 0.005015048620519024 0.006304544000636269
0 0.4110991157855463 0.3596873667249973 0.0032887743102595125 0.0031613626670909055
0 0.40898217435568807 0.08684021272277015 0.008385710085908115 0.01102840666772722
0 0.497586571687583 0.24577995540258774 0.008221935775648604 0.007903406667727264
1 0.17507316881707943 0.878679530673136 0.2643368962002413 0.242640938653728