2 0.4379961822448715 0.6973698181378769 0.1403888725471326 0.1913491946765232
0 0.17048503007742472 0.6396342084795067 0.009820668973360735 0.011319501977166269
0 0.2118886214841873 0.5997294500765497 0.00813083498097189 0.008130834980972067
0 0.2837570098114696 0.7309529337649273 0.008258168973360824 0.011255834980972068
0 0.36465016003893114 0.41099591943047126 0.008067167984777513 0.006568334980972068
0 0.36937481072350314 0.4864588344494994 0.0032523339923887563 0.0032523339923887563
0 0.5369535829666245 0.37433688334718546 0.0032523339923887563 0.0032523339923887563
0 0.5942050088600676 0.3283267049822845 0.004878500988583135 0.004878500988583135
0 0.5348313729670621 0.5795509653624078 0.00813083498097189 0.00813083498097189
0 0.23624922330825432 0.11672594908796652 0.009820668973360735 0.011319501977166357
0 0.6151423195835706 0.828983279583133 0.013136669961943782 0.016134335969555026