0 0.2085595347141674 0.5917723004177419 0.023021420171816586 0.02276633794672147
0 0.6872267673013128 0.6457249017475173 0.030008404567984214 0.03708350593149916
2 0.10299336669005747 0.7697461087069681 0.20598673338011494 0.21761721741393636
0 0.43766053652318976 0.5525665148659287 0.027954581637205676 0.027644838935304606
0 0.24493188319840087 0.33097672186256055 0.019732645861556986 0.019514003954332716
0 0.3456623077812315 0.8439780820524035 0.0247476944820761 0.02595500494291585
0 0.5085086250578005 0.5601508631927735 0.016525758706427317 0.01782416996194396
0 0.8793766457500155 0.6692127757775246 0.023021420171816232 0.02276633794672147
0 0.9144720200148463 0.5821730322033153 0.013236984396167628 0.014571835969555202
0 0.5982107756690558 0.8503540519377978 0.019896420171816587 0.022639003954332538
0 0.6427917718238687 0.5225619743711996 0.01784259724103805 0.013200336958138336
0 0.6751417678671399 0.8464424847513229 0.013236984396167628 0.014571835969555025
0 0.5142927148356067 0.3153331117098987 0.019732645861557076 0.019514003954332716
0 0.6045049570336906 0.3119627139910762 0.022857645861557075 0.01964133794672147