2 0.19468086525304912 0.5937516420273623 0.05534202800763603 0.05688634667409058
2 0.4728871339115496 0.6571532600652242 0.033139764003817976 0.028506808004454244
2 0.8329070239099586 0.6730628074474494 0.05674089600572714 0.042842028007635945
0 0.4468909919637289 0.2724237240610881 0.014207950668363622 0.012663632001908986
0 0.46850236262732 0.29533451273072436 0.011028406667727354 0.00793976933481808
0 0.2846433412635487 0.5174442280394527 0.009465906667727175 0.007921588001272717
0 0.2855796799411391 0.4369754780394527 0.01424431333545444 0.015788632001908987
0 0.2621967239417754 0.4320152580362711 0.011064769334818082 0.011064769334818082
0 0.07093428258277659 0.6188778166772723 0.011064769334818102 0.011064769334818082
0 0.052846259229822945 0.763218162675045 0.02371022000318166 0.023710220003181702
0 0.5511432346435465 0.17674869207508745 0.007903406667727176 0.007903406667727219
0 0.4935585486553187 0.08934814206713328 0.007903406667727353 0.007903406667727219
0 0.4702210459898186 0.0804816720639516 0.01417158800127254 0.00953863200190901