0 0.2590475846689051 0.24767165571421018 0.02921627404661713 0.03206835391920828
0 0.3894766399337154 0.33440947459797093 0.013100200725639421 0.01755121285298138
0 0.4062276303150686 0.34640936942512146 0.003343254809323426 0.0063409282132454335
0 0.4381398292266095 0.3712358731860451 0.014662700725639511 0.017596676959604096
0 0.4106323881196169 0.37671899505194206 0.00813988221398514 0.009602320533113407
0 0.3311606537287135 0.4399069683297648 0.02409226442797028 0.01943196159934022
0 0.34174594574667994 0.6284693631569154 0.021021828130301134 0.020903533386094963
0 0.3053099379421317 0.5990917517158596 0.003343254809323426 0.0063409282132454335
0 0.44398056834201827 0.6286164641731297 0.01778770072563951 0.01768760517284953
0 0.39470725463968737 0.6316110835317441 0.008085318511654283 0.008039820533113407
0 0.4550247065464531 0.692292519266837 0.02609127404661713 0.03197742570596276
0 0.557435466249918 0.3521556010827214 0.014662700725639511 0.017596676959604096
0 0.5263838405745369 0.6379256165221276 0.004905754809323426 0.0063863923198681505
0 0.5723932558208137 0.7060474792168245 0.03590278366526398 0.04475021034569906
0 0.6091913621740832 0.7697546265512575 0.03110615626060227 0.04148881802583091
0 0.6015772696158118 0.8089989829777483 0.008139882213984961 0.009602320533113584
0 0.7653471368536726 0.6114610902621687 0.011755955534962937 0.023755748746358663
0 0.8178347637101802 0.40467388117011094 0.006686509618646852 0.01268185642649069
0 0.8627702299600981 0.7717417092250718 0.010029764427970277 0.019022784639736123
0 0.9451784474759606 0.892655951307513 0.0147718281303014 0.020721676959604095