0 0.2796875 0.65546875 0.0203125 0.01484375
0 0.46484375 0.671875 0.0125 0.00859375
0 0.4453125 0.690625 0.0140625 0.01171875
0 0.50546875 0.7375 0.03359375 0.0296875
0 0.57890625 0.74609375 0.009375 0.00859375
0 0.6578125 0.69140625 0.00703125 0.00625
0 0.65234375 0.609375 0.01328125 0.00859375
0 0.5765625 0.65390625 0.0078125 0.00859375
0 0.6171875 0.5921875 0.00625 0.0046875
0 0.59609375 0.56640625 0.0078125 0.0046875
0 0.52578125 0.559375 0.01015625 0.0078125
0 0.70859375 0.5234375 0.009375 0.00703125
0 0.75078125 0.509375 0.00703125 0.0046875
0 0.8578125 0.490625 0.009375 0.00546875
0 0.8328125 0.52421875 0.00625 0.0046875
0 0.78671875 0.50234375 0.0234375 0.01796875
0 0.37265625 0.51640625 0.021875 0.01640625
0 0.190625 0.459375 0.0171875 0.0109375
0 0.5296875 0.48046875 0.00703125 0.00546875
0 0.7640625 0.4765625 0.00546875 0.00390625
0 0.85390625 0.390625 0.021875 0.0171875
0 0.41171875 0.66640625 0.0078125 0.00546875
0 0.8953125 0.07890625 0.01015625 0.00859375
0 0.69609375 0.06015625 0.021875 0.009375
0 0.76171875 0.015625 0.009375 0.00625
0 0.78203125 0.00234375 0.00703125 0.0046875
0 0.70625 0.009375 0.0125 0.00703125
0 0.93828125 0.11171875 0.00390625 0.0046875