1 0.7278854074266324 0.5043924086802771 0.04758763154179615 0.03985343262956
0 0.3727814074972196 0.42405074918592583 0.012029563140062116 0.018940914772652383
0 0.3761962918816133 0.24148371103647887 0.010103042093374804 0.012663641233702005
0 0.4117767470868154 0.30298031858496083 0.0067960315700311465 0.009484094155801337
0 0.285441760240995 0.3046774119299833 0.010194047355046632 0.014226141233702094
0 0.2737762181476202 0.29198649715733094 0.006978042093374803 0.012609094155801337
0 0.29357277865684644 0.310282529624735 0.0067960315700311465 0.009484094155801337
0 0.7639788860270091 0.8694952573003054 0.011665542093374804 0.012690914772652207
0 0.7520256466209401 0.7982651396055538 0.01341005261671846 0.015843188311602675
0 0.6494004465362355 0.8854457654179804 0.011665542093374625 0.012690914772652207
0 0.661225612349486 0.8606775904990581 0.00826752630835923 0.007948867694751626
0 0.6745600702561111 0.8484230523496112 0.009921031570031148 0.009538641233702095
0 0.6737634097045325 0.8749446420411857 0.008358531570031146 0.009511367694751981
0 0.6938406912745636 0.8846605612780649 0.006614021046687313 0.006359094155801159
0 0.628359175418961 0.9529781387947747 0.009921031570031148 0.009538641233702095
0 0.5993241228022425 0.9368622150936687 0.009921031570031148 0.009538641233702095