0 0.39921294338795205 0.4046390656676035 0.004742044000636358 0.004714771077238921
0 0.2055207714433131 0.8112970900644921 0.01431703866963625 0.02195681323171641
0 0.20991627542167776 0.6519584515008106 0.007921588001272717 0.009420451795397966
0 0.24829752275617772 0.6607749152982612 0.00793976933481808 0.010982951795397966
0 0.41203221140990554 0.5664214481811608 0.011064769334818082 0.011001132513557365
0 0.3624043814051331 0.5309788518701529 0.007903406667727176 0.007857951795397966
0 0.45260792667886307 0.09247086377400952 0.009538632001908987 0.01411704215447771
0 0.34769316000954503 0.07233055971567513 0.00950226933481808 0.01099204215447771
0 0.23498407467377241 0.053707303861942654 0.00950226933481808 0.01099204215447771
0 0.22952496268299924 0.12163969242562418 0.00793976933481808 0.010982951795398054
0 0.1991562100174992 0.13005618042357164 0.007976132001908987 0.014107951795398055
2 0.12868916868236294 0.11636586426498885 0.12033177601845368 0.13662836729005093
2 0.027063581357407985 0.17748919574527386 0.03675566000954501 0.07052157825883124
0 0.1662486387650864 0.7259181262670413 0.007976132001908987 0.014107951795397967
0 0.17940316677272242 0.7822408491396783 0.014298857336090797 0.020394313231716588
0 0.21255256878576728 0.8785209515008106 0.00793976933481808 0.010982951795398321
0 0.2564303854630395 0.9568959363754999 0.015897720003181702 0.023528403590795933
0 0.2819838214512673 0.8703317224798536 0.006359088001272717 0.009411361436318443
0 0.31895765746335764 0.9596033007386847 0.015843176002545346 0.018840903590796286
0 0.39564742679817577 0.9709862283335859 0.011137494668999891 0.017251132513557366
0 0.46973398138127054 0.35583392700572614 0.007903406667727353 0.007857951795398143
0 0.45606238005249755 0.38934586377400954 0.011101132001908987 0.014126132513557366
0 0.526356151376498 0.3210094751121321 0.011064769334818082 0.011001132513557365
0 0.554417516709089 0.3157043515755652 0.0031795440006362695 0.004705680718159222
0 0.5612584100493159 0.3665219630118838 0.011082950668363623 0.012563632513557365
0 0.5725958993873157 0.40096059552544105 0.007903406667727353 0.007857951795398143
0 0.6101231713876338 0.4035225141433519 0.00474204400063627 0.004714771077238921
0 0.606835086728179 0.4566247882456528 0.018986357336090796 0.020421584308955333
0 0.5576168840706331 0.5235213967551051 0.006322725334181811 0.006286361436318444
0 0.6704879593809523 0.354658288147457 0.018986357336090796 0.02042158430895542
0 0.6868669373806342 0.3524099869177929 0.006322725334181811 0.006286361436318444
0 0.6809987453850885 0.38518612548147446 0.00793976933481808 0.010982951795398144
0 0.7133027153882703 0.40880997784260664 0.007903406667727353 0.007857951795398143
0 0.6699617953930427 0.4437116977883774 0.007903406667727176 0.007857951795398143
0 0.7077981500636334 0.4728361164062882 0.006322725334181811 0.006286361436318444
0 0.7278470207272245 0.45029804107432325 0.006322725334181811 0.006286361436318444
0 0.7474328147278608 0.4550991705628184 0.011064769334818082 0.011001132513557365
0 0.7780379247294517 0.46699518256487094 0.011064769334818082 0.011001132513557365
0 0.7626583727323151 0.48799802897407485 0.011028406667727354 0.007876132513557366
0 0.8023026754057694 0.5382252879510652 0.014189769334818081 0.011019313231716588
0 0.70987027474536 0.583778161585828 0.00793976933481808 0.010982951795397966
0 0.6819270880808144 0.5992395351223949 0.011101132001909163 0.014126132513557366
0 0.6535379114019514 0.5092367038385015 0.011101132001908987 0.014126132513557366
0 0.665756100731997 0.4850906767111384 0.007903406667727176 0.007857951795397966
0 0.7469708327498144 0.616804285024199 0.011064769334818082 0.011001132513557365
0 0.7148310420909958 0.674425887483527 0.017387494668999894 0.01728749394987581
0 0.7146566773949518 0.4580332730221464 0.0031795440006362695 0.004705680718159399
0 0.7361498693904973 0.42534803804926113 0.006322725334181811 0.006286361436318444
0 0.5394897613383179 0.03985492388246812 0.011101132001908987 0.014126132513557321
0 0.5770624866724997 0.046323092500378936 0.011101132001908987 0.014126132513557321
0 0.5509454293443631 0.08444980639602544 0.009538632001908987 0.01411704215447771
0 0.5765539566756814 0.06975604732083913 0.011137494668999891 0.01725113251355732
0 0.7596633787794038 0.8348321223582165 0.009538632001909164 0.014117042154477843
0 0.8926753261059497 0.7856093480595238 0.014262494668999893 0.01726931323171641
0 0.796472488104677 0.7756752909761273 0.00792158800127254 0.009420451795397966
0 0.7693832767743132 0.797391209692234 0.01593408267027243 0.02665340359079611
0 0.36329362472149745 0.40599248740877225 0.017387494668999894 0.01728749394987581
0 0.11792548603595288 0.2655118913923519 0.011101132001908987 0.014126132513557366
0 0.08683857069540776 0.21220962939029936 0.007939769334818103 0.010982951795398144
0 0.07630106003340756 0.24652099687674206 0.007939769334818126 0.010982951795398144
0 0.10984880935708982 0.1756272347764936 0.007903406667727264 0.0078579517953981
0 0.17592834269572594 0.21507152985783753 0.011119313335454439 0.015688632513557364
0 0.15524367270049844 0.2501050600102627 0.007903406667727219 0.007857951795398143
0 0.19118117270049845 0.250314138269094 0.011101132001908987 0.014126132513557366
0 0.1902459287078163 0.30421129791001433 0.006322725334181767 0.006286361436318444
0 0.10071126137808886 0.3302511022629363 0.007921588001272673 0.009420451795398143
0 0.1845140967138615 0.34870618647369583 0.004796588001272628 0.009402271077238922
0 0.10495550807604195 0.5607289426220159 0.009520450668363534 0.012554542154477665
0 0.0928913127386785 0.5309732649289188 0.014262494668999893 0.01726931323171659