0 0.5056119659310616 0.2133794787082807 0.021585839923887917 0.03207767095052709
0 0.4333430350947027 0.14902516003893113 0.00994800296574958 0.014444501977166357
0 0.38362421939110264 0.23478358790954043 0.014890170950527092 0.02088550296574949
0 0.29688556475219796 0.29544385669262074 0.021331171939110227 0.02582767095052709
0 0.35512648767989136 0.32280751133152547 0.01976867193911023 0.025764003954332714
0 0.06924999608284835 0.3743659886312935 0.014635502965749536 0.014635502965749581
0 0.1227569980600147 0.38157631076068416 0.011510502965749536 0.014508168973360736
0 0.3589000865010278 0.39621317783342824 0.016325336958138335 0.01782416996194396
0 0.5449848251323213 0.3346350547920041 0.013200336958138336 0.0176968359695552
0 0.5121431502274614 0.29684589471589196 0.00994800296574958 0.014444501977166357
0 0.554659619581383 0.14955971783386576 0.010075336958138337 0.017569501977166356
0 0.6278079595052709 0.17788103600892377 0.00994800296574958 0.014444501977166357
0 0.8135570474891735 0.5881925004199295 0.008258168973360824 0.01125583498097189
0 0.68425550254582 0.7757946125869388 0.009820668973360824 0.011319501977166269
0 0.7605898508726648 0.8438960137658024 0.011446835969555025 0.012945668973360825
0 0.8683015331918984 0.9138490750207782 0.016261669961944135 0.01626166996194378
0 0.4206347184397005 0.6245490834609162 0.005005834980972068 0.008003500988583134
0 0.32740864186168556 0.6604321867306768 0.014699169961943958 0.01619800296574958