1 0.57109375 0.6609375 0.23046875 0.19453125
0 0.30390625 0.62734375 0.01953125 0.01640625
0 0.2734375 0.76953125 0.01640625 0.0109375
0 0.28828125 0.78359375 0.0140625 0.009375
0 0.42265625 0.8640625 0.01015625 0.00859375
0 0.15234375 0.5203125 0.0140625 0.0109375
0 0.54921875 0.29296875 0.01640625 0.0109375
0 0.71484375 0.04453125 0.01640625 0.01328125
0 0.65625 0.0046875 0.0171875 0.00859375
0 0.65078125 0.06796875 0.01015625 0.009375
0 0.609375 0.19296875 0.01015625 0.00859375
0 0.73203125 0.128125 0.0078125 0.00625