0 0.32109375 0.48359375 0.01328125 0.00859375
0 0.22265625 0.48515625 0.00703125 0.0046875
0 0.1875 0.4953125 0.009375 0.00625
0 0.153125 0.54921875 0.0109375 0.0109375
0 0.1859375 0.6453125 0.0140625 0.0109375
0 0.2046875 0.67109375 0.009375 0.00859375
0 0.415625 0.67421875 0.01484375 0.0125
0 0.4421875 0.61171875 0.01328125 0.01015625
0 0.37421875 0.5640625 0.01328125 0.009375
0 0.40703125 0.5359375 0.0140625 0.01171875
0 0.30625 0.57109375 0.0078125 0.00703125
0 0.28046875 0.89609375 0.01640625 0.0125
0 0.44921875 0.8703125 0.0109375 0.00859375
0 0.453125 0.92421875 0.0171875 0.01171875
0 0.4421875 0.9953125 0.0125 0.00859375
0 0.628125 0.978125 0.01484375 0.01015625
0 0.53125 0.86328125 0.021875 0.0171875
0 0.48671875 0.80390625 0.01328125 0.01015625
0 0.72734375 0.6140625 0.01015625 0.00703125
0 0.64140625 0.5890625 0.0171875 0.01171875
0 0.640625 0.553125 0.02109375 0.01484375
0 0.653125 0.571875 0.00703125 0.0046875
0 0.58125 0.5296875 0.00859375 0.00625
0 0.64375 0.52734375 0.00859375 0.00546875
0 0.5875 0.4828125 0.00390625 0.003125
0 0.6609375 0.45 0.01875 0.0109375
0 0.5796875 0.45859375 0.021875 0.01875
0 0.43359375 0.4453125 0.0203125 0.0140625
0 0.4609375 0.4921875 0.00390625 0.003125
0 0.41640625 0.38984375 0.0125 0.00859375
0 0.5265625 0.42734375 0.0046875 0.00234375
0 0.590625 0.4078125 0.0046875 0.00390625
0 0.56796875 0.33046875 0.0078125 0.00625
0 0.41953125 0.32578125 0.0140625 0.00859375
0 0.45234375 0.234375 0.01328125 0.0125
0 0.4046875 0.2609375 0.01015625 0.00703125
0 0.3953125 0.22109375 0.00703125 0.00703125
0 0.29296875 0.38671875 0.01171875 0.009375
0 0.21484375 0.3125 0.009375 0.0078125