1 0.19486632302812135 0.691643702020999 0.07519596302712275 0.13828179734245422
1 0.504355444117161 0.6569896280633152 0.270326452503779 0.13742946403563466
2 0.7515713493364806 0.7059287567631773 0.10488346302712266 0.13862724267981755
2 0.6778538572995755 0.6332446874204051 0.14177578925077725 0.2358658693507266
1 0.3676942761671849 0.16042261604867958 0.053200594710093266 0.028724984006999677
0 0.09392763637994506 0.48670111600890864 0.00826752630835923 0.007903406667727176
0 0.12432630987394173 0.686919292011454 0.00670502630835923 0.007885225334181812
2 0.20029654664917498 0.7580681333545445 0.020843121018452492 0.03615567600254525
2 0.18066658611171382 0.7695505260184538 0.03545165258848364 0.045694308004454245
0 0.2581251862246533 0.6517823180299077 0.00826752630835923 0.007903406667727353
0 0.30036589413127845 0.6397823047024074 0.016626057878390377 0.01736931333545435
0 0.2210409571301663 0.805933468690317 0.00826752630835923 0.007903406667727353
0 0.32169340451344786 0.791490255370771 0.008540542093374803 0.012590906667727353
0 0.47712435715840124 0.7792458887253154 0.010012036831702886 0.011046588001272539
0 0.4949419177382147 0.723241336728179 0.01331904735504672 0.014207950668363622
0 0.5436447282474409 0.741764617401315 0.008358531570031146 0.009465906667727352
0 0.60961209151456 0.6277662994111782 0.005051521046687313 0.006304544000636269
0 0.6702318021226084 0.542592415420087 0.004960515785015574 0.00474204400063627
0 0.33058182807803166 0.9172896867043164 0.008449536831702886 0.011028406667727354
0 0.3788361734939967 0.20427261338317954 0.00670502630835923 0.007885225334181812
2 0.4718111707219864 0.35291065539463357 0.03517863680346807 0.04100680800445433
2 0.49535581555913655 0.24778735073199698 0.019933068401734033 0.020530676002545344
2 0.32810740237672215 0.271605016709089 0.030127115756780752 0.03470226400381797
2 0.4972647389825461 0.521842468730088 0.01653505261671846 0.015806813335454528
2 0.5922825654179623 0.3972520960773146 0.028200594710093264 0.02843408267027252