0 0.38294399708959315 0.3552549212687694 0.027435519237293704 0.025463650162155814
0 0.31063995507162667 0.5456947349857616 0.020912700725639423 0.0175420560063543
0 0.6006300380112511 0.5672116302799488 0.02091270072563951 0.0175420560063543
0 0.8211830962712865 0.43594049067109975 0.024146828130301046 0.02072160308425506
0 0.6592957098809501 0.5458627357998358 0.025709328130301044 0.020748876623205348
0 0.6896652892771955 0.8111195430240062 0.01924107332097762 0.014389782467404189
0 0.5451092466262569 0.8800895056853382 0.012881945916316084 0.011155688311602675
0 0.64006452712666 0.3085536505724882 0.01767857332097762 0.014362508928453721
0 0.7302604519915837 0.2499132617744181 0.01778770072563951 0.017487508928453722
0 0.6557862416472975 0.22150761810508407 0.02576389183263199 0.022311376623205436
0 0.671800622047184 0.18761385917663034 0.01611607332097762 0.014335235389503386
0 0.6329588329396245 0.015530353494587479 0.017624009618646852 0.012800008928453743
0 0.48388890507947585 0.11193952354224561 0.008085318511654194 0.007948867694751716
0 0.42679316769334774 0.08870262094445787 0.008085318511654194 0.007948867694751694
0 0.7899579220393349 0.616282555605908 0.01455357332097762 0.014307961850553141
0 0.7984871846532067 0.5919001643722058 0.020858137023308566 0.01597955600635448