0 0.55390625 0.36015625 0.00546875 0.00390625
1 0.10859375 0.7375 0.0609375 0.0171875
0 0.04140625 0.7453125 0.00625 0.0046875
0 0.275 0.7078125 0.01640625 0.01328125
2 0.2234375 0.7515625 0.18515625 0.06328125
1 0.3 0.74453125 0.0125 0.0140625
1 0.27421875 0.74453125 0.009375 0.01328125
2 0.4796875 0.52890625 0.0296875 0.02109375
1 0.66640625 0.2953125 0.1484375 0.03125
2 0.7046875 0.29765625 0.06796875 0.03125
0 0.446875 0.4078125 0.003125 0.00234375
2 0.5828125 0.9046875 0.03125 0.04609375
0 0.0359375 0.92109375 0.0109375 0.00625
2 0.11484375 0.62265625 0.0125 0.0171875
2 0.1328125 0.69140625 0.0125 0.0109375
1 0.31171875 0.2703125 0.05 0.06484375
0 0.61015625 0.21015625 0.01015625 0.00703125
2 0.41640625 0.38515625 0.01875 0.015625
2 0.38203125 0.21640625 0.0234375 0.01640625