0 0.24604409846390318 0.3608794544276767 0.02888889183263199 0.022038626463433176
0 0.468772270333602 0.3824918757760621 0.014499009618646853 0.012581813231716588
1 0.436378888667771 0.5940651800307882 0.06887897477225664 0.04882838544042354
1 0.518291087579312 0.620328219062008 0.10897818511654282 0.0787431444174139
1 0.6397022961094997 0.6343185170702181 0.08806548439090349 0.061437469749379046
2 0.5778198550025071 0.6386469478865732 0.0976041754978958 0.06617951190385671
1 0.7067707119039308 0.9066389446651193 0.152202395460829 0.10867608411256384
2 0.578849097746113 0.8082584484757485 0.3837897344757213 0.3834831030485031
0 0.5001834060061482 0.9374748124461497 0.009647818511654194 0.007867042154477843
1 0.390758820704271 0.8039987162333375 0.04796627404661713 0.03152271077238851
1 0.6548957317741966 0.7586508965587133 0.062410719962933216 0.042542024004105096