0 0.3776757259309577 0.4884904534156459 0.0174238573360908 0.021213258706427318
0 0.37267059993636653 0.4489333084586001 0.0174238573360908 0.021213258706427318
0 0.3611245726050483 0.43470371212207315 0.009520450668363623 0.012991322930778537
0 0.37681375461491146 0.36126953414834057 0.009520450668363534 0.012991322930778537
0 0.422398427275639 0.40260386307201285 0.00950226933481808 0.011428822930778538
0 0.42879278325909437 0.5240694272963641 0.00948408800127254 0.009866322930778538
0 0.4612507472549582 0.5528185470386393 0.009520450668363623 0.012991322930778537
0 0.4579712059198219 0.5662635713488988 0.00793976933481808 0.011346935775648603
0 0.28921266259550327 0.5087420776804769 0.01424431333545444 0.016361984396167806
0 0.2901842692552763 0.5594414405253472 0.011082950668363623 0.013073210085908293
0 0.35218701929504725 0.2634019222079814 0.01424431333545444 0.016361984396167806
0 0.3418847712842295 0.34358074513875997 0.009484088001272716 0.009866322930778538
0 0.34475523261459334 0.36529197082850046 0.009520450668363623 0.012991322930778537
0 0.3873223512492311 0.5988547433297376 0.011101132001908987 0.014635710085908294
0 0.39733260323841346 0.6779690332438294 0.00950226933481808 0.011428822930778538
0 0.4209428259070952 0.6618969759168831 0.009520450668363623 0.012991322930778537
0 0.5168462192473221 0.6061206094539682 0.006359088001272717 0.009702548620519025
0 0.6420756752864567 0.31145216135384757 0.00950226933481808 0.011428822930778538
0 0.6291040552991835 0.21843914575001538 0.009538632001909164 0.014553822930778537
0 0.66371486529282 0.263471684759596 0.009520450668363623 0.012991322930778537
0 0.5775660905872309 0.5545304539814728 0.006359088001272539 0.009702548620519025
0 0.6246132659134586 0.6043766457500154 0.009484088001272716 0.009866322930778538
0 0.6363592879137767 0.6014187420865422 0.006340906667727353 0.008140048620519025
0 0.6468978932606853 0.5009274191557637 0.009520450668363623 0.012991322930778537
0 0.6756581452498674 0.5790590632082984 0.009484088001272716 0.009866322930778538
0 0.69652736529282 0.26175205450187117 0.006340906667727353 0.008140048620519025
0 0.7451103159611836 0.24671355269284884 0.006359088001272539 0.009702548620519025
0 0.28618875461491144 0.36601898914586617 0.007957950668363533 0.012909435775648782
0 0.292874559277548 0.39533799694778227 0.0015988626670909057 0.003206887155129756
0 0.3162307906190477 0.33399438319840086 0.006359088001272717 0.009702548620519025