1 0.5717039406436564 0.53203125 0.04516865626060227 0.040625
1 0.5818428324762884 0.55390625 0.06499008293962447 0.0265625
1 0.45655763419771966 0.70234375 0.06822421034428636 0.0296875
1 0.9326364622432027 0.39765625 0.09366071996293286 0.0421875
1 0.9735069657865818 0.334375 0.0529860684268364 0.034375
1 0.9911557680561673 0.221875 0.017688463887665408 0.025
1 0.8997420835725969 0.14921875 0.04947421034428601 0.0296875
2 0.9644581199590085 0.54765625 0.07108376008198292 0.065625
0 0.9893279171451935 0.2984375 0.014444445916316084 0.0109375
0 0.9386334579820336 0.1890625 0.006359127404661535 0.003125
0 0.355860685834333 0.52578125 0.012827382213985139 0.009375
0 0.9204092807548572 0.40546875 0.006413691106992659 0.0046875
0 0.946780807796699 0.4 0.006413691106992659 0.0046875
2 0.651718756623422 0.04921875 0.012881945916316084 0.0109375
0 0.6410987151536096 0.0359375 0.06909722958158007 0.0546875