0 0.5745132968833386 0.5644916876520462 0.019705004942915848 0.023546584308955332
0 0.5385121298871443 0.5662632659108774 0.011383168973360825 0.011001132513557365
0 0.5762694564651593 0.598067256933887 0.014890170950527092 0.020394313231716588
0 0.4799515078714844 0.35493540135130097 0.01151050296574958 0.014126132513557366
0 0.31351342437338714 0.3566847745932803 0.021076503954332713 0.01886817466803503
0 0.21174533593237407 0.38148985275391556 0.011446835969555114 0.012563632513557365
0 0.0998449248304977 0.7508034550168519 0.011510502965749536 0.014126132513557366
0 0.030842915438957536 0.7957255904572754 0.011446835969555137 0.012563632513557365
0 0.01576706068632209 0.8973517229708328 0.019705004942915872 0.023546584308955332
0 0.19089705327194828 0.9314807623948361 0.014508168973360736 0.01101931323171641
0 0.6080526501530994 0.46978772082953346 0.027963173916276673 0.03452953610435348
0 0.38460185718691237 0.2797268439733169 0.008258168973360736 0.010982951795398144
0 0.39980770452517395 0.21324787110068 0.009820668973360824 0.010992042154477666
0 0.617756619507021 0.6150093172387374 0.016452670950527094 0.020403403590796287
0 0.603436792929006 0.5830689708295335 0.014762836958138337 0.01726931323171659