0 0.2392776860809124 0.4481101509031246 0.011019313231716588 0.014444445916316084
0 0.26868793012898406 0.4014906112474109 0.009438632513557366 0.011264882213985139
0 0.26510438787631047 0.4568229519915838 0.009456813231716588 0.014389882213985138
0 0.2789805355151783 0.42528277531256153 0.025181807181592398 0.0321230192372937
0 0.30081008371978024 0.4182341671451935 0.025172716822512698 0.030560519237293703
0 0.3014640686926656 0.3963864489963589 0.015743174668035032 0.020858137023308566
0 0.3611708667990716 0.45549111968493144 0.007867042154477666 0.009647818511654194
0 0.22564749901804135 0.6561855457309814 0.011019313231716588 0.014444445916316084
0 0.08193892651474677 0.7925446532653775 0.01416249394987581 0.01767857332097762
0 0.18750767046462255 0.8134152031727101 0.02202953610435352 0.02732639183263217
0 0.6699913548952149 0.3709822327464408 0.015743174668035032 0.020858137023308566
0 0.6032634389095828 0.5818899616950487 0.020485216822512697 0.030396828130301045
0 0.4097816045024315 0.6212178126060225 0.004723861436318444 0.006413691106992659
0 0.5303753847530526 0.5395089995366638 0.007867042154477666 0.009647818511654194
0 0.6371743097156751 0.3690551449974929 0.006304542154477666 0.009593254809323427
0 0.7161850988450907 0.38977936196520113 0.003143180718159222 0.003234127404661713