0 0.7122870832670485 0.5133532712210283 0.015770450668363623 0.013045637023308566
0 0.8156484406031392 0.4966419755748648 0.007903406667727353 0.008085318511654194
0 0.8502416166056846 0.4790923770261436 0.011028406667727354 0.008194445916316084
0 0.875977960614275 0.4166841462634373 0.014207950668363622 0.01299107332097762
0 0.8239438406270019 0.32107898038418814 0.01736931333545435 0.016225200725639422
0 0.7992074699634107 0.29754971114689444 0.011064769334818082 0.011319445916315996
0 0.5768779366247747 0.3288641654159129 0.01736931333545435 0.016225200725639422
0 0.5612160266152296 0.3986583102437698 0.015788632001909164 0.014608137023308565
0 0.6412575152769117 0.43818709091380886 0.015770450668363623 0.013045637023308566
0 0.6119330946053665 0.4731151624206881 0.01736931333545435 0.016225200725639332
0 0.7110342132797752 0.4195214256675319 0.011046588001272539 0.009756945916316085
0 0.6759988786600912 0.07206358310926057 0.020512494668999893 0.017896828130301135
0 0.5041778753182735 0.12858885770403186 0.014189769334818081 0.011428573320977709
0 0.48997956265913667 0.07260175253188873 0.020494313335454352 0.016334328130301112
0 0.2964659199952275 0.04552335344286261 0.017332950668363534 0.01310020072563941
0 0.42031140531509176 0.14910719962933108 0.026835220003181705 0.024365082939624562
0 0.47749664930777397 0.20503230661557273 0.015770450668363623 0.013045637023308566
0 0.26213308927436635 0.4437053930985764 0.011046588001272718 0.009756945916316085
0 0.3565552512730937 0.45638149708959314 0.02049431333545444 0.016334328130301046
0 0.363931399268003 0.49415431560124745 0.025218176002545344 0.019623019237293704
0 0.34772514393700293 0.4763938967267734 0.006322725334181811 0.006468254809323426
0 0.4309734485996394 0.5090005548014742 0.011028406667727354 0.008194445916316084
0 0.36516663526418497 0.5223338793035783 0.011028406667727175 0.008194445916316084
0 0.4335166459261853 0.5591096822061359 0.003161362667090728 0.003234127404661713
0 0.3626314339195037 0.6058730656012474 0.02205681333545444 0.01638889183263199
0 0.44651608525623077 0.5837922236759482 0.026853401336727246 0.025927582939624473
0 0.6013853985916853 0.5735690302067029 0.025218176002545434 0.019623019237293704
0 0.5643944759309577 0.5285095013507624 0.00474204400063627 0.004851191106992658
0 0.6304365519175947 0.6292932405509891 0.014189769334818081 0.01142857332097762
0 0.5079802965865946 0.607822489918017 0.00474204400063627 0.00485119110699248
0 0.44430814791536755 0.6392064099736172 0.00474204400063627 0.004851191106992658
0 0.48326101257164067 0.7171602843830541 0.009465906667727352 0.00813988221398514
0 0.6398110045751405 0.6968354046161398 0.01733295066836362 0.01310020072563951
0 0.6230042178946867 0.7978522675928311 0.01580681333545435 0.016170637023308565
0 0.6671814792330046 0.7626613012580952 0.011028406667727354 0.008194445916316084
0 0.6846866052275958 0.8031325338348999 0.00948408800127254 0.009702382213985316
0 0.7603876812540037 0.6111657778444503 0.014189769334818081 0.01142857332097762
0 0.8565445185789585 0.6762674773889632 0.011064769334818435 0.011319445916316085