0 0.4973637439109201 0.19266459230723276 0.012663641233702094 0.009738712852981469
0 0.44471603084255096 0.2215541219324039 0.009538641233702095 0.009647784639736123
0 0.5041183043815014 0.22138898588074202 0.012663641233702094 0.009738712852981469
0 0.46916660592362885 0.2341306782797524 0.033248876623205345 0.025954746239076343
0 0.45940582223840887 0.2570824449727998 0.030096603084255234 0.02430131802583091
0 0.43437854869945847 0.2562473706787627 0.019022735389503432 0.016170569279472156
0 0.49184222118274856 0.32414191284034616 0.009484094155801337 0.006522784639736124
0 0.7224319277582959 0.1900240109535667 0.014226141233702094 0.009784176959604096
0 0.8848074224832901 0.04382129770487382 0.01587046185055314 0.014517141066226813
0 0.8961733908266648 0.15761101306513772 0.0269170560063543 0.021085389812585564
0 0.36621057020651865 0.6498358977966514 0.02055796185055305 0.014653533386094963
0 0.5996719066516822 0.5906725318032493 0.0316045560063543 0.021221782132453626
0 0.6640814598186628 0.38478859316516256 0.006304547077900758 0.0033068564264906895
0 0.5630701590873143 0.5088829742022595 0.009484094155801337 0.006522784639735946
0 0.367940665580136 0.6146114516367174 0.009484094155801337 0.006522784639736124
0 0.3819407102224047 0.700185238783736 0.004742047077900669 0.003261392319867973