0 0.46960910477031187 0.642542788332212 0.006359102773541636 0.005015048620519024
1 0.8365700135833679 0.1301634605401935 0.06638871941479181 0.03625176051544958
0 0.903558145042257 0.10168325644717904 0.007957970364721945 0.006659435775648736
0 0.6739596043890623 0.21047283751855791 0.020676175911805574 0.016689533016686832
2 0.7174927052627429 0.15044938433005464 0.2057070989738195 0.12158283016686777
1 0.6402937724170832 0.18180560493141248 0.016025043502986235 0.018006371551297518
1 0.6662204927818054 0.17420446687177157 0.012863675911805572 0.01628009724103805
2 0.5076215170987496 0.4509384644969224 0.03659211664125017 0.030008404567984214
1 0.3705338655038882 0.7421510419502567 0.1594126740119445 0.07702060266810484
2 0.33130771134357573 0.7512294708285004 0.07928876291777787 0.05409435775648763
0 0.5682479329425689 0.5616845347141675 0.0031977351823611498 0.0032887743102595125
2 0.31664002650114575 0.10747282677596574 0.0434603656913195 0.056898453188503284
2 0.8572799442448261 0.24612265321324722 0.017696646276527873 0.02277575870642732
2 0.8228516992788192 0.1831623077812315 0.015988675911805573 0.016443871551297517
1 0.7368686867422911 0.6589678912274597 0.07060474715020834 0.08329053482570892
0 0.44698595630958265 0.8099316841937692 0.012718205547083273 0.010030097241038049
2 0.6046030070307633 0.5753851865686184 0.022347778685347208 0.021458920171816588
2 0.6781645275479855 0.7338317723896954 0.028670513867708358 0.024911468792335613