0 0.787714768205824 0.5731308822213882 0.019814533016686654 0.02074891109416672
0 0.9109076860027914 0.3962572980652076 0.013646420171816586 0.022165940729444424
0 0.5330173021270219 0.5345821009705898 0.013318871551297563 0.01591594072944442
0 0.542195307554089 0.38923323337940924 0.009866322930778538 0.009593205547083362
0 0.5923380704443877 0.47467911768808974 0.013318871551297563 0.01591594072944442
0 0.6641101718692972 0.5643033557202425 0.035187227498762755 0.04607621941479163
0 0.3841161346687389 0.4873285073151038 0.006741322930778537 0.0095204703647223
0 0.4420747195853051 0.5874181198722913 0.008303822930778536 0.009556837955902786
0 0.34583712743264966 0.6817331239563538 0.006659435775648781 0.0079579703647223
0 0.08909688376422775 0.5183843644570485 0.03189845318850328 0.04287848423243048
0 0.1909935764372815 0.5394216034391317 0.016771420171816542 0.02223867591180557