0 0.9644788737625355 0.8020185693193671 0.01925914627652787 0.022967063140062294
0 0.9791031117946882 0.7245005140718128 0.0130818814588892 0.025728042093374804
0 0.973084275454306 0.46590676407181275 0.020894381458888844 0.026183068401734032
0 0.9450677250174657 0.43859310615107017 0.014462543502986236 0.01800654735504672
0 0.7786167217864245 0.950530205981661 0.026817073138263935 0.012484589448421702
0 0.7134437038346535 0.8393266664485349 0.020858013867708358 0.024620568401734034
0 0.6913283952296881 0.6286089743269253 0.030560322188333443 0.03922909997176518
0 0.5118772845723617 0.649230829419188 0.03205008700597212 0.03619510523343692
0 0.4682734081474659 0.6916682293768356 0.01609777868534721 0.02122255261671846
0 0.5783341666968407 0.4458713400131188 0.03194098423243066 0.03150760523343692
0 0.6011177032659726 0.45002051371887697 0.011337543502986236 0.017824536831702886
0 0.2763047669049312 0.745876129193309 0.025618249050069507 0.028018584186749608
0 0.2614960780753478 0.6810246739175196 0.014462543502986059 0.01800654735504672
0 0.24955912252826445 0.6723322133800587 0.017660278685347208 0.021313557878390198
0 0.335935646463959 0.8206339345114506 0.009702308320624997 0.014608531570031147
0 0.1824216014423615 0.44311442121609657 0.022529616641249993 0.029399073663405773
0 0.16793956772302115 0.35868621330947137 0.011337543502986148 0.017824536831702976
0 0.36356184545843784 0.39423105823132615 0.01773301386770836 0.024438557878390377
0 0.4446663750937157 0.38324878462439005 0.02569098423243048 0.031143584186749607
0 0.5006591891139238 0.23447808468085976 0.025727351823611144 0.032706084186749605
0 0.3840671818957292 0.031609960890396985 0.02732621941479172 0.034359589448421435
0 0.5924597098185772 0.8847063268589391 0.01922277868534721 0.021404563140062293
0 0.5321131301277087 0.4430872452324383 0.019295513867708357 0.024529563140062292
0 0.5376806376302439 0.850346008386618 0.009629573138263936 0.011483531570031147
0 0.8954982572181948 0.15750200084704602 0.019295513867708537 0.024529563140062206
0 0.8074689675149307 0.0390242876081618 0.028706881458888844 0.026638094710093284
0 0.7308876305089583 0.010663912184638791 0.019295513867708357 0.021327824369277583
0 0.2907380220358335 0.18959603711405162 0.009593205547083362 0.009921031570031102
0 0.049989654728993395 0.3999776131965319 0.011192073138263892 0.011574536831702887