1 0.48207630684353253 0.253080293747247 0.036667011862998145 0.057450401451278846
1 0.44852897779405965 0.27459319519852576 0.014664677870609388 0.05356150961864685
1 0.3706360825466951 0.37902028957089573 0.02467634783255317 0.06951389183263199
1 0.34144864825029514 0.29632684065935483 0.020150673916276673 0.035029764427970275
1 0.33443593878220523 0.48903269583149794 0.054143671939110224 0.026855165879248945
1 0.5747120647893789 0.6832737360353659 0.03354201186299797 0.05734127404661713
1 0.5982397480971958 0.7614706579050647 0.021331171939110403 0.025709328130301044
1 0.7463469842570314 0.6905802606301371 0.03647601087441501 0.05276290145127867
1 0.7221255756637939 0.7297618117185963 0.02085101087441501 0.05221726442797028
1 0.8225699501509117 0.5259696344066018 0.023275673916276673 0.03513889183263199
0 0.8298306463103099 0.6657588207042708 0.004942167984777512 0.006413691106992659
2 0.7991112510257642 0.37266358513224124 0.07732118676785796 0.09787699400955016
2 0.46353455387778303 0.2396452763240518 0.04553267589344294 0.045277783665263985
2 0.354440738174183 0.3271676128918734 0.02333934091247105 0.03670139183263199
2 0.3652601744477493 0.4198908262313846 0.0305443458553869 0.06035714664195542
2 0.24746517939066512 0.44747516760852957 0.15623936562705038 0.15836311542376222
2 0.42621089779318455 0.6868947877567971 0.023912343878220454 0.05076389183263199
2 0.5595128291238349 0.7518699686121707 0.06555601581733086 0.07718254809323426
2 0.7418159931542798 0.7329860154394605 0.03590300790866543 0.03870040145127866