0 0.234375 0.3640625 0.01328125 0.0078125
0 0.1296875 0.33671875 0.021875 0.01640625
0 0.19375 0.28203125 0.01171875 0.0078125
0 0.57578125 0.378125 0.01171875 0.00859375
0 0.68203125 0.38984375 0.0171875 0.0125
0 0.5609375 0.3578125 0.00703125 0.00859375
0 0.62109375 0.4109375 0.01328125 0.01015625
0 0.62578125 0.428125 0.01875 0.01484375
0 0.534375 0.36015625 0.0171875 0.01328125
0 0.49140625 0.3921875 0.02109375 0.01484375
0 0.5734375 0.325 0.0078125 0.00625
0 0.58671875 0.57734375 0.01484375 0.01015625
0 0.69296875 0.6875 0.01015625 0.0078125
0 0.62734375 0.74453125 0.01484375 0.01171875
0 0.57421875 0.7828125 0.01484375 0.01171875
0 0.5328125 0.809375 0.02421875 0.01875
0 0.5578125 0.75 0.01171875 0.01015625
0 0.59765625 0.6890625 0.00625 0.00390625
0 0.4765625 0.875 0.01015625 0.01015625
0 0.4875 0.86875 0.00859375 0.00859375
0 0.3875 0.83984375 0.0078125 0.0046875
0 0.165625 0.446875 0.01796875 0.0140625
0 0.646875 0.21953125 0.01484375 0.009375