0 0.46165966266598246 0.01821558075982546 0.01572499394987581 0.0174602353895034
0 0.4823387595661656 0.35845479707460537 0.011010222872636888 0.012690914772652384
0 0.5367990005891752 0.3984718709378673 0.007857951795398143 0.007948867694751626
0 0.5200018651487517 0.4653729987788887 0.004723861436318444 0.006331820616851047
0 0.528182003810629 0.5366167532431156 0.012627265027114731 0.022093188311602674
0 0.5210916664766115 0.546650272317839 0.0031613614363184437 0.00630454707790058
0 0.5093910971947707 0.5433207207757116 0.0031522710772389217 0.004742047077900579
0 0.4889422418085765 0.5664036647693571 0.011010222872636888 0.012690914772652384
0 0.4960507598607532 0.5532451456946337 0.0031613614363184437 0.00630454707790058
0 0.4890695068356911 0.5445286647693571 0.004723861436318444 0.006331820616851047
0 0.4734445068356911 0.5442559293798537 0.003143180718159222 0.0031795470779005797
0 0.48200644057891245 0.5498746838440806 0.0031613614363184437 0.00630454707790058
0 0.44410191959986944 0.6187513689092723 0.0031613614363184437 0.00630454707790058
0 0.3863303262157277 0.6107109979681098 0.006295451795398144 0.007921594155801338
0 0.39784402225558924 0.7804604362797125 0.004723861436318533 0.006331820616851047
0 0.43357646829545066 0.9506326144450454 0.009447722872636889 0.012663641233702094
0 0.23209578152716723 0.9330518279204517 0.01415340359079611 0.01587046185055314
0 0.4398598471947707 0.5421070482924214 0.01259999394987581 0.017405688311602673
0 0.47204108811958445 0.5168849058409034 0.01418067466803503 0.02055796185055314
0 0.6428399223303439 0.4362639715864904 0.006286361436318444 0.006359094155801337
0 0.6622217022863774 0.3279975040538945 0.006295451795398144 0.007921594155801338
0 0.8760427868899203 0.5075288656595662 0.007867042154477843 0.009511367694751627
0 0.6464972292173486 0.2105236318949159 0.014153403590796287 0.015870461850553054
0 0.8359182775201465 0.28649361687738223 0.007867042154477843 0.009511367694751716
0 0.638837702679161 0.5869906745085898 0.0031613614363184437 0.006304547077900758
0 0.6112207210259253 0.7677770243464339 0.004723861436318444 0.006331820616851047
2 0.03351894360397456 0.5506409281653329 0.04243293969514968 0.04292388555165907
2 0.727911376561629 0.04942821915085843 0.04235112646343318 0.02886138555165918