0 0.4765625 0.12109375 0.01328125 0.009375
0 0.33046875 0.134375 0.00859375 0.00703125
0 0.4078125 0.18046875 0.01171875 0.0078125
0 0.403125 0.2140625 0.01015625 0.00859375
0 0.24375 0.1828125 0.0078125 0.00625
0 0.321875 0.19140625 0.0078125 0.00625
0 0.2265625 0.0625 0.0140625 0.0125
0 0.43984375 0.50234375 0.01015625 0.00703125
0 0.390625 0.45625 0.01328125 0.00859375
0 0.48359375 0.43671875 0.00546875 0.00390625
0 0.42421875 0.80703125 0.01015625 0.00859375
0 0.58359375 0.8078125 0.01484375 0.01484375
0 0.409375 0.7890625 0.00859375 0.0078125
0 0.3140625 0.7390625 0.00859375 0.0078125
0 0.4171875 0.72578125 0.0109375 0.009375
0 0.2578125 0.75546875 0.015625 0.01484375
0 0.21328125 0.69921875 0.028125 0.01796875
0 0.26015625 0.67109375 0.00703125 0.00546875
0 0.45390625 0.621875 0.00703125 0.0078125
0 0.51484375 0.68203125 0.00859375 0.00859375
0 0.62578125 0.69921875 0.0234375 0.01640625
0 0.678125 0.6703125 0.02421875 0.0171875
0 0.5953125 0.628125 0.021875 0.01796875
0 0.553125 0.59921875 0.0296875 0.01640625
0 0.54140625 0.546875 0.00625 0.00546875
0 0.5421875 0.52421875 0.00625 0.00546875
0 0.53046875 0.45859375 0.00625 0.00546875
0 0.525 0.36875 0.028125 0.0234375
0 0.55546875 0.39140625 0.00546875 0.0046875
0 0.465625 0.3734375 0.0140625 0.0109375
0 0.41171875 0.365625 0.03046875 0.02578125
0 0.9046875 0.4203125 0.0109375 0.0078125
0 0.92421875 0.53125 0.0109375 0.00703125
0 0.8046875 0.5640625 0.01015625 0.00703125
0 0.76796875 0.55546875 0.009375 0.0078125
0 0.75078125 0.84765625 0.01796875 0.0125
0 0.7390625 0.78671875 0.01328125 0.009375
0 0.67890625 0.79765625 0.01328125 0.01015625
0 0.41875 0.58359375 0.0109375 0.009375
1 0.4125 0.6515625 0.06875 0.071875