0 0.6578125 0.68515625 0.015625 0.0125
0 0.77265625 0.6828125 0.0125 0.0109375
0 0.54609375 0.65703125 0.01796875 0.015625
0 0.5703125 0.70859375 0.01484375 0.0125
0 0.5734375 0.728125 0.0109375 0.0109375
0 0.51953125 0.7484375 0.015625 0.01484375
0 0.5203125 0.76640625 0.0203125 0.01875
0 0.51484375 0.7296875 0.00859375 0.0078125
0 0.34453125 0.271875 0.0125 0.009375
0 0.44921875 0.203125 0.0109375 0.009375
2 0.465625 0.1671875 0.01796875 0.0375
0 0.2140625 0.40703125 0.0125 0.009375
0 0.14375 0.390625 0.01328125 0.009375
0 0.1515625 0.60546875 0.01484375 0.01015625