2 0.3128968352240523 0.4845035483856422 0.035193206168510204 0.04847604135632881
2 0.30506101582501727 0.4380823126536658 0.008085235389503431 0.01598887303552914
0 0.45798719277253425 0.523266449542934 0.030096603084255234 0.024820217535011225
0 0.4239337467502938 0.450644432793711 0.006359094155801337 0.006541098428423453
0 0.6398490730491877 0.4325987158778723 0.03012387662320535 0.026382717535011223
0 0.6738479719935275 0.5020957326270953 0.0031795470779005797 0.0032705492142117267
0 0.5354127633893853 0.531556292594674 0.014280688311602674 0.013154971463952591
0 0.6442519752399385 0.550676627788531 0.017432961850553142 0.014863020678164317
0 0.5562667800284767 0.6082472251834972 0.02688978246740419 0.019987168320799498
0 0.5041957654179802 0.621434275845451 0.0031795470779005797 0.0032705492142117267
2 0.4832344289728166 0.6727591813459689 0.012772735389503432 0.016207196856846906