0 0.0546875 0.95 0.01015625 0.0078125
0 0.184375 0.790625 0.0109375 0.00703125
0 0.2125 0.69921875 0.01875 0.01328125
0 0.2453125 0.64609375 0.00703125 0.0046875
0 0.31328125 0.65859375 0.01796875 0.0109375
0 0.23671875 0.65625 0.01171875 0.009375
0 0.2890625 0.528125 0.0109375 0.01015625
0 0.240625 0.496875 0.00703125 0.00703125
0 0.359375 0.446875 0.0109375 0.009375
0 0.52734375 0.47734375 0.02109375 0.0125
0 0.47734375 0.4671875 0.00625 0.00390625
0 0.553125 0.2453125 0.0109375 0.009375
0 0.634375 0.884375 0.0125 0.01015625
0 0.55703125 0.92890625 0.01171875 0.009375
0 0.7171875 0.97265625 0.0109375 0.00703125
0 0.9640625 0.94296875 0.009375 0.009375
0 0.959375 0.9109375 0.0140625 0.01015625