2 0.44453125 0.56796875 0.04296875 0.040625
0 0.54765625 0.63984375 0.01796875 0.0125
0 0.59453125 0.58125 0.01484375 0.009375
0 0.54375 0.590625 0.0140625 0.009375
0 0.5421875 0.525 0.015625 0.0109375
0 0.54609375 0.4984375 0.00703125 0.00546875
0 0.47109375 0.47734375 0.0140625 0.01171875
0 0.51484375 0.45390625 0.0078125 0.0078125
0 0.61328125 0.51171875 0.00703125 0.00625
0 0.48125 0.4125 0.009375 0.00703125
0 0.54453125 0.43828125 0.02421875 0.015625
0 0.46953125 0.421875 0.0109375 0.00625
0 0.421875 0.35859375 0.009375 0.0078125
0 0.40625 0.34609375 0.0140625 0.0125
2 0.32109375 0.28359375 0.0671875 0.06875
0 0.509375 0.3828125 0.015625 0.01171875