2 0.13123311496824946 0.5897421130904084 0.2145805384608447 0.1513592261808167
2 0.5681208771693586 0.40506586553118373 0.3552397717116218 0.12268395988348058
2 0.5433157380037787 0.6095344051854849 0.0760573858558109 0.058386813011265914
2 0.8124081863083678 0.5744536776845199 0.061994885855811074 0.05797763605166182
2 0.897350188998964 0.21042593309479632 0.20529962200207202 0.19984219028743927
2 0.981757383993784 0.5899292281593735 0.036485232012432076 0.07521060015828454
0 0.31666538502724134 0.3665416084715548 0.009738873035529316 0.008085284639736123
0 0.4202806523956369 0.6480847766556703 0.00959332382131759 0.004960284639735945
0 0.7829347020241333 0.5111807878719343 0.045351041356328815 0.03564799498543501
0 0.7561088746881591 0.37074600448583955 0.009738873035529316 0.008085284639736123
0 0.6983113372607717 0.3191320287007343 0.013009422249740865 0.011301212852981468