1 0.459375 0.45546875 0.1140625 0.0390625
1 0.3296875 0.49765625 0.07734375 0.0359375
1 0.6109375 0.54296875 0.0359375 0.09140625
1 0.56015625 0.5046875 0.05078125 0.0125
1 0.32265625 0.21796875 0.08203125 0.04765625
1 0.33828125 0.28515625 0.07578125 0.0328125
1 0.94375 0.0671875 0.07578125 0.0390625
2 0.5203125 0.75625 0.25859375 0.34375
2 0.515625 0.471875 0.0734375 0.05546875
2 0.375 0.4796875 0.053125 0.04453125
2 0.290625 0.25703125 0.0703125 0.075
2 0.98828125 0.109375 0.0234375 0.0671875