0 0.53359375 0.7484375 0.01015625 0.00859375
0 0.5671875 0.7359375 0.0203125 0.015625
0 0.43984375 0.69921875 0.0125 0.00859375
0 0.465625 0.66875 0.0171875 0.01171875
0 0.50546875 0.63125 0.015625 0.0109375
0 0.59296875 0.62109375 0.0140625 0.01015625
0 0.41796875 0.58359375 0.01484375 0.01015625
0 0.3109375 0.65078125 0.0109375 0.00859375
0 0.38515625 0.57578125 0.01015625 0.009375
0 0.34609375 0.5859375 0.01796875 0.0140625
0 0.30625 0.5984375 0.01953125 0.0125
0 0.45390625 0.509375 0.0140625 0.01015625
0 0.3265625 0.53203125 0.01015625 0.0078125
0 0.27734375 0.50234375 0.0171875 0.01484375
0 0.4015625 0.459375 0.009375 0.00703125
0 0.36953125 0.3671875 0.0203125 0.0125
0 0.5484375 0.3234375 0.01328125 0.01015625