0 0.8071153799190405 0.15888966099033325 0.03280585594746519 0.030960839923887828
0 0.5450680020361649 0.35432813087572745 0.014799484396167805 0.014635502965749492
0 0.5831422913844297 0.16333837494422845 0.019732645861557076 0.019514003954332716
0 0.4740085515611951 0.32681989619876667 0.014881371551297562 0.01619800296574949
0 0.37476546811496697 0.40570358296662457 0.016607645861557073 0.01938666996194378
0 0.4205493588881414 0.3056107410655704 0.01159259724103805 0.012945668973360825
0 0.43633813319840087 0.30184907110362647 0.019978307326946342 0.024201503954332716
0 0.8626671805757244 0.5269273951730025 0.014963258706427496 0.017760502965749582
0 0.9335905122129302 0.497531713842352 0.016607645861557073 0.019386669961943957
0 0.9415933627333285 0.6125837108766025 0.013564533016686652 0.020821835969555023
0 0.9357461544564426 0.5754020458575745 0.019896420171816587 0.022639003954332538