1 0.25703125 0.35703125 0.06484375 0.02734375
1 0.253125 0.40078125 0.0609375 0.01875
2 0.30234375 0.8234375 0.2703125 0.353125
1 0.35625 0.88828125 0.02265625 0.02109375
2 0.68359375 0.4765625 0.05859375 0.0296875
2 0.75078125 0.3390625 0.08671875 0.05625
2 0.35234375 0.55078125 0.0625 0.0453125
1 0.1828125 0.55703125 0.05078125 0.0328125
2 0.23984375 0.5484375 0.0640625 0.034375
1 0.31640625 0.53359375 0.09296875 0.02421875
2 0.46328125 0.146875 0.06484375 0.05078125
2 0.42578125 0.0140625 0.09765625 0.028125
2 0.053125 0.071875 0.10625 0.14375
2 0.10859375 0.0515625 0.02421875 0.01171875
2 0.2171875 0.38125 0.0578125 0.0515625