0 0.668960787208643 0.20710830559602203 0.0308333377489479 0.03333069724005648
0 0.7981175191524758 0.3141140564068009 0.02296627404661713 0.03163182954530477
0 0.8280307084453696 0.35294077718580774 0.011319445916316085 0.011128414772652384
0 0.8327479794967619 0.28501293749423323 0.008194445916316084 0.011073867694751627
0 0.7925173382971021 0.18346802840362372 0.009866073320977619 0.01422614123370205
0 0.8476239897483812 0.15003396549741047 0.008139882213985317 0.009511367694751716
0 0.5654265594411616 0.21702700202529962 0.019623019237293704 0.0253272824674041
0 0.6124578160645836 0.16859918465485949 0.0308333377489479 0.03333069724005648
0 0.5422544103521355 0.410490629866321 0.01142857332097762 0.014253414772652384
0 0.6509845696079626 0.40847989082336966 0.022748019237293703 0.025381829545304768
0 0.48669143503172485 0.2555207118472578 0.016334328130301046 0.02058523538950343
0 0.4591616904740204 0.12605535429877582 0.009811509618646852 0.012663641233702005
0 0.5137003683341691 0.22081447523993836 0.00813988221398514 0.009511367694751627
0 0.4406819866683381 0.43138773660402413 0.011374009618646852 0.012690914772652384
0 0.3555058893007432 0.4752411022701809 0.008194445916315907 0.011073867694751627
0 0.3247543971052916 0.5051916550301245 0.009756945916315995 0.011101141233702094
0 0.38049845481717265 0.431118955354436 0.00485119110699257 0.004769320616851047
0 0.688442418789656 0.3207986586802772 0.00970238221398514 0.009538641233702095
0 0.5977752679713493 0.23088099634325676 0.01142857332097762 0.014253414772652384
0 0.5335614897483809 0.14455198416839213 0.008085318511654194 0.007948867694751716
0 0.7262375407520221 0.4473162942319363 0.019568455534962937 0.02376478246740401
0 0.9429067186969888 0.21970731168180668 0.005124009618646852 0.012581820616851046