1 0.49140625 0.5296875 0.03671875 0.03515625
1 0.48203125 0.54921875 0.05703125 0.01953125
1 0.590625 0.69140625 0.06015625 0.0234375
1 0.16953125 0.3859375 0.08203125 0.0328125
1 0.125 0.32578125 0.06484375 0.0265625
1 0.10546875 0.221875 0.04609375 0.0203125
1 0.2078125 0.16328125 0.04296875 0.0234375
2 0.12734375 0.51953125 0.078125 0.0546875
1 0.071875 0.34921875 0.025 0.021875
1 0.0359375 0.37578125 0.0265625 0.02109375
1 0.0203125 0.38203125 0.0234375 0.01640625
0 0.121875 0.2921875 0.0125 0.00859375
0 0.17109375 0.196875 0.0046875 0.003125
0 0.6875 0.53828125 0.01171875 0.00703125
2 0.05390625 0.315625 0.10703125 0.16328125
0 0.0125 0.23359375 0.00390625 0.00390625
0 0.0515625 0.2328125 0.00625 0.00390625
0 0.09765625 0.33984375 0.00546875 0.00390625
0 0.18125 0.39375 0.0046875 0.00390625
0 0.15703125 0.3875 0.00546875 0.00390625
2 0.43515625 0.08828125 0.01015625 0.009375
0 0.4453125 0.0765625 0.0578125 0.0453125