0 0.5374164283649009 0.052355302015230934 0.016070668973360826 0.011028403590796177
0 0.3786953443725121 0.05015297346181212 0.009757001977166358 0.009429542154477711
0 0.45920785672980174 0.10829220550783125 0.014508168973360824 0.011019313231716588
0 0.4512971976422728 0.14428424766230896 0.012945668973360825 0.011010222872636977
0 0.2819768532697607 0.09291316608382805 0.009693334980971979 0.00786704215447771
0 0.3655533572240934 0.1111813770526083 0.009693334980971979 0.00786704215447771
0 0.47109368037924837 0.4575245910464506 0.011319501977166269 0.009438632513557366
0 0.4219585020143475 0.4023285518188392 0.017633168973360824 0.011037493949875809
0 0.5222940830409867 0.39080472365820385 0.006441000988583134 0.004723861436318444
0 0.43355516558768165 0.7828200277165382 0.014508168973360824 0.01101931323171641
0 0.6046316695420144 0.8005791785768599 0.017887836958138337 0.01728749394987581
0 0.4194144111390575 0.7618035457687149 0.00975700197716627 0.009429542154477843
0 0.3198972307969902 0.6975233980316513 0.011383168973360735 0.011001132513557365
0 0.4315204803026987 0.6945296873574586 0.014508168973360824 0.01101931323171641
0 0.2578428997703509 0.708824512394836 0.019450336958138338 0.01729658430895533
0 0.2137944694282837 0.6442216569104459 0.03370383794672147 0.022065897540671918
0 0.2659326309872706 0.6196938347017389 0.006504667984777513 0.006286361436318444
0 0.47790870756528553 0.5864217506873711 0.008130834980972067 0.007857951795397966
0 0.5402123893902276 0.6579513170423456 0.011383168973360825 0.011001132513557365
0 0.6578919793141155 0.688524085290914 0.027390170950527093 0.02046703610435365
0 0.7162164738769079 0.6623974016458887 0.029016337946721472 0.022038626463433176
0 0.6304262125082014 0.6089774858566481 0.02745383794672147 0.022029536104353476
0 0.5867743715957305 0.5732854255517978 0.03370383794672147 0.022065897540671918
0 0.577387442736538 0.5155138321676561 0.006504667984777513 0.006286361436318444
0 0.5795574377936221 0.4920581514494969 0.006504667984777513 0.006286361436318444
0 0.5719412559686801 0.4202104225267357 0.006504667984777513 0.006286361436318444
0 0.5726814022046278 0.32330815144949687 0.035521005931499164 0.02832498789975162
0 0.6034830746380296 0.3504791846269841 0.006504667984777513 0.006286361436318444
0 0.5069609017103363 0.3213461965308408 0.017760502965749582 0.01416249394987581
0 0.45013789874458665 0.30761094945770706 0.03721083992388792 0.03145907825883114
0 0.9774418394667773 0.4186327243455749 0.012882001977166269 0.009447722872636889
0 0.9909697816718428 0.5396764773706371 0.012882001977166624 0.009447722872636889
0 0.859829869618564 0.5623196127128647 0.011319501977166625 0.009438632513557366
0 0.8217887001509118 0.5492565313307756 0.011383168973360825 0.011001132513557365
0 0.7821465158916929 0.8612798083599426 0.02088550296574958 0.01418067466803521
0 0.7739400850553342 0.7941241246167214 0.016070668973360826 0.011028403590796288
0 0.7092873360439172 0.7991888745185255 0.016134335969555026 0.012590903590796287
0 0.44328169817374546 0.542081398228043 0.014508168973360824 0.011019313231716588
1 0.4321478799986875 0.6140382114597596 0.0863141847906915 0.08641928903121965