2 0.2816847745932803 0.33472571779927107 0.1061237767345796 0.24931162860909728
2 0.36513255796715927 0.4960645677230211 0.04260565651766246 0.07285692496187508
2 0.40714331684595384 0.3931220588893059 0.03790906615858276 0.07118532218833336
2 0.3966017683467643 0.19050555195545174 0.020467036104353475 0.027035278685347254
2 0.3865818737329586 0.1668316626127781 0.01260908430895542 0.01904094072944442
2 0.4989888866187739 0.7226478643601393 0.12242042154477702 0.09658667211208342
2 0.46739851903413543 0.6461210787409379 0.014198855386194253 0.023764808320625087
2 0.4968638261175318 0.5507001291777781 0.057068132317165524 0.1419342332825
2 0.6184115731906656 0.6097868012898615 0.05345225292686617 0.05748649810013902
2 0.5669268621236896 0.460912236985313 0.11239195745273882 0.2525820989738195
2 0.42357020922026434 0.9271704037790629 0.04093407220870695 0.05407055737069442