0 0.5527197670222519 0.6366867660725422 0.02287521034569906 0.03462953866963616
0 0.6304379385715796 0.5430918547501326 0.008039820533113407 0.007903406667727176
0 0.6284004139609733 0.4462259454169052 0.02269335391920819 0.028379538669636162
0 0.5436245971887838 0.404628244072224 0.02935253087881229 0.04251476400381797
0 0.5310838301000248 0.2420373374044967 0.022784282132453627 0.031504538669636165
0 0.6680756455520663 0.7629867314210415 0.0064318564264908675 0.006322725334181811
0 0.5529423905375014 0.8053822220719058 0.008130748746358663 0.011028406667727354
0 0.5255385237526764 0.266183362070315 0.008221676959604097 0.014153406667727176
1 0.6566761781467384 0.4785753687539505 0.024346782132453625 0.0315227200031817
2 0.5466393192794722 0.02510437607413295 0.04015363855894431 0.03795453333863612
0 0.5340379631821859 0.6388123400699968 0.008221676959604097 0.014153406667727176