0 0.34271325653860396 0.25937057609762915 0.021349210344286274 0.030633569892376134
0 0.29252228358044596 0.2671681135250166 0.00970238221398514 0.00981164764263518
0 0.2274553003706689 0.4105949358985921 0.014608137023308565 0.016279971463952592
0 0.2402330972827768 0.26804356286306286 0.011374009618646852 0.013009422249741043
0 0.138670564165667 0.5184674019858614 0.014771828130301135 0.020967471463952593
0 0.03060758222183435 0.4189832863939301 0.00970238221398514 0.00981164764263518
0 0.04988835027800169 0.3135680403228716 0.009756945916315995 0.011374147642635179
0 0.42577869456555356 0.5386342369748307 0.0065228185116541935 0.008103598428423453
0 0.645476124872773 0.45664356658711647 0.01142857332097762 0.014571922249741043
0 0.632822324332468 0.6849868904084341 0.012936509618646851 0.013082196856846907
0 0.39466261462115393 0.6032618172062889 0.006522818511654283 0.008103598428423453
0 0.13853173194383267 0.09806501075336697 0.013154764427970278 0.01933219685684686