1 0.47265625 0.590625 0.05546875 0.046875
1 0.0515625 0.59375 0.10234375 0.04765625
2 0.0234375 0.5953125 0.046875 0.03828125
0 0.19453125 0.24765625 0.0109375 0.00625
0 0.23046875 0.26484375 0.0390625 0.0421875
0 0.4046875 0.54375 0.01171875 0.009375
2 0.4609375 0.60546875 0.0328125 0.0375
1 0.48828125 0.68046875 0.1265625 0.04453125
2 0.49296875 0.6828125 0.0375 0.025
1 0.8109375 0.6375 0.0515625 0.06640625
1 0.7796875 0.6859375 0.034375 0.01171875
1 0.771875 0.721875 0.05625 0.0140625
0 0.67109375 0.1859375 0.0171875 0.0140625
0 0.78359375 0.11015625 0.00859375 0.00625
0 0.52265625 0.18125 0.00546875 0.00390625
2 0.82890625 0.45546875 0.0359375 0.0265625