2 0.3650736072388539 0.32578125 0.09589568787965294 0.0921875
1 0.1497161384896523 0.5828125 0.0748922036472223 0.0625
0 0.38478081630131894 0.6203125 0.00952047036472221 0.00625
0 0.2599282462971871 0.51328125 0.00952047036472221 0.00625
2 0.6530249360767011 0.47421875 0.06682513050895836 0.0515625
0 0.3910976725902423 0.91953125 0.00952047036472221 0.00625
0 0.3823805552834022 0.7234375 0.006395470364722211 0.00625
0 0.2307654635277773 0.625 0.006359102773541636 0.0046875
0 0.2915035949866661 0.6 0.006359102773541636 0.0046875
0 0.35249695279420096 0.53046875 0.0063954703647222996 0.00625
1 0.37204508016902726 0.596875 0.04091594072944442 0.0125
0 0.42036117249333305 0.3 0.006359102773541636 0.0046875
0 0.3849880233670137 0.2421875 0.004796602773541636 0.0046875
2 0.4191428581887845 0.35234375 0.036337543502986236 0.0171875
2 0.29773998366374965 0.365625 0.019113675911805572 0.015625