1 0.2511807521115711 0.1876482434412793 0.0727963054894186 0.1426655348257091
1 0.5175235029695009 0.3651369148562912 0.2695803772761732 0.14985831637205785
2 0.7611310989711504 0.43658694821166233 0.1009213054894186 0.14413950361804453
2 0.666289960412206 0.4691737189038772 0.13659804420664762 0.24429663387576941
1 0.2031544967678017 0.7625730003386842 0.05394335391920828 0.03090916327441153
0 0.08036448376917098 0.3304897614199607 0.008039820533113407 0.008221935775648781
0 0.18550192781753397 0.15916803934826484 0.006477320533113407 0.008140048620519025
2 0.28105612021654425 0.12896596223361484 0.0197956744523216 0.03692014586155699
2 0.26678067154932783 0.10865678425988219 0.03417642319868044 0.04859463025772479
0 0.2922627416867298 0.2547438902073475 0.008039820533113407 0.008221935775648781
0 0.3265779057142102 0.2854926011977669 0.01612510517284953 0.018006371551297563
0 0.3172807767221773 0.09408967322403425 0.008039820533113407 0.008221935775648758
0 0.4039480509370721 0.15418504748886525 0.008176212852981379 0.012909435775648782
0 0.5399788276592494 0.23877581071784829 0.00969324874635884 0.011428822930778538
0 0.5350807275009648 0.29954953640758875 0.012909176959604095 0.01471759724103805
0 0.5865522992877195 0.3053768125268706 0.008085284639735946 0.00978443577564878
0 0.6021509040648576 0.4415566519659925 0.004869356426490867 0.006495661465389269
0 0.6240593448145152 0.5491168464480685 0.004823892319868151 0.004933161465389269
0 0.46121864482715047 0.04138515434084168 0.008130748746358663 0.01134693577564876
0 0.2300041532734347 0.7272053883983252 0.006477320533113407 0.008140048620519025
2 0.37124057020390905 0.6328899016273082 0.03399456677218975 0.042344630257724704
2 0.3532143327403213 0.7414869736535756 0.019341033386094785 0.021295145861557074
2 0.2090671791376822 0.6400395810713789 0.02912521034569897 0.03584896879233561
2 0.45917614238637505 0.4880521144267499 0.016079641066226814 0.016443871551297562
2 0.4975530176174843 0.6481165111928181 0.027380853919208192 0.029517081637205678
2 0.9810333881632329 0.1664326577317437 0.032659387305303156 0.050075243102595035
0 0.8357125279758186 0.13221370872711188 0.009693248746359018 0.011428822930778538