1 0.41195315856076586 0.7259598763083533 0.05039088544042354 0.06893353847458741
1 0.38131623691779293 0.6959896341129017 0.028470433645025394 0.06035714664195542
1 0.3219816226528041 0.5665997452754945 0.0395170179539809 0.07948909255827133
1 0.2740122761454044 0.6453770205032381 0.02836134933607006 0.04160714664195542
1 0.3072055294650541 0.44345242195451695 0.061155668617910844 0.039627984390903495
1 0.5985249001729507 0.3044370842903869 0.04881929508134384 0.06731647477225655
1 0.6394902677575891 0.23010177240215463 0.026735216822512696 0.03061508293962456
1 0.7791709121750031 0.3412079419096008 0.050363614363184796 0.0642460384745874
1 0.7624964965821543 0.2945412730351268 0.03159543364502539 0.06046627404661713
1 0.8240208456236369 0.5317982255748648 0.031495439695149584 0.04327877404661713
0 0.8606799874087724 0.38857650443080527 0.0062954517953983215 0.008030754809323425
2 0.7671082911725191 0.684466868588623 0.10068177693097127 0.12067957694917482
2 0.3893605410743232 0.736106202624556 0.056577252926866176 0.05821429328391083
2 0.2941520593228917 0.6163988486335391 0.033057939695149675 0.043333337748947896
2 0.3256333425985748 0.5229861545313217 0.044140885440423536 0.06871528366526398
2 0.2073464300307882 0.4641790950053421 0.19489538524403188 0.20364089908902622
2 0.4444050267345796 0.2623438096107976 0.03470225292686617 0.057450401451278846
2 0.5973118581166688 0.2301910524392215 0.08335792154477702 0.0966418762235354
2 0.7828089965821544 0.2952506011654279 0.042460210772388506 0.04834821996293304