0 0.453125 0.834375 0.0203125 0.01484375
0 0.3546875 0.853125 0.025 0.01875
0 0.3765625 0.78671875 0.0265625 0.01875
0 0.25390625 0.6234375 0.01328125 0.009375
0 0.3359375 0.55625 0.02265625 0.015625
0 0.346875 0.4296875 0.0125 0.00859375
0 0.45 0.4796875 0.01484375 0.0109375
0 0.62421875 0.56015625 0.01875 0.0109375
0 0.5890625 0.6421875 0.01640625 0.01328125
0 0.58984375 0.70390625 0.02421875 0.0171875
0 0.5265625 0.63828125 0.009375 0.00625
0 0.48828125 0.62109375 0.00859375 0.00625
0 0.3078125 0.68671875 0.02421875 0.01796875
0 0.21953125 0.44921875 0.02265625 0.02578125
0 0.009375 0.39609375 0.009375 0.00703125
0 0.015625 0.24921875 0.01796875 0.01640625
0 0.5671875 0.5234375 0.021875 0.0171875