2 0.46589675079142284 0.3233100963868595 0.21902541396097347 0.4474665434976597
2 0.7416168501582845 0.09108382269804435 0.06959709765100222 0.08555018083635883
0 0.30556493685571995 0.8739282258168932 0.008085284639736123 0.009693334980972069
0 0.32953964594777774 0.9201638972617119 0.006477320533113407 0.008067167984777513
0 0.3237215549606932 0.9347529792769343 0.00643185642649069 0.006504667984777513
0 0.5412868588672662 0.4738631947137043 0.0032159282132454337 0.0032523339923887563
0 0.5816928985215671 0.4411753701128557 0.0032159282132454337 0.0032523339923887563
0 0.5093441885715796 0.5560562707974277 0.0033068564264906895 0.006377333992388756
0 0.5022818463308539 0.5815191858164558 0.0033068564264908673 0.006377333992388756
0 0.44815663598515487 0.5449795079458465 0.0033068564264908673 0.006377333992388756
0 0.5762278116911178 0.5751683681356894 0.009647784639736123 0.00975700197716627
0 0.5693018617702601 0.6053187831547173 0.0033068564264906895 0.006377333992388756
0 0.5196572144358271 0.6423121057783996 0.00643185642649069 0.006504667984777513
0 0.5139755157686106 0.6615886877936221 0.00643185642649069 0.006504667984777513
0 0.6426196898252209 0.5505622989720482 0.006477320533113407 0.008067167984777513
0 0.6482930283050229 0.5578163834587285 0.0033068564264906895 0.006377333992388756
0 0.6504609335570147 0.6055044669568257 0.0033068564264906895 0.006377333992388756
0 0.7988302373970806 0.6092090815952929 0.008039820533113407 0.008130834980972067
0 0.7597988296378064 0.5818679901885304 0.00643185642649069 0.006504667984777513
0 0.5774396560434146 0.3754548696185641 0.0033068564264908673 0.006377333992388756
0 0.522198226576528 0.38100719125366317 0.0064318564264908675 0.006504667984777513
0 0.5062573263391011 0.2890597717860109 0.008085284639736123 0.009693334980971979
0 0.5477401326864496 0.26656003068325945 0.0032159282132454337 0.0032523339923887563
0 0.5499474903665815 0.261968031177551 0.0032159282132454337 0.0032523339923887563
0 0.5286658722616083 0.20101594372512116 0.008085284639736123 0.009693334980971979
0 0.621818827197031 0.13068088049297905 0.004914820533113406 0.008003500988583179
0 0.6794350989046434 0.09947464285026872 0.011346676959604096 0.014508168973360758
0 0.6945265529821361 0.18904647881982384 0.008085284639735946 0.009693334980971979
0 0.7505037683424001 0.18196349068282194 0.006522784639736124 0.009629667984777556
0 0.7007143685006846 0.240799979808407 0.008039820533113407 0.008130834980971979
0 0.6622826351272251 0.7167921354358949 0.011255748746358662 0.011383168973360825
0 0.7217485633404704 0.7223364812912818 0.008039820533113407 0.008130834980972067
0 0.4489020967265652 0.7315072569572634 0.00973871285298138 0.012882001977166269
0 0.5252145441401405 0.7260331897707883 0.004869356426490867 0.006441000988583312
0 0.46704434296564157 0.7650200939154016 0.00643185642649069 0.006504667984777513
0 0.5068115366182931 0.7908305188202613 0.008039820533113407 0.008130834980972067
0 0.538365413498755 0.7757294422422464 0.00643185642649069 0.006504667984777513
0 0.5103397018994148 0.7511777698088445 0.0032613923198681503 0.004814833992388756
0 0.3576489594212622 0.6794089046760858 0.0033068564264906895 0.006377333992388756
0 0.35367686177026003 0.5965327376798915 0.009738712852981469 0.012882001977166269
0 0.39923706584775287 0.6873460800752371 0.008085284639736123 0.009693334980972069
0 0.6893452403000746 0.7350619743711995 0.00643185642649069 0.006504667984777513
0 0.7534401472014189 0.9265119867284891 0.006522784639736124 0.009629667984777513
0 0.08684236592689516 0.7050495973382617 0.011346676959604141 0.014508168973360824