0 0.5724723258768828 0.5811433773471959 0.006522784639735946 0.009411361436318443
0 0.5367417628656167 0.5079013200674076 0.006522784639735946 0.009411361436318443
0 0.5452840370805115 0.4523734827333902 0.00643185642649069 0.006286361436318444
0 0.5730453242275301 0.439709856269957 0.00486935642649069 0.006277271077238922
0 0.6231231952354972 0.630075781036188 0.029261602665567033 0.039226126463433174
0 0.7620192445232167 0.35500253728270387 0.008176212852981379 0.012545451795398056
0 0.8241304511079921 0.4218400584581386 0.0064318564264908675 0.006286361436318444
0 0.8365107791629527 0.36394574522642203 0.022556961599340043 0.023564765027114642
0 0.8490478830821611 0.39200256753332485 0.004869356426490867 0.006277271077238922
0 0.8438746497752085 0.40219063379010356 0.014380748746359018 0.011019313231716588
0 0.2379609335570147 0.5784012141902342 0.014835389812585564 0.026644313231716586
0 0.24057380502720022 0.4533648527539157 0.019522889812585563 0.02667158430895533
0 0.3509048659268951 0.7004211390546609 0.016170569279472247 0.018840903590796286
0 0.8827887340983753 0.2894451940949539 0.009647784639736302 0.009429542154477666
0 0.9382300550272002 0.4493060074248663 0.006522784639736301 0.009411361436318443
0 0.9275305842566599 0.35013270922026435 0.0064318564264908675 0.006286361436318444
0 0.9857211689755383 0.3896446611138583 0.016216033386094963 0.02040340359079611
0 0.8423466243731795 0.0030461693052818766 0.01906824874635902 0.006092338610563753
0 0.847807014185765 0.027104275378847197 0.006522784639736301 0.009411361436318466