0 0.5268350038274306 0.513382620344063 0.01130121285298138 0.012754573138263937
0 0.6176609291376822 0.6429266096104866 0.017960389812585475 0.026962543502986058
0 0.7128179679340534 0.5161478636945492 0.006522784639735946 0.0095204703647223
0 0.6832237446562306 0.5928551808488894 0.004960284639735945 0.009484102773541636
0 0.8767764825155296 0.33546417419937574 0.006522784639736301 0.00952047036472221
0 0.8294491899582347 0.4305214478507299 0.016261497492717325 0.02223867591180557
0 0.5042396236482636 0.7794433782278476 0.009693248746358662 0.011155705547083273
0 0.4654355364221027 0.796521122243924 0.014517141066226813 0.015952308320624907
0 0.4557362759972615 0.8611830342880212 0.011392141066226814 0.015879573138263936
0 0.4822305798373274 0.8641450333380906 0.014517141066226813 0.015952308320625264
0 0.5486595618906388 0.8649094059632644 0.00973871285298138 0.012718205547083273
0 0.6454125414366677 0.8444897628208686 0.014653533386094963 0.020639808320624908
0 0.7062029404204533 0.7434916136945493 0.01143760517284953 0.017442073138263937
0 0.7443310777257564 0.6959087520872924 0.014517141066226813 0.015952308320624907
0 0.826064462523777 0.6274509992375007 0.014562605172849529 0.01751480832062491
0 0.722832847784016 0.8705268923798964 0.011392141066226814 0.015879573138263936
0 0.7137821082088573 0.8054285692416325 0.006522784639736124 0.0095204703647223
0 0.7663675506078678 0.7714724497505909 0.006522784639736124 0.0095204703647223
0 0.814813410795282 0.7991805288727785 0.009829641066226812 0.01584320554708345
0 0.7981908297708206 0.4032134122315284 0.008221676959604097 0.014244337955902787
0 0.7799432834526019 0.4661128025241326 0.014835389812585476 0.026889808320625087
0 0.7700945735026143 0.3478349279990979 0.014517141066226813 0.015952308320625087
0 0.7674145397208081 0.5205457293858687 0.014608069279472247 0.01907730832062491
0 0.807477250066507 0.4870799191653827 0.0064773205331135845 0.0079579703647223
0 0.654527060966202 0.23569599106937558 0.00973871285298138 0.012718205547083273
0 0.38077600923770705 0.4013157653863198 0.019477425705962937 0.025436411094166722
0 0.32796559481451526 0.5236076862641322 0.014562605172849529 0.01751480832062491
0 0.39553587655125744 0.6463561616628476 0.017778533386094787 0.02071254350298606
0 0.37928508775488623 0.774971470933403 0.014608069279472159 0.01907730832062491
0 0.3083708456724451 0.6865434441479169 0.01286371285298138 0.012790940729444422
0 0.2830586086045688 0.6429564450978476 0.012954641066226813 0.0159159407294446
0 0.3360785893377319 0.16417813487736138 0.019477425705962937 0.025436411094166677
0 0.44864678549766596 0.1644528514423615 0.01782399749271768 0.022275043502986147
0 0.11239207059962042 0.4630838410900349 0.014562605172849529 0.01751480832062491
0 0.01815267412311726 0.5851932708015626 0.009693248746358768 0.011155705547083273
0 0.5192628815658223 0.6930155689572921 0.006613712852981379 0.0126454703647223
0 0.7866382496707957 0.6390418094579868 0.006522784639735946 0.0095204703647223
0 0.5257451799291051 0.33589339997934076 0.00973871285298138 0.012718205547083273
0 0.5877320175509773 0.16690831705743103 0.00973871285298138 0.012718205547083361
0 0.7472193631569153 0.38170078172257005 0.004869356426490867 0.006359102773541636
0 0.7095889825155297 0.33157284194305614 0.00643185642649069 0.0063954703647222996
0 0.9153472375300946 0.38014154777447995 0.004960284639736301 0.009484102773541636
0 0.8782898552393565 0.47152896076850775 0.006522784639735946 0.0095204703647223
0 0.8932018013992906 0.469530702884723 0.0031704641066227167 0.00163523518236115