1 0.69453125 0.28828125 0.0953125 0.05859375
1 0.42109375 0.45390625 0.2875 0.0890625
1 0.57265625 0.5140625 0.37109375 0.259375
1 0.35546875 0.59140625 0.13515625 0.04609375
1 0.63203125 0.51328125 0.0328125 0.06171875
1 0.67578125 0.5265625 0.0609375 0.0375
1 0.46953125 0.7015625 0.04140625 0.1203125
1 0.2890625 0.71953125 0.07734375 0.05703125
2 0.19921875 0.77890625 0.303125 0.14609375
2 0.453125 0.69921875 0.08203125 0.090625
0 0.35234375 0.54453125 0.01015625 0.0078125
0 0.28203125 0.48671875 0.0078125 0.00703125
0 0.17578125 0.4453125 0.0125 0.0078125
0 0.6 0.39140625 0.00546875 0.0046875
0 0.5078125 0.43125 0.00546875 0.00390625
0 0.15703125 0.5796875 0.0078125 0.00625
0 0.30234375 0.590625 0.00859375 0.00546875