0 0.37421875 0.2703125 0.01796875 0.01875
0 0.42109375 0.73984375 0.03203125 0.02265625
2 0.17578125 0.1859375 0.1703125 0.21171875
0 0.45859375 0.48046875 0.02265625 0.02265625
0 0.6296875 0.24765625 0.015625 0.01484375
0 0.16171875 0.45625 0.021875 0.01953125
0 0.46640625 0.55 0.015625 0.0125
0 0.4390625 0.928125 0.01875 0.0171875
0 0.5296875 0.94296875 0.01328125 0.01015625
0 0.20859375 0.69921875 0.01875 0.01484375
0 0.53046875 0.6703125 0.01015625 0.0140625
0 0.228125 0.77265625 0.01171875 0.0109375
0 0.70078125 0.50234375 0.01484375 0.0140625
0 0.72265625 0.58671875 0.0140625 0.01875