2 0.2687516420273624 0.19381086982083287 0.3145555853755435 0.31998485721791353
2 0.41311235872849716 0.4436026181714802 0.09834768801718105 0.12938127461060614
2 0.2553554974140418 0.5873024570469937 0.47216809070654364 0.3073892319868044
0 0.07764866808558697 0.6284228652019793 0.012663632001909009 0.014426212852981379
0 0.1463173994270866 0.6866014265638928 0.00946590666772722 0.008085284639735946
0 0.6783021014083147 0.5327941841522471 0.017351132001909166 0.014562605172849529
0 0.6168100707351787 0.48691103431053173 0.012754538669636162 0.02223871285298138
0 0.29038283605186127 0.3737113184880494 0.01424431333545444 0.016034176959604095
0 0.650975438056952 0.40073184191152134 0.025254538669636162 0.022602425705962936
0 0.7333703147278609 0.42959497631383065 0.014226132001909165 0.014471676959604097
2 0.7200447060789055 0.5604956353267461 0.10083634134309047 0.07478470282385175
2 0.4816698126989076 0.2235652513201482 0.02699885200509069 0.038272889812585656