0 0.58602348058564 0.5692570366033272 0.006322725334181811 0.006541098428423453
0 0.7446386959739103 0.15740123780340015 0.015861357336090797 0.021040246071058588
0 0.7522410159532293 0.309308340160765 0.007903406667727353 0.008176373035529316
0 0.7132421506206384 0.3056589553384114 0.00793976933481808 0.011301373035529316
0 0.5628052512730937 0.41729643031702085 0.00948408800127254 0.00981164764263518
0 0.613250146602503 0.4438375055860805 0.006340906667727175 0.008103598428423453
0 0.554398573878142 0.8713482295312325 0.011101132001909163 0.01457192224974122
0 0.5517088311983244 0.9682960041383385 0.00793976933481808 0.011301373035529139
0 0.6558338045433239 0.8775553800693519 0.00793976933481808 0.011301373035529139
0 0.7627832385423694 0.8796015694826007 0.00793976933481808 0.011301373035529139
0 0.764328104551278 0.8139401821790475 0.00793976933481808 0.011301373035529139
0 0.7933434425525506 0.8032188519475894 0.009520450668363623 0.01293664764263518
2 0.8619389012174145 0.8132980192349315 0.1283260893539083 0.15745724317557475
2 0.9542178552275958 0.734040704719239 0.03829997867599957 0.07049659057054072
0 0.7882699699634108 0.2326709115008832 0.009538632001908987 0.01449914764263518
0 0.7717006353039559 0.18034643217904767 0.014298857336090797 0.020967471463952725
0 0.7344375399825008 0.09462941005314117 0.006359088001272717 0.00966609842842343
0 0.6876085406588185 0.025755285569869814 0.017460220003181703 0.02423802067816443
0 0.6694392486473645 0.11093080624803427 0.006377269334818081 0.011228598428423452
0 0.6281971779917276 0.03164572063989239 0.015843176002545433 0.019477746071058566
0 0.5548051313255913 0.031159877173867694 0.012699994668999893 0.017769696856846862
0 0.5213519059118676 0.6245845454946672 0.007903406667727176 0.008176373035529316
0 0.5334524639163221 0.5912262359413734 0.012645450668363622 0.013082196856846907
0 0.47012521324000434 0.6652309702256076 0.011046588001272718 0.009884422249741042
0 0.44347180657227714 0.6742806385464072 0.00474204400063627 0.00490582382131759
0 0.4338791779121859 0.6263161734925953 0.011064769334818082 0.011446922249740865
0 0.42175189524986745 0.5948671203494421 0.007903406667727176 0.008176373035529316
0 0.385796213916322 0.5981034363128769 0.006322725334181811 0.006541098428423453
0 0.384824607256549 0.5473949609199827 0.020567038669636162 0.022821069892376044
0 0.4285933359325485 0.47664365922457164 0.006340906667727353 0.008103598428423453
0 0.33050872990932234 0.6522130475615819 0.020567038669636162 0.022821069892376044
0 0.3156195265754588 0.6568106563290875 0.006340906667727175 0.008103598428423453
0 0.31832690324636764 0.6254514944184287 0.007921588001272717 0.009738873035529316
0 0.2865229199156857 0.6074121238640988 0.007903406667727176 0.00817637303552914
0 0.32680302192077637 0.5680563713828994 0.006340906667727175 0.008103598428423453
0 0.2872501732575035 0.5449121238640988 0.006322725334181811 0.006541098428423453
0 0.2697899532543218 0.5691501445422633 0.00474204400063627 0.00490582382131759
0 0.2510763159214127 0.5668984398275335 0.011046588001272627 0.009884422249741042
0 0.22070756325591265 0.5597237946660977 0.011064769334818082 0.011446922249740865
0 0.23502460192554891 0.537193823202145 0.011028406667727175 0.008321922249741043
0 0.19334617926482134 0.4954087375940032 0.014207950668363578 0.013154971463952591
0 0.278321163271821 0.4399164088102869 0.00793976933481808 0.011301373035529316
0 0.30509274860759367 0.4207104904894873 0.012645450668363622 0.013082196856846907
0 0.33693254726291233 0.5027759737402644 0.012663632001908986 0.014644696856846906
0 0.3272666459261852 0.5282126213828995 0.007885225334181812 0.006613873035529317
0 0.24113933660886627 0.41431924938082754 0.011064769334818082 0.011446922249740865
0 0.26838363661682046 0.35448833106002786 0.01894999466899989 0.01806079528527027
0 0.28238995058882177 0.5599741976854163 0.00474204400063627 0.00490582382131759
0 0.2640393925843674 0.5936236056671337 0.0047602253341818114 0.006468323821317412
0 0.47481052387018774 0.9336170971900783 0.012663632001908986 0.014644696856846906
0 0.438900295870506 0.9329471631535131 0.011101132001908987 0.01457192224974122
0 0.4612389198759148 0.8920845686540311 0.009520450668363623 0.01293664764263518
0 0.4368292658736877 0.9096188250641719 0.01268181333545435 0.016207196856846906
0 0.21620461330363772 0.20856155500517995 0.011101132001908987 0.014571922249741043
0 0.09285747262891084 0.27364936166298975 0.014262494668999893 0.01784247146395277
0 0.18426372262891083 0.26939204714729714 0.007903406667727219 0.008176373035529316
0 0.20952735196531974 0.2455714034336034 0.017478401336727067 0.025800520678164407
0 0.6196717745862764 0.5630048825505511 0.017387494668999894 0.017988020678164317
0 0.86134964990455 0.6626259311455904 0.01266363200190881 0.014644696856846906
0 0.895161028564641 0.7094623897892615 0.00792158800127254 0.009738873035529316
0 0.9018110179026408 0.6747962913608381 0.00793976933481808 0.011301373035529139
0 0.8752025172263231 0.7470908223780847 0.007903406667727353 0.008176373035529316
0 0.8099411438972322 0.7188973558765307 0.01266363200190881 0.014644696856846906
0 0.827528633235232 0.6837218351983663 0.006340906667727353 0.008103598428423453
0 0.7931263612349136 0.6876666265546951 0.012663632001908986 0.014644696856846906
0 0.7913825952419133 0.636213288465354 0.006340906667727175 0.008103598428423453
0 0.8745859939131403 0.5987624842887435 0.007903406667727353 0.008176373035529316
0 0.792663831914413 0.593208151161801 0.004796588001272717 0.00959332382131759
0 0.8560376306095027 0.38099494148467256 0.00793976933481808 0.011301373035529316
0 0.8697819572724572 0.40768372002071984 0.01584317600254508 0.019477746071058632