1 0.44921875 0.41355097823539005 0.0671875 0.059765885440423536
1 0.02421875 0.3626409005657341 0.03125 0.056431807181592394
0 0.09921875 0.7591709878015557 0.0125 0.007885222872636887
0 0.14140625 0.7461351774967054 0.0484375 0.051844301131468026
0 0.36796875 0.45682827956325 0.0140625 0.01101931323171641
2 0.4375 0.39551405054229294 0.0421875 0.04555793969514976
1 0.4765625 0.3152725595192834 0.1453125 0.06490790339440444
2 0.48203125 0.3129606257760621 0.04375 0.033067030054229285
1 0.83046875 0.40248777585081685 0.065625 0.08163179508134384
1 0.8015625 0.3445071042078439 0.0390625 0.01585225897699045
1 0.796875 0.3038548331306051 0.0640625 0.022247704722264318
0 0.621875 0.8879929629136878 0.0203125 0.01730567466803521
0 0.73828125 0.9847639446651193 0.009375 0.007867042154477843
0 0.45703125 0.8745339300307882 0.00625 0.004723861436318444
2 0.8296875 0.607170730671277 0.04375 0.034629530054229286