0 0.5397816855798789 0.47509012282613233 0.014608137023308565 0.016279971463952592
0 0.6387028244172861 0.4210083984666955 0.021240082939624472 0.027508569892376045
0 0.6486556885751038 0.5169394826270952 0.01627976442797028 0.019477746071058632
0 0.2486135377567972 0.40988238399378407 0.006468254809323426 0.006541098428423453
0 0.2474503418404812 0.42078349669023113 0.006468254809323426 0.006541098428423453
0 0.29302822586856486 0.3704774356891951 0.006468254809323426 0.006541098428423453
0 0.32941461525412613 0.5161559627775004 0.006522818511654283 0.008103598428423453
0 0.37276531117044215 0.5072197644729114 0.012881945916315996 0.011519696856846905
0 0.31368546624991805 0.38395989288512417 0.012936509618646851 0.013082196856846907
0 0.16410707378431386 0.5217594917278323 0.006468254809323426 0.006541098428423453
0 0.17126729855657039 0.47357670285270287 0.006468254809323426 0.006541098428423453
0 0.04873258884525631 0.37474959698068133 0.009756945916315995 0.011374147642635179
0 0.10527771080762242 0.5033690566578098 0.00970238221398514 0.00981164764263518
0 0.5768674462948342 0.8696427975570726 0.00970238221398514 0.00981164764263518
0 0.6293079108154715 0.9589450461093307 0.006468254809323426 0.006541098428423453
0 0.6041243723408842 0.9966589460282773 0.021294646641955416 0.0066821079434454585
0 0.8486481878573138 0.9746386284077035 0.009811509618646852 0.01293664764263518
0 0.8301710063689679 0.9659528331224333 0.021076391832631814 0.022821069892376044
0 0.7155604132625424 0.7970679383752822 0.006468254809323426 0.006541098428423453