0 0.47265625 0.41083823004491615 0.0203125 0.016334328130301046
0 0.503125 0.4613367378494644 0.025 0.019623019237293704
0 0.51796875 0.5686308826773213 0.021875 0.01951389183263199
0 0.4921875 0.6421874337657804 0.028125 0.024419646641955416
0 0.49453125 0.7131993382122841 0.0375 0.03255952885594056
0 0.534375 0.6797767138028473 0.0125 0.009811509618646852
0 0.46875 0.6672246393007433 0.0109375 0.011319445916316085
0 0.48828125 0.7634175930216076 0.0375 0.029434528855940556
0 0.4734375 0.8092484481937507 0.0171875 0.013100200725639156
0 0.475 0.7912251344914198 0.0140625 0.01455357332097762
0 0.3953125 0.8424453833102934 0.025 0.021185519237293705