0 0.5928553705457487 0.48269321140807514 0.012727320533113406 0.008321835969555024
0 0.7971995412371466 0.5431983354009015 0.043096782132453625 0.03296900889724856
0 0.6866197424116456 0.5062487751345088 0.011164820533113406 0.008258168973360824
0 0.8121713233696003 0.5738753324351519 0.011164820533113583 0.008258168973360824
0 0.555183188967291 0.666475303803421 0.008039820533113407 0.008130834980972067
0 0.35054951326132816 0.649783846806789 0.01929556927947216 0.019514003954332716
0 0.25565455040834667 0.6411357000765496 0.012818248746358752 0.011446835969555025
0 0.16468020942126216 0.6597039693539216 0.011255748746358752 0.011383168973360825
0 0.3388284147523962 0.7308255997725385 0.02237510517284953 0.018078837946721472
0 0.21381404288649933 0.7085433759699926 0.014426212852981379 0.013073002965749581
0 0.0632062891255756 0.7475315746008486 0.02085806927947218 0.019577670950527093