0 0.1844133097626909 0.5322828457806544 0.00668664764263518 0.009484094155801337
2 0.23559051199622125 0.5899356586868677 0.055599336641599176 0.05405230032431163
2 0.32484129487549473 0.7686998125024715 0.09571922249741008 0.11095686525911966
1 0.26948816894448135 0.6666248437520595 0.09194355913900916 0.16397277110331848
1 0.7650724966947403 0.6689029951353266 0.16934512117350256 0.21684440097293473
0 0.7654942975615819 0.32464448052483 0.013082196856846907 0.012718188311602674
1 0.9208494617485524 0.6763318912402927 0.09636988585581108 0.05788641233702041
2 0.9142334346602471 0.7178199618571437 0.10632708271265798 0.07055005357072233
2 0.852857132964836 0.7618251063372565 0.05512845574818712 0.07746252678536134
0 0.7917955084815647 0.7152734346647454 0.011519696856846905 0.012690914772652384
0 0.4423477801931863 0.6089645280064725 0.006613873035529317 0.007921594155801338