0 0.40703125 0.49140625 0.01328125 0.0125
0 0.30859375 0.5421875 0.0078125 0.00625
0 0.37890625 0.5421875 0.01015625 0.009375
0 0.3609375 0.5640625 0.0046875 0.003125
0 0.46171875 0.58203125 0.0109375 0.00703125
0 0.41171875 0.596875 0.00546875 0.00390625
0 0.3953125 0.6140625 0.00859375 0.0046875
0 0.465625 0.6515625 0.01875 0.0171875
0 0.69453125 0.63984375 0.01484375 0.01328125
0 0.2140625 0.84609375 0.00859375 0.0078125
0 0.39140625 0.7734375 0.00703125 0.00546875
0 0.41640625 0.69609375 0.00703125 0.00703125
0 0.3875 0.71875 0.00703125 0.00546875
0 0.23125 0.553125 0.01015625 0.00625
0 0.03359375 0.36015625 0.0125 0.009375
0 0.31796875 0.64140625 0.0046875 0.003125