0 0.19461861014217297 0.41387132615306743 0.021768584186749606 0.026183068401734032
0 0.1908650076101591 0.30932033404557524 0.02507559471009326 0.02949007892507769
0 0.25628488125944754 0.34972479714328514 0.025257605233437008 0.03261507892507769
0 0.4455833287133162 0.27121120222143036 0.01341005261671846 0.016353042093374803
0 0.5020979101986427 0.37260637322576545 0.021950594710093262 0.029308068401734035
0 0.631716791740439 0.4190858020520212 0.01331904735504672 0.014790542093374803
0 0.5637851100715858 0.5093398047534443 0.016626057878390377 0.01809755261671846
0 0.45284615202378625 0.6632698996047118 0.015245568401734032 0.02113154735504672
0 0.3739707231269434 0.6057311444136271 0.018370568401734032 0.021313557878390198
0 0.3091346784027327 0.5887186786850813 0.02507559471009326 0.02949007892507769
0 0.38664575739839757 0.5426241996611816 0.008449536831702974 0.011392526308359407
0 0.41033388637994506 0.5081882864787671 0.008449536831702886 0.01139252630835923
0 0.3721682155167843 0.30742244703034566 0.02507559471009326 0.02949007892507769
0 0.631657336605824 0.2843845783603804 0.03445059471009326 0.030036110495108837
0 0.7197811499576477 0.08630266510737872 0.008449536831702886 0.01139252630835923
0 0.8720107788686079 0.13332042022787624 0.021586573663405773 0.023058068401734032
0 0.4991072310194511 0.6153553153473752 0.024984589448421347 0.027927578925077867