1 0.43984375 0.51484375 0.24296875 0.2359375
1 0.49609375 0.51484375 0.03984375 0.0484375
1 0.54921875 0.52109375 0.06484375 0.04140625
1 0.659375 0.48359375 0.0390625 0.01953125
1 0.296875 0.48125 0.2484375 0.05390625
1 0.284375 0.59296875 0.10859375 0.02890625
1 0.40703125 0.67578125 0.06015625 0.10234375
1 0.25703125 0.69296875 0.04375 0.04375
2 0.2140625 0.74921875 0.2453125 0.13125
1 0.471875 0.3328125 0.09765625 0.040625
0 0.52734375 0.44609375 0.00546875 0.00390625
0 0.5296875 0.43515625 0.00390625 0.00390625
0 0.42734375 0.4234375 0.0046875 0.003125
0 0.36328125 0.4625 0.003125 0.003125
0 0.10390625 0.496875 0.009375 0.00625
0 0.27109375 0.559375 0.00703125 0.0046875
1 0.84140625 0.1671875 0.24609375 0.1984375