0 0.7349095718280765 0.9174178365690955 0.01899546185055314 0.014280676002545433
0 0.7306975844099781 0.8104138585694136 0.011073867694751627 0.00793976933481808
0 0.7921123713416092 0.8370485365611412 0.009484094155801337 0.006359088001272539
0 0.9023038031603899 0.7482485712126419 0.01271818831160303 0.012645450668363622
0 0.8156299176087309 0.7070610445576413 0.028479556006354302 0.02063976400381797
0 0.7809509545403619 0.7348138745624139 0.02373750892845372 0.017460220003181703
0 0.7069816205308302 0.7051996472390497 0.03952615016215581 0.027017033338636053
0 0.692428196829724 0.6772382792409588 0.009538641233702095 0.009484088001272716
0 0.79756966436232 0.6572610392266413 0.03640115016215582 0.026980670671545325
0 0.7512674086802772 0.6906189792330046 0.006331820616851047 0.0047602253341818114
0 0.9298736497518234 0.6713497165420511 0.01587046185055314 0.01424431333545435
0 0.9598963404990581 0.6006735898711423 0.02376478246740419 0.019022720003181705
0 0.7811576858726754 0.567590011895323 0.025409103084255237 0.023728401336727066
0 0.27243547645775434 0.4766148546308198 0.015843188311602675 0.01268181333545435
0 0.44450534537032205 0.4410120672740481 0.015815914772652383 0.01111931333545435
0 0.7204541907439393 0.4026377212365045 0.015843188311602675 0.01268181333545435
0 0.8898957118472577 0.4850582278803691 0.02220228246740419 0.01900453866963616
0 0.3780247775928448 0.6613614772835932 0.03640115016215582 0.026980670671545325
2 0.7360550604639907 0.9830428365690954 0.028425008928453722 0.017514764003817972