2 0.5355137098315894 0.713253901914615 0.048786110495108836 0.034449411069925696
2 0.5837614940324565 0.7217459589935239 0.01608002630835923 0.008358137023308565
0 0.501731702080256 0.5633456711519086 0.02507559471009326 0.028943455534962935
0 0.5750550809912163 0.5991442726958548 0.006614021046687313 0.006468254809323426
0 0.6026663285721419 0.3742881164352525 0.025257605233436918 0.03206845553496276
0 0.5325134522920175 0.33916163748664474 0.0033070105233436566 0.003234127404661713
0 0.49626368110415575 0.4829042030030742 0.011665542093374625 0.012881945916316084
0 0.4810720496329467 0.3699230533658938 0.01341005261671846 0.01606150961864685
0 0.418336102179078 0.46214032441728603 0.021768584186749606 0.025709328130301044
0 0.4011177810759209 0.5159746525475872 0.0033980157850155733 0.004796627404661713
2 0.347567846846819 0.5374156321291672 0.016353042093374803 0.013045637023308387