0 0.7452185322555918 0.5137735492847565 0.013082196856846907 0.012572722872636888
0 0.7278833289886041 0.4771457028755526 0.01293664764263518 0.009447722872636889
0 0.7033178225784633 0.45306330826174684 0.008103598428423453 0.006295451795397966
0 0.6573481970617345 0.4056615883159761 0.019477746071058632 0.015734084308955332
0 0.7091974873846063 0.34440592574818957 0.016279971463952592 0.01415340359079611
0 0.6240219667064417 0.3277093051384889 0.01293664764263518 0.009447722872636889
0 0.591061763439454 0.29117236232008126 0.006541098428423453 0.006286361436318444
0 0.5154667580627705 0.36272517545360194 0.016134422249740866 0.011028403590796109
0 0.5730630882942289 0.3913041725267357 0.008103598428423453 0.006295451795398055
0 0.5803447413135476 0.3295263351927182 0.006541098428423453 0.006286361436318444
0 0.5665711856891951 0.30225530806535517 0.006541098428423453 0.006286361436318444
0 0.3742253279551468 0.3838648981298472 0.017696922249741044 0.011037493949875809
0 0.3015134199734294 0.3663143046475096 0.01449914764263518 0.009456813231716588
0 0.6043387053339023 0.22388941354974526 0.009666098428423453 0.006304542154477666
0 0.6041910020669146 0.18716157319066565 0.009957196856846906 0.01255454215447771
0 0.7384655721641785 0.6036809317983137 0.009666098428423453 0.006304542154477666
0 0.6854176548768363 0.67275818472518 0.009666098428423453 0.0063045421544778435
0 0.5170293738595897 0.6479496031466991 0.009666098428423453 0.006304542154477666
0 0.5549703296077766 0.7243121152469475 0.011374147642635179 0.009438632513557366
0 0.44888299544737686 0.7116444644848217 0.016207196856846906 0.012590903590796287
0 0.33955719127076633 0.6294455637226959 0.012863873035529317 0.007885222872636887
0 0.3466911410230974 0.5309398860295987 0.008103598428423453 0.006295451795397966
0 0.3176200711307212 0.5107910124930319 0.009666098428423453 0.0063045421544778435
0 0.36231398697032147 0.4972461420797229 0.01940497146395277 0.014171584308955331
0 0.3051586124870501 0.5452478257247485 0.01449914764263518 0.00945681323171641
0 0.40201649586166155 0.5610950186413519 0.006395549214211727 0.0031613614363184437
0 0.3192703083104397 0.46233078659533283 0.008103598428423453 0.006295451795398144
0 0.3376242402800903 0.23560011495235988 0.011228598428423452 0.0063136325135573655
0 0.2832128761359012 0.2921819130587659 0.009666098428423453 0.006304542154477666
0 0.2397539745643246 0.29868644311299525 0.014426373035529317 0.007894313231716587
0 0.2806657648871962 0.23749441305876595 0.017696922249741044 0.011037493949875809
0 0.27108955769126714 0.21645066003370386 0.019332196856846905 0.01260908430895542
0 0.2199145095105127 0.30896086778103027 0.01449914764263518 0.009456813231716588
0 0.18957634615211186 0.3622767653217022 0.01933219685684686 0.01260908430895542
0 0.607403970840271 0.7091592930382404 0.009666098428423453 0.0063045421544778435