0 0.48156863792723464 0.6946655218628057 0.009738873035529139 0.007867042154477666
0 0.4286063037668349 0.7082512988919729 0.021040246071058633 0.015743174668035032
0 0.4077501482663169 0.6865035639190876 0.009738873035529316 0.007867042154477666
0 0.40202453308867037 0.7255887898167867 0.01940497146395259 0.014171584308955331
0 0.41112555128563544 0.7481859524827692 0.01784247146395259 0.01416249394987581
0 0.3056161058765307 0.8167501210024841 0.009738873035529316 0.007867042154477843
0 0.22792559946638993 0.8414142985973854 0.02743579528527027 0.018904536104353654
0 0.4439957475233099 0.9815251724285398 0.01784247146395259 0.01416249394987581
0 0.3715963627009563 0.9428944644848217 0.008176373035529316 0.007857951795397966
0 0.4235805477709789 0.8832331181738138 0.011446922249740865 0.011001132513557365
0 0.3519859917323416 0.7602455909482548 0.006541098428423453 0.006286361436318444
0 0.37584948490791603 0.6335785518188392 0.040736315963434674 0.03616475897699054
0 0.3002094760165759 0.6980637535160413 0.004833049214211726 0.0031522710772389217
0 0.28518594355158716 0.6684717022863774 0.00646832382131759 0.004723861436318444
0 0.5280883811028091 0.5678666725267357 0.009738873035529316 0.007867042154477666
0 0.41340514288963337 0.6153961783804682 0.009738873035529316 0.007867042154477843
0 0.47525663358400844 0.5283410850945224 0.01784247146395259 0.01416249394987581
0 0.5083795026905964 0.5047172327333902 0.03866439371369381 0.02521816861791084
0 0.3513460986378204 0.5392154734618122 0.00646832382131759 0.004723861436318444
0 0.30198610752916055 0.47545750049097935 0.009738873035529316 0.007867042154477666
0 0.28167360752916054 0.4755756751590144 0.006541098428423453 0.006286361436318444
0 0.36416077584996015 0.44854047648687423 0.006541098428423453 0.006286361436318444
0 0.41199680831494884 0.47794163017586627 0.006541098428423453 0.006286361436318444
0 0.4935571774215367 0.454035976683266 0.02743579528527036 0.018904536104353654
0 0.36140180293826535 0.4071614975641131 0.00646832382131759 0.004723861436318444
0 0.3156184220448532 0.38399670833650157 0.006541098428423453 0.006286361436318444
0 0.34881191170577097 0.3923950156162898 0.0032705492142117267 0.003143180718159222
0 0.3083710022763116 0.3551404553114395 0.017696922249741044 0.011037493949875809
0 0.33827682609762916 0.3502802384889268 0.004833049214211726 0.0031522710772389217
0 0.36155166025802893 0.3368671782822723 0.00646832382131759 0.004723861436318444
0 0.3884587626153938 0.34608309699837897 0.00646832382131759 0.004723861436318444
0 0.45520961497275864 0.35506721155795545 0.017696922249741044 0.011037493949875809
0 0.8112647541383385 0.5584088175333249 0.00817637303552914 0.007857951795397966
0 0.7869004549241267 0.561674718099059 0.016207196856846906 0.01259090359079611
0 0.701087079407398 0.6098173023098186 0.004833049214211726 0.0031522710772389217
2 0.17614716129148628 0.24265915691044587 0.06773546360606986 0.04569429508134393
0 0.05207396050569796 0.24025684045727544 0.009738873035529293 0.007867042154477666
0 0.04815059388030947 0.22387786153451433 0.017696922249741 0.011037493949875809
0 0.8359244598865253 0.48172359768575 0.00817637303552914 0.007857951795397966
0 0.8412647772977021 0.5012184862494315 0.01457192224974122 0.01101931323171641
0 0.9358152979758666 0.48348556470465454 0.014644696856846906 0.012581813231716588
0 0.8124868440897064 0.7669389350197676 0.00817637303552914 0.007857951795397966
0 0.8157381226257538 0.7809787091220686 0.006541098428423453 0.006286361436318444
0 0.7813995099293066 0.78039744702182 0.019259422249741042 0.011046584308955332
0 0.7087497220876344 0.6800661697962612 0.009738873035529316 0.007867042154477666
0 0.7860720473566941 0.7303838114832006 0.006541098428423453 0.006286361436318444
0 0.8223949609199828 0.38651563681516565 0.017769696856846907 0.01259999394987581