0 0.4017708973597456 0.4690583226487412 0.035084328130301226 0.020912517856907443
0 0.5013195187739575 0.5439298632338201 0.006468254809323426 0.006359094155801337
0 0.5981126732204612 0.5398951538188991 0.02732639183263199 0.022338650162155815
0 0.6326389514434296 0.45408433888409083 0.043115082939624474 0.027298885551659068
0 0.7938939099736173 0.4379802776027306 0.03195932813030122 0.020857970779006862
0 0.28315236133222893 0.5868242954563428 0.006413691106992569 0.004796594155801337
0 0.233048179210911 0.47278511485537783 0.009647818511654282 0.007976141233702095
0 0.7694841870154594 0.4329342674564609 0.012772818511654193 0.008030688311602674
1 0.5670635698624167 0.568579261367381 0.030451391832631992 0.022393197240056395
2 0.9960565775821468 0.44681198661391 0.007886844835706341 0.03790910308425506
0 0.39718260108060993 0.44959525649611704 0.012772818511654193 0.008030688311602674