0 0.2656571940173994 0.3440773699351574 0.021021828130301047 0.021258569892376223
0 0.742333766705405 0.43029292825010623 0.030997028855940557 0.03888271753501123
2 0.21146823493905753 0.13132696691583873 0.24771828130301127 0.21433228949430205
0 0.467924043747247 0.44853362179718415 0.029107146641955416 0.02943494292790554
0 0.2010490238769811 0.6083796184874153 0.01778770072563942 0.017988020678164317
0 0.4928174386599219 0.1377224003332315 0.024255955534962938 0.02452911910658786
0 0.5391988430216076 0.4623734898703148 0.014662700725639511 0.01784247146395259
0 0.9330480467424719 0.4635291515760859 0.021021828130301047 0.021258569892376046
0 0.9335986290491242 0.5594409650583211 0.013045637023308387 0.016207196856846906
0 0.7345932216922136 0.20523942432116482 0.017896828130301044 0.021113020678164406
0 0.6527677805004031 0.5382017816409285 0.017569445916316085 0.011738020678164318
0 0.806966729496762 0.23228776778718951 0.01455357332097762 0.014717471463952681
0 0.45127222396964833 0.7020224948327135 0.017787700725639333 0.017988020678164497
0 0.5352553543695349 0.7316500287454442 0.02091270072563951 0.018133569892376043