0 0.5176544080601336 0.46385152475176045 0.00793976933481808 0.011255834980972068
0 0.4590862880330894 0.2623407628887623 0.03012385200509069 0.03870967292769345
0 0.4962873907144978 0.37239885380123333 0.007921588001272717 0.009693334980971979
0 0.42922606536440766 0.24628733996106886 0.00792158800127254 0.00969333498097189
0 0.33991121606458796 0.48940598718559974 0.007903406667727176 0.008130834980972067
0 0.3555014954248594 0.6883846566532521 0.015824994668999892 0.017824169961943782
0 0.3643866941040407 0.7808904916342241 0.011064769334818082 0.011383168973360825
0 0.34589178011613103 0.8691571541817942 0.011064769334818082 0.011383168973360825
0 0.2774855834261321 0.6945763068435326 0.0174238573360908 0.021012836958138336
0 0.2984440681094495 0.8180283942959624 0.012663632001908986 0.014571835969555025
0 0.2610633414624032 0.9609679693911026 0.015824994668999892 0.017824169961943782