0 0.6859951379480993 0.6082709080569438 0.018170145861557074 0.019150043502986235
0 0.698235109115284 0.7320532469627772 0.014799484396167628 0.014389808320624909
0 0.6397519810052658 0.49308297236149257 0.019896420171816587 0.022311411094166546
0 0.6997887222988386 0.5088521363054508 0.018088258706427142 0.017587543502986237
0 0.7209234158764033 0.5075799238245132 0.014799484396167628 0.014389808320624909
0 0.7358767085040286 0.4455884168906591 0.019814533016686654 0.020748911094166544
0 0.7555307892367231 0.44279007200090215 0.0247476944820761 0.02554551386770836
0 0.7149057892367232 0.44373562937159666 0.011510710085908116 0.011192073138263935
0 0.19263904285476782 0.3591346913950345 0.011674484396167806 0.014317073138263936
0 0.13049648971169303 0.48776949088194427 0.013236984396167762 0.0143534407294446
2 0.09407098880718189 0.5128065116835068 0.04514208163720579 0.027580792553055566
0 0.32323502487608635 0.1898917692829511 0.013318871551297563 0.015915940729444467
0 0.294970584012055 0.11876230490215253 0.014963258706427318 0.017514808320625
0 0.5303249078473447 0.07973160002065927 0.014963258706427318 0.017514808320625