1 0.64765625 0.4859375 0.0421875 0.053125
1 0.853125 0.43671875 0.06484375 0.0484375
1 0.321875 0.43984375 0.0390625 0.0421875
1 0.309375 0.3890625 0.03515625 0.03515625
1 0.4125 0.36171875 0.028125 0.01015625
0 0.32890625 0.3625 0.0046875 0.00390625
0 0.28125 0.3984375 0.0109375 0.00625
0 0.3484375 0.43203125 0.0046875 0.00390625
0 0.3390625 0.428125 0.00390625 0.003125
0 0.1796875 0.45234375 0.00625 0.00390625
1 0.28828125 0.70859375 0.04296875 0.0578125
2 0.3171875 0.709375 0.05234375 0.02109375
2 0.35546875 0.39375 0.11171875 0.0578125