0 0.5695936017336831 0.657756689984884 0.006613873035529317 0.008176521046687313
0 0.5731273624870501 0.514977655784017 0.006613873035529317 0.008176521046687313
0 0.16263285649119405 0.36341151066451804 0.008249147642635134 0.00983002630835923
2 0.12336699524248904 0.31086263431380645 0.04684076674922304 0.03545165258848364
2 0.08408401736839555 0.2747655105939309 0.05581766046291672 0.06090667889684287
0 0.10009216108208926 0.29890096060804827 0.008249147642635134 0.00983002630835923
2 0.07744441149637402 0.1490297632247668 0.05501713978475231 0.04371917889684287
0 0.45594417059260195 0.5891725609327493 0.008176373035529316 0.00826752630835923
2 0.5686668025194714 0.6546771926157199 0.03285104135632881 0.03619510523343692
2 0.2944243579389362 0.30011630816073903 0.048767139784752264 0.043355157850155465
1 0.279854589741971 0.32368261077745747 0.026018844499481997 0.023331084186749607
2 0.7719993560769092 0.4791102322900202 0.0958647717116218 0.11777830517696727