0 0.45234375 0.52265625 0.0109375 0.0140625
0 0.68515625 0.5921875 0.015625 0.0140625
0 0.703125 0.68828125 0.01953125 0.01640625
0 0.81328125 0.67265625 0.01953125 0.01796875
0 0.83828125 0.63046875 0.01328125 0.0125
0 0.8640625 0.58046875 0.021875 0.0171875
0 0.8703125 0.51875 0.015625 0.01640625
0 0.9109375 0.40078125 0.02265625 0.0125
0 0.8625 0.4171875 0.01640625 0.0140625
0 0.96484375 0.221875 0.01875 0.0140625
0 0.94609375 0.2765625 0.021875 0.021875
2 0.54765625 0.41484375 0.7390625 0.334375