0 0.4895605417000343 0.537526569435451 0.016025043502986235 0.01755117591180557
0 0.4095807945498259 0.6190324489944788 0.024092116641249994 0.028670513867708358
0 0.374898629655937 0.5323870873872218 0.017696646276527783 0.022275043502986237
0 0.7800043569545134 0.5049991312714577 0.007994337955902786 0.007994337955902786
0 0.7786964300927773 0.4940979988626382 0.007994337955902786 0.007994337955902786
0 0.7491712778323258 0.5549088655038883 0.007994337955902786 0.007994337955902608
0 0.6762994351267705 0.43167269367614525 0.008030705547083272 0.009556837955902786
0 0.638308472645833 0.4536392658644786 0.014389808320624909 0.014389808320624909
0 0.7258792481970481 0.5492043793715966 0.014389808320624909 0.014389808320624909
0 0.8306791170224997 0.37420241974045065 0.007994337955902608 0.007994337955902786
0 0.8366375230826734 0.4201325155801382 0.007994337955902608 0.007994337955902786
0 0.9790964735957634 0.472255447191527 0.0112284407294446 0.012754573138263937
0 0.8916529846136803 0.37122158368440894 0.011192073138263935 0.011192073138263935
0 0.34950577146715267 0.18082524059760388 0.011192073138263935 0.011192073138263892
0 0.28108569262930555 0.03406064979190949 0.007994337955902786 0.007994337955902786
0 0.27686901168350686 0.11458395117868032 0.007994337955902786 0.007994337955902786
0 0.28671744357923606 0.06047767942718726 0.024092116641249994 0.028670513867708358
0 0.06554899876572902 0.1694753921924652 0.012827308320624998 0.014353440729444422
0 0.08500751358336792 0.17214579730270824 0.022384146276527784 0.022384146276527784
0 0.23758504008451364 0.2927459719802429 0.007994337955902786 0.007994337955902786