0 0.603125 0.42578125 0.0078125 0.00625
0 0.53359375 0.4515625 0.00859375 0.00703125
0 0.4828125 0.43828125 0.00703125 0.00546875
0 0.47265625 0.41171875 0.00625 0.0046875
0 0.65234375 0.38203125 0.034375 0.02265625
0 0.40859375 0.22890625 0.0109375 0.00625
0 0.4734375 0.17734375 0.00625 0.0046875
0 0.421875 0.16015625 0.02109375 0.01875
0 0.44765625 0.15234375 0.00546875 0.0046875
0 0.45703125 0.1578125 0.009375 0.01328125
0 0.57734375 0.73359375 0.02265625 0.0125
0 0.4625 0.71953125 0.02421875 0.01640625
0 0.69765625 0.640625 0.015625 0.01328125
0 0.35546875 0.1109375 0.009375 0.0078125
0 0.50703125 0.075 0.0078125 0.00625
0 0.41484375 0.075 0.00625 0.00546875
0 0.45546875 0.025 0.0171875 0.01328125
0 0.07890625 0.12109375 0.02265625 0.015625
0 0.1109375 0.11875 0.0078125 0.00625