1 0.5273749980032297 0.6786106367361332 0.06617051386770836 0.024201116008908664
1 0.6389671146444798 0.7080265114178598 0.06773301386770836 0.024219297342454028
1 0.5388742360353824 0.6022026780712695 0.058321646276527875 0.02254770934118149
1 0.544832642095556 0.5561907440722239 0.06148301386770836 0.024146572008272214
1 0.505769488885174 0.5221515514003606 0.00476023518236115 0.0031795440006362695
1 0.4043329690335421 0.45926919605345207 0.05548758700597212 0.03501134667409058
1 0.4207587092498962 0.5274106687221338 0.04916485182361115 0.03181362133990877
1 0.5319429438635765 0.13662313140513307 0.05548758700597212 0.03501134667409058
1 0.8907497798227091 0.8210826841183583 0.030233013867708537 0.023782945337363515
2 0.7206054003605904 0.12163557276413188 0.05763196846486114 0.06002952800763599
2 0.6612531566288544 0.3568185474219959 0.03364895459715278 0.03631930800445442
2 0.6942150462558685 0.564958311425814 0.5084048328250004 0.5682634827339059
0 0.548286256836945 0.6374589254057694 0.0063954703647222996 0.006322725334181811
0 0.4664504561157642 0.4100055400620426 0.0063954703647222996 0.006322725334181811
0 0.6401418760436461 0.3893765087523597 0.006359102773541636 0.0047602253341818114
0 0.5957366061920142 0.3271577720798599 0.009556837955902786 0.007921588001272717
0 0.5542939886008336 0.3251134667409057 0.0031977351823609724 0.0031613626670909055
0 0.5581982789696877 0.22440494207508746 0.0079579703647223 0.006340906667727264
2 0.207282663181459 0.7850124413589988 0.15861519984750014 0.17054995202099904
0 0.8294141959508687 0.9039400901097677 0.012754573138263937 0.011082950668363623
0 0.7007618658787507 0.8797929707590413 0.012681837955902785 0.007957950668363623