0 0.573816186286303 0.5839358730786053 0.009511367694751627 0.008194501977166268
0 0.4944696055231823 0.5611576062726913 0.009511367694751627 0.008194501977166268
0 0.4409764127473528 0.580086678402082 0.006359094155801337 0.006504667984777513
0 0.433399691968346 0.6110501769192072 0.006331820616851047 0.004942167984777512
0 0.6324820742735943 0.6269802189339921 0.0411431972400564 0.031342841901054186
0 0.38369219805742594 0.8162032505314727 0.012636367694751715 0.008321835969555024
0 0.46099899188891574 0.8662616003411923 0.006359094155801337 0.006504667984777513
0 0.40586147849623516 0.8898145054743886 0.02384660308425506 0.02439250494291585
0 0.43623477110990894 0.8965247619001792 0.006359094155801337 0.006504667984777513
0 0.44495125203518543 0.8898436803792482 0.011210235389503432 0.016070668973360826
0 0.5108754500827255 0.24832202524605201 0.02686250892845372 0.018269838935304605
0 0.3861248660731939 0.2737292490485979 0.028506829545304768 0.023021005931498983
0 0.652357792209932 0.33930380539783883 0.019022735389503432 0.016389003954332716
0 0.33991315016874635 0.9504535751323212 0.011128414772652384 0.011383168973360825
0 0.5091171177013423 0.9761114442194128 0.009511367694751627 0.008194501977166268
0 0.40891256615921473 0.9837555064629717 0.006359094155801337 0.006504667984777513
0 0.04261541031501608 0.9625755958553869 0.014389782467404078 0.01932300296574958
0 0.07153529708449126 0.9629721852849832 0.009511367694751693 0.008194501977166268