2 0.4479441589535493 0.47308451302516935 0.1971033007386847 0.3169093258882322
1 0.49154468890958275 0.5836795647205804 0.020403403590796287 0.016571069892376045
1 0.5109521773003136 0.2948182719165095 0.020539758976990542 0.04000856989237613
0 0.4502464814568439 0.33182381223938107 0.011001132513557365 0.011446922249741042
0 0.4625646742752515 0.3011560090962279 0.007867042154477843 0.009738873035529316
0 0.47722207191411936 0.2698161178637336 0.004714771077238921 0.00490582382131759
0 0.49713966217500316 0.3371320504525568 0.007867042154477666 0.009738873035529316
0 0.5278811229473916 0.385426155291121 0.004723861436318444 0.00646832382131759
0 0.5160038125443455 0.4918752084342741 0.003143180718159222 0.0032705492142117267
0 0.4152720386384363 0.36143638357949925 0.006286361436318444 0.006541098428423453
0 0.40670555971567507 0.3657236232404171 0.0031522710772389217 0.004833049214211726
0 0.39571806274073723 0.3566204509906761 0.003152271077238833 0.004833049214211726