0 0.17734375 0.3109375 0.015625 0.01328125
0 0.55390625 0.4953125 0.0109375 0.0078125
0 0.675 0.45078125 0.01484375 0.01171875
0 0.678125 0.50546875 0.0125 0.01171875
0 0.675 0.534375 0.0109375 0.0109375
0 0.603125 0.52578125 0.01171875 0.0109375
0 0.64765625 0.55390625 0.00625 0.00546875
0 0.6125 0.5484375 0.01171875 0.0078125
0 0.59296875 0.5640625 0.01015625 0.01015625
0 0.6453125 0.640625 0.00625 0.00625
0 0.5625 0.61015625 0.0078125 0.00703125
0 0.596875 0.609375 0.01328125 0.01015625
0 0.66484375 0.7453125 0.0078125 0.00703125
0 0.65234375 0.74765625 0.0078125 0.00703125
0 0.39296875 0.53203125 0.01171875 0.0078125
0 0.19609375 0.40234375 0.0140625 0.009375
0 0.18203125 0.28203125 0.01875 0.01640625
0 0.6390625 0.5796875 0.015625 0.01171875