0 0.5416060365212985 0.6828125 0.011182961850553142 0.0140625
0 0.5614197045403617 0.74375 0.014307961850553141 0.0140625
0 0.5916702662287591 0.73125 0.012800008928453722 0.0171875
0 0.6281492828678507 0.80703125 0.01913182954530477 0.021875
0 0.6757237122509996 0.80234375 0.01592500892845372 0.0171875
0 0.7276992694751699 0.78125 0.036782979707460584 0.0484375
0 0.6635940848170152 0.64453125 0.020830697240056394 0.0296875
0 0.8281259634688155 0.7609375 0.028861385551659423 0.0421875
0 0.9318262930174157 0.3015625 0.016034103084255236 0.0234375
0 0.9767530093321956 0.32421875 0.012881829545304768 0.021875
0 0.80005632142763 0.1375 0.01913182954530477 0.021875
0 0.7111535085214167 0.19140625 0.02710797077900686 0.03125
0 0.5582972897710048 0.2515625 0.014362508928453721 0.0171875
0 0.49323753124958813 0.06015625 0.019213650162155815 0.0265625
0 0.41323815990138846 0.1765625 0.008003414772652383 0.0109375
0 0.3840336753226639 0.29375 0.008057961850553052 0.0140625