1 0.47221342680933437 0.5953125 0.06595225292686617 0.05625
1 0.0430208304983264 0.54609375 0.08004202400410508 0.0609375
2 0.01409185460062735 0.5421875 0.022129530054229296 0.04375
0 0.21990902078265123 0.19921875 0.012545451795398144 0.0078125
0 0.2567550358097659 0.22109375 0.04559430113146821 0.0484375
0 0.4054708335233885 0.5375 0.014126132513557366 0.0109375
2 0.4574560352205907 0.61015625 0.039317030054229284 0.04375
1 0.47668782425181055 0.69296875 0.1394261143631848 0.0625
2 0.4813889597904299 0.6953125 0.042369307181592396 0.03125
1 0.8219730531745716 0.68828125 0.06294542759490121 0.0765625
1 0.7831878091264999 0.7359375 0.03759999394987581 0.0171875
1 0.7701156373853312 0.771875 0.061073855386194253 0.0234375
0 0.7308237948849522 0.1953125 0.02041249394987581 0.0171875
0 0.8585715449831481 0.13046875 0.009420451795397966 0.0078125
0 0.5744328943192182 0.17109375 0.006277271077238922 0.0046875
2 0.8638418697259379 0.49921875 0.040815897540672094 0.0328125