0 0.6777043818261863 0.4491329506099994 0.014126132513557366 0.011264808320624908
0 0.7760918848512484 0.43824804236562437 0.006277271077238922 0.0048329703647223
0 0.812065746287567 0.4436615877684716 0.009420451795398322 0.008030705547083272
0 0.8529816377781145 0.49271603039777706 0.012572722872636888 0.012790940729444422
0 0.8301259207592102 0.5932615442654854 0.01726022287263689 0.012900043502986059
0 0.8146600020431034 0.620968970177291 0.011001132513557365 0.011192073138263935
0 0.6038724929679171 0.6516598449866662 0.01726931323171641 0.014462543502986236
0 0.5714958093228917 0.5930303806058677 0.014126132513557366 0.011264808320624908
0 0.6336776467551051 0.5368881769586453 0.014126132513557366 0.011264808320624908
0 0.5968134510098311 0.5127428153513884 0.01570681323171641 0.014426175911805571
0 0.7016418515755654 0.5345249367422911 0.009420451795397966 0.008030705547083272
0 0.7636752607255064 0.8557810344818396 0.01726931323171641 0.01446254350298588
0 0.5917502637505685 0.8511877195117009 0.012563632513557365 0.0112284407294446
0 0.5944076311388152 0.90503941812493 0.018831813231716586 0.014498911094166544
0 0.6127809021178582 0.9741524408263537 0.012545451795397965 0.0081034407294446
0 0.42529908283601736 0.9816415517680206 0.017251132513557366 0.01133754350298588
0 0.509728104109648 0.85465951804868 0.023546584308955332 0.019295513867708537
0 0.5476366493873837 0.7897060120647564 0.014126132513557366 0.011264808320624908
0 0.28652591168402386 0.6316987159963192 0.009420451795398055 0.008030705547083272
0 0.36913842378427225 0.5953962336637497 0.018831813231716586 0.014498911094166544
0 0.36580434552544105 0.5595314688461108 0.02353749394987581 0.01773301386770836
0 0.35576172501393627 0.5792991081887845 0.006277271077238833 0.0048329703647223
0 0.42344412870292825 0.5284983679724302 0.009420451795397966 0.008030705547083272
0 0.3601856046006273 0.5338775054152427 0.009420451795398143 0.008030705547083272
0 0.4114572131100796 0.4826773749062844 0.003143180718159222 0.0031977351823611498
0 0.33396801736480575 0.45947757066972195 0.020385222872636888 0.012972778685347209
0 0.4167805173648057 0.45755008833715244 0.023555674668035032 0.020858013867708358
0 0.5603623457218327 0.4252980199485412 0.02196590359079629 0.016134146276527872
0 0.5395594872123806 0.47578898242947876 0.003143180718159222 0.0031977351823609724
0 0.5725305476154267 0.3679758292190968 0.014126132513557366 0.011264808320624996
0 0.4657810987468949 0.4189045092149649 0.004705680718159222 0.003234102773541636
0 0.3993021258742579 0.40795013184013856 0.004705680718159222 0.003234102773541636
0 0.41368681274073726 0.32869838972392323 0.007857951795398143 0.007994337955902786
0 0.5620061380727022 0.3049309685617704 0.015688632513557364 0.011301175911805572
0 0.5185283279642436 0.21843107731923567 0.014144313231716587 0.014389808320624997
0 0.5694322978118185 0.23834288060586756 0.009420451795397966 0.00803070554708336
0 0.5738789032962086 0.19682752783232593 0.006286361436318444 0.006395470364722211
0 0.6943146440246306 0.34951415710701333 0.014126132513557366 0.011264808320624996
0 0.764922059813871 0.26426568170829795 0.009429542154477666 0.009593205547083362