0 0.6443011992686513 0.11362122191282217 0.012663641233702094 0.009520450668363534
0 0.7506523851446222 0.20771557256527737 0.009511367694751627 0.007921588001272717
0 0.6003893323846785 0.23915757125241283 0.004769320616851047 0.004742044000636358
0 0.7216700430174157 0.2932263585694136 0.006359094155801337 0.006322725334181811
0 0.44159675933219555 0.3191461579408209 0.009511367694751627 0.007921588001272717
0 0.677353027189103 0.35078486724223146 0.004796594155801514 0.006304544000636269
0 0.6066547435038829 0.37426836791854917 0.017378414772652385 0.011137494668999891
0 0.5945365730491877 0.3962888185869128 0.009511367694751627 0.007921588001272717
0 0.6604615819776415 0.4127127025780041 0.018968188311602675 0.012718176002545434
0 0.5967263644450455 0.4322081372533674 0.015843188311602675 0.01268181333545435
0 0.674052523535655 0.4750672519096405 0.009484094155801514 0.006359088001272539
0 0.48989748619698703 0.6241149212683211 0.006359094155801515 0.006322725334181811
0 0.3002543335991993 0.6825830439608654 0.009511367694751716 0.007921588001272717
0 0.2504043380634261 0.6917585966343196 0.009484094155801337 0.006359088001272539
0 0.31693331898870264 0.6980171399586382 0.012690914772652384 0.011082950668363623
0 0.3483605969918798 0.7078097632877294 0.009484094155801337 0.006359088001272539
0 0.9867495722384089 0.25888553186668795 0.012690914772652207 0.011082950668363623