2 0.4914235982190265 0.5728790148659286 0.11228598428423417 0.06695668973360736
2 0.5205375175732833 0.6957090198088445 0.06570208271265762 0.07129667984777566
2 0.35800736083442025 0.2196664901513493 0.0825642510334573 0.09849584980971962
2 0.5337093740689867 0.12467627821180152 0.08452916542531544 0.14068334980971958
0 0.6325599429279054 0.05384646646253417 0.011738020678164318 0.017633168973360737
0 0.7116866708019989 0.09527923277415654 0.008321922249741043 0.011255834980971957
0 0.8299637516526299 0.37457675501727794 0.01144692224974122 0.011383168973360735
0 0.826560577540862 0.5693799190477229 0.014717471463952591 0.014635502965749581
0 0.8694115494190996 0.43466667942784615 0.00817637303552914 0.00813083498097189
0 0.7391183895753553 0.6172815667665453 0.01315497146395277 0.014571835969555025
0 0.8989343453235424 0.7002107663859845 0.00832192224974122 0.011255834980972068
0 0.7747840618250963 0.6296515741809191 0.008321922249740866 0.01125583498097189
0 0.4836325229499668 0.6232464293906651 0.014790246071058633 0.01619800296574958
0 0.4472583753073317 0.6124070884781941 0.00334332382131759 0.004814833992388756