2 0.46919289852156715 0.4020088670682247 0.05150031551854859 0.05330853847458741
0 0.3788383346523713 0.4950991573569106 0.016216033386094786 0.020858137023308566
0 0.42978472070403323 0.5527554007334887 0.01300010517284953 0.017624009618646852
0 0.42977870902555076 0.49879458703115775 0.01300010517284953 0.017624009618646852
0 0.49652593982522086 0.5081943796820964 0.01612510517284953 0.017733137023308566
0 0.5241424744649569 0.5166145148913064 0.008085284639735946 0.009647818511654194
0 0.5579886255603136 0.44348454973769674 0.01612510517284953 0.017733137023308566
0 0.5742644949189281 0.4921849445655536 0.009693248746358662 0.011264882213985139
0 0.49792696694310956 0.5832216615332617 0.008039820533113407 0.008085318511654194
0 0.6227103551063425 0.4639036879421317 0.008130748746358663 0.011210318511654193
0 0.5861794732113157 0.5253967486492377 0.021130853919208194 0.028834328130301047
0 0.6152926602000497 0.4508679746026205 0.008176212852981379 0.012772818511654193
0 0.6876617536944167 0.41158473059307027 0.00969324874635884 0.011264882213985139
0 0.7036815587881239 0.39773056171859633 0.016079641066226814 0.016170637023308565
2 0.7812322457768579 0.32151031289972265 0.0867391335443795 0.08419643992586626
0 0.6479520475053528 0.4982142005560034 0.01612510517284953 0.017733137023308566