1 0.5402543788011241 0.467183121260367 0.07212043969514977 0.04302384134309047
1 0.5110981439264346 0.4245507259309577 0.042551114363184796 0.06299089600572697
1 0.6354305234149299 0.4426365599140949 0.08167724687674198 0.07438292934436319
1 0.6554617431643088 0.5283467932447767 0.07878859621281205 0.11497156667727229
1 0.6085645381474569 0.6593700739179129 0.14008971057599684 0.17818063868554468
1 0.5106764839909268 0.6206626572645032 0.039398843285945874 0.05826703333863605
1 0.5360304871141847 0.5469251652610033 0.02989657825883114 0.036282945337363516
2 0.6724502970262515 0.7625399799093223 0.11777837334017516 0.10292610001590852
0 0.6922082851223949 0.6669911225732316 0.006295451795398144 0.007885225334181812
0 0.7510656555357038 0.7116218225652774 0.007857951795398143 0.007903406667727176
0 0.8986713876799188 0.5669258458784602 0.011001132513557365 0.011064769334818082
0 0.9014196586589616 0.636429823878142 0.003143180718159044 0.003161362667090728
2 0.7686652042312849 0.37936330589595935 0.05349770472226432 0.06468066534054503
2 0.5655589058302913 0.5192359699236399 0.10538745764913049 0.1215306493475449