2 0.3314235816736802 0.20690967659420428 0.08212799763774728 0.16204862141421197
0 0.41041416642740336 0.13470480517999234 0.014880955534962936 0.023928573320977708
0 0.45038440199943297 0.1520361489193901 0.009920637023308565 0.01595238221398514
0 0.3754736820364999 0.19678814292894034 0.006686509618646852 0.012718254809323426
0 0.3676140528177396 0.24310014773826377 0.006577382213985139 0.009593254809323427
0 0.3945932150687917 0.27493050109630834 0.011865082939624561 0.026944445916315996
0 0.37755948249198684 0.29347216997078235 0.006577382213985139 0.009593254809323427
0 0.5288665221477006 0.3178397089935239 0.011483137023308564 0.016006945916315997
0 0.3373337865756708 0.30580104438021916 0.006577382213985139 0.009593254809323427
0 0.5971700888452564 0.3505678742398008 0.0065228185116541935 0.008030754809323425
0 0.5509027240544663 0.3794939716073956 0.003343254809323426 0.006359127404661713
0 0.5271204836731131 0.36783970899352386 0.0032886911069926585 0.004796627404661713
0 0.6065302198781151 0.2612871194304774 0.003343254809323426 0.006359127404661713
0 0.6507092950131913 0.20278264946754426 0.004851191106992658 0.00485119110699257
0 0.6631696002780016 0.2928620124442357 0.003234127404661713 0.003234127404661713
0 0.7270584854872117 0.3179413687975052 0.00970238221398514 0.00970238221398514
0 0.7569022089935238 0.5135341217927302 0.008085318511654194 0.008085318511654194
0 0.8072295912075089 0.5024130833181427 0.006468254809323426 0.006468254809323426
0 0.43999990727209254 0.6728570804077358 0.017896828130301044 0.02091270072563951
0 0.47814474801626544 0.6754265197006298 0.013045637023308566 0.01606150961864685
0 0.6291417636253621 0.731016776872206 0.009756945916316085 0.011264882213985139
0 0.4541814914776615 0.4008183893007432 0.006577382213985139 0.009593254809323427