1 0.43671875 0.49609375 0.05625 0.04609375
1 0.284375 0.49296875 0.0359375 0.03203125
1 0.7953125 0.471875 0.09609375 0.034375
1 0.6703125 0.45859375 0.03984375 0.0234375
1 0.65625 0.5234375 0.03359375 0.02890625
1 0.63125 0.603125 0.02421875 0.0359375
1 0.5453125 0.603125 0.02578125 0.03828125
1 0.23359375 0.5234375 0.06953125 0.0671875
1 0.21875 0.6921875 0.05859375 0.0265625
0 0.4859375 0.61640625 0.01328125 0.01015625
0 0.54921875 0.5421875 0.0125 0.00859375
0 0.48203125 0.44921875 0.01484375 0.00859375
2 0.5859375 0.62109375 0.08125 0.0484375
2 0.7859375 0.47578125 0.040625 0.01796875
2 0.12890625 0.53515625 0.22890625 0.2109375
0 0.31015625 0.61171875 0.015625 0.0125