0 0.5675143770269473 0.3124155990120573 0.0063863676947516265 0.008030754809323425
0 0.49704001014297444 0.4399528111704421 0.0063863676947516265 0.008030754809323425
0 0.7912123445562479 0.7673858080903992 0.007976141233702095 0.009647818511654194
2 0.8017328331921622 0.8326834258764141 0.04588524431795697 0.03439484736759475
2 0.8198203599775233 0.8836457251507746 0.054134120941162676 0.059667665879248946
0 0.8169584127374669 0.854040070704271 0.007976141233702095 0.00964781851165455
0 0.6359661424482228 0.42728414166299605 0.007948867694751626 0.008085318511654194
2 0.5667876741048479 0.3155678808632228 0.03187729139585791 0.03702877404661713
2 0.6449549533225458 0.7631125142583343 0.04761138555165907 0.0438244110699257
1 0.6689555150109431 0.749766776872206 0.025381829545304768 0.022748019237293703
2 0.30447463473758496 0.38023061470597197 0.09579551542127547 0.12046132213985139