0 0.4734375 0.644861117698047 0.0078125 0.007948867694751626
0 0.4390625 0.6845236355549545 0.0078125 0.007948867694751626
0 0.4796875 0.6970957735422456 0.0234375 0.028534103084255236
0 0.42578125 0.7105367106360323 0.0109375 0.011128414772652384
0 0.44921875 0.7570026075517773 0.0109375 0.014253414772652384
0 0.51328125 0.7855718924548134 0.00625 0.006359094155801515
0 0.553125 0.9262826672115796 0.0078125 0.011073867694751627
0 0.61953125 0.9079360418061903 0.00625 0.009484094155801159
0 0.6921875 0.8058865722449994 0.0078125 0.009511367694751627
0 0.4015625 0.26330320048976263 0.015625 0.01746023538950343
0 0.3765625 0.3028020771129681 0.0296875 0.03489319724005648
0 0.2765625 0.06704758360578982 0.0078125 0.011073867694751716
0 0.38203125 0.7902066197266419 0.015625 0.02527273538950343
0 0.31640625 0.6030708583625561 0.0125 0.012718188311602674
0 0.3375 0.5745776655867265 0.003125 0.0031795470779007575
0 0.78828125 0.10655299959955347 0.0203125 0.02691705600635439