1 0.2579616687128409 0.7059226300648426 0.06858016693047428 0.1046190334984459
1 0.4502701553184988 0.4418537837033337 0.11658707257817742 0.306583947890304
1 0.5003203164429852 0.6037758949520388 0.299047883082161 0.41026552770747776
1 0.5981142734234719 0.3885019594677314 0.058824733702664035 0.14473461124870504
1 0.4946182342313894 0.6653127084342743 0.06515363855894432 0.04048375889134022
1 0.5050185251393315 0.7111710179875681 0.044051528371529966 0.06602741439185814
1 0.7015538590002801 0.5169245200544828 0.12801735141192588 0.05589474317557439
1 0.7350436235817566 0.3338594629823881 0.06647209765100204 0.08579625889134013
2 0.8040640597125608 0.24710863378438702 0.17494514185764948 0.3280266083532209
2 0.7012727141731296 0.4997006327509298 0.1010289540774929 0.09364730024766903
0 0.5498358977966514 0.38077719664744986 0.008130748746358663 0.011301373035529316
0 0.49657215696785145 0.30241244809519197 0.008039820533113407 0.008176373035529316
0 0.46232284059137313 0.18894710752465135 0.00973871285298138 0.012936647642635135
0 0.37155881895026777 0.6196833771693585 0.00486935642649069 0.006468323821317412
0 0.42035768329431733 0.5288614780789813 0.0033068564264906895 0.006395549214211727
0 0.6025075713910433 0.18374168486062561 0.006477320533113407 0.008103598428423453
0 0.6012680171552658 0.3338872340748373 0.006522784639735946 0.009666098428423453