0 0.51171875 0.4875 0.01484375 0.0109375
0 0.51015625 0.4640625 0.0046875 0.003125
0 0.62109375 0.63046875 0.01171875 0.009375
0 0.6109375 0.6109375 0.015625 0.0109375
0 0.5234375 0.70390625 0.0125 0.0078125
0 0.5484375 0.71015625 0.0203125 0.0109375
0 0.48203125 0.725 0.02265625 0.0140625
0 0.5125 0.71875 0.0078125 0.00546875
0 0.55078125 0.7671875 0.00625 0.0046875
0 0.478125 0.76015625 0.01171875 0.009375
0 0.4640625 0.74296875 0.0125 0.009375
0 0.421875 0.7421875 0.00703125 0.0046875
0 0.40234375 0.715625 0.009375 0.0078125
0 0.4953125 0.6515625 0.01875 0.01328125
0 0.475 0.665625 0.0296875 0.015625
0 0.38671875 0.68203125 0.01171875 0.00859375
0 0.41015625 0.64296875 0.0109375 0.00859375
0 0.36484375 0.67265625 0.01171875 0.00859375
0 0.4453125 0.80859375 0.00625 0.00546875
0 0.3078125 0.76875 0.0109375 0.0078125
0 0.246875 0.77421875 0.00859375 0.00625
0 0.23359375 0.7546875 0.00703125 0.00546875
0 0.2984375 0.68515625 0.01015625 0.00703125
0 0.1515625 0.67890625 0.00859375 0.00703125
0 0.29765625 0.6265625 0.0078125 0.00703125
0 0.2015625 0.6296875 0.028125 0.02421875
0 0.27890625 0.60703125 0.01328125 0.00859375
0 0.25 0.58671875 0.01796875 0.01484375
0 0.35390625 0.56875 0.00625 0.0046875
0 0.37890625 0.575 0.01015625 0.00859375
2 0.334375 0.5890625 0.05859375 0.03671875
0 0.37265625 0.5453125 0.0109375 0.0078125
0 0.3140625 0.54140625 0.00546875 0.0046875
0 0.39296875 0.4421875 0.00625 0.0046875
0 0.40390625 0.3984375 0.0078125 0.00703125
0 0.38046875 0.42421875 0.00703125 0.0046875
0 0.29140625 0.44375 0.00703125 0.0046875
2 0.35625 0.45078125 0.07578125 0.0375
2 0.315625 0.41328125 0.05546875 0.03984375
2 0.253125 0.45625 0.078125 0.0640625
0 0.25703125 0.48515625 0.009375 0.00703125
0 0.23984375 0.4421875 0.00625 0.0046875
0 0.24765625 0.390625 0.01328125 0.01171875
0 0.21484375 0.3875 0.00859375 0.0078125
0 0.171875 0.3890625 0.00703125 0.00625
0 0.10703125 0.39453125 0.01484375 0.01171875
0 0.24375 0.35 0.01171875 0.0109375
0 0.24453125 0.33359375 0.00625 0.00546875
0 0.21328125 0.31484375 0.0078125 0.009375
0 0.203125 0.36640625 0.034375 0.02890625
0 0.29375 0.30234375 0.015625 0.0140625
0 0.275 0.29296875 0.01328125 0.01484375
0 0.2359375 0.265625 0.00859375 0.01171875
0 0.2125 0.2828125 0.0078125 0.01015625
0 0.184375 0.2703125 0.0109375 0.0109375
0 0.13671875 0.50546875 0.02109375 0.015625
0 0.1234375 0.525 0.01484375 0.0109375
0 0.12265625 0.446875 0.02421875 0.0171875
0 0.66015625 0.403125 0.01875 0.01875
0 0.41015625 0.3421875 0.009375 0.00546875
0 0.41953125 0.4125 0.003125 0.00234375
0 0.42109375 0.384375 0.00390625 0.003125
0 0.4078125 0.3828125 0.003125 0.00234375
0 0.29453125 0.2125 0.0140625 0.01015625
0 0.440625 0.8796875 0.00625 0.00703125
0 0.425 0.8859375 0.00859375 0.00859375
0 0.38984375 0.93203125 0.01171875 0.009375
0 0.2890625 0.9609375 0.01015625 0.0078125
0 0.31484375 0.92109375 0.02265625 0.01640625
0 0.2875 0.91171875 0.0125 0.009375
0 0.21015625 0.89921875 0.01015625 0.00859375
0 0.19375 0.896875 0.01171875 0.00703125
0 0.26796875 0.915625 0.0046875 0.0046875
0 0.26796875 0.9 0.00546875 0.00546875
0 0.37109375 0.7765625 0.0125 0.00859375
0 0.61953125 0.29921875 0.02890625 0.0265625