0 0.38515625 0.7783944022824909 0.0125 0.008176212852981379
0 0.3484375 0.6593572457768578 0.0125 0.00973871285298138
0 0.34765625 0.6780845137235465 0.009375 0.008085284639735946
0 0.446875 0.4067527344940868 0.003125 0.0032159282132454337
0 0.54921875 0.43082438347787244 0.00625 0.0033068564264906895
0 0.5484375 0.435489151424561 0.003125 0.0032159282132454337
0 0.57109375 0.43614838097058994 0.0046875 0.003261392319867973
0 0.55390625 0.37705452579774046 0.0046875 0.003261392319868062
0 0.546875 0.3901311873179384 0.00625 0.0033068564264906895
0 0.54375 0.384571509104693 0.0046875 0.003261392319868062
0 0.603125 0.42926789515635483 0.003125 0.0032159282132454337
0 0.60390625 0.4378843772096662 0.003125 0.0016534282132454337
0 0.6453125 0.4398704260351673 0.003125 0.0032159282132454337
2 0.2046875 0.6207995479675713 0.0359375 0.03698317445232178
0 0.5296875 0.549006082145089 0.0078125 0.006477320533113407
0 0.54375 0.555665259104693 0.003125 0.0032159282132454337
0 0.54296875 0.5587675270513817 0.003125 0.0032159282132454337
0 0.20390625 0.53249556591426 0.0078125 0.009602320533113407
0 0.209375 0.5560921902874393 0.009375 0.006522784639736124
0 0.26953125 0.5726863083924124 0.00625 0.004869356426490867
0 0.1578125 0.44756062476889086 0.0140625 0.008221676959604097
0 0.04375 0.3192417449854351 0.009375 0.009647784639736123
0 0.0359375 0.2244831744523217 0.00625 0.0033068564264906895
0 0.09609375 0.5442022925572949 0.0125 0.008176212852981379
0 0.2359375 0.7373338301000248 0.009375 0.006522784639736124
0 0.240625 0.7296577224198929 0.0078125 0.006477320533113407
0 0.4734375 0.2864318743066724 0.0125 0.006613712852981379
2 0.6078125 0.400498037476223 0.0484375 0.031096887305303154