0 0.5696043345778818 0.35046945707099403 0.017760710085908293 0.011637836958138336
0 0.6704232061291794 0.338919144827435 0.014553822930778537 0.00994800296574958
0 0.6941163336733707 0.37981340026464255 0.009702548620519025 0.006632001977166268
0 0.5818952154014335 0.5192977115196182 0.016116322930778536 0.01001166996194378
0 0.5855480806211529 0.6736814639910762 0.01784259724103805 0.013200336958138336
0 0.3874005076903745 0.6750025889724857 0.012991322930778537 0.009884335969555024
0 0.4341559989839472 0.6941319323564146 0.016116322930778536 0.01001166996194378
0 0.4741458339005133 0.797540775246052 0.01940509724103805 0.013264003954332715
0 0.541541373814605 0.811247789580508 0.020803822930778537 0.010202670950527093
0 0.33011803143480706 0.46832682463802977 0.00978443577564878 0.008194501977166268
0 0.12699743272343103 0.29563744665368963 0.012991322930778537 0.009884335969555203
0 0.2054123597926525 0.30822762996150643 0.009866322930778538 0.009757001977166358
0 0.2430285464728124 0.2776607208739774 0.009702548620519025 0.006632001977166268
0 0.32858426616965913 0.22869132167228018 0.014553822930778537 0.00994800296574958
0 0.8563197625516146 0.34727676737456764 0.02088571008590847 0.011765170950527093
0 0.9574185950933314 0.3005065381348143 0.02433825870642714 0.01814250494291585
0 0.9868095239715753 0.26255821056821615 0.0034525486205190248 0.006377333992388756
0 0.9641123303940103 0.2624162891233975 0.009702548620519025 0.006632001977166358
0 0.9492043826325739 0.15846361817287039 0.012991322930778537 0.009884335969555114
0 0.8755621647447495 0.159377519351734 0.009784435775648604 0.008194501977166358
0 0.8244091005203984 0.14946400847731905 0.009702548620519025 0.006632001977166358
0 0.8807100101767652 0.19560152083460877 0.011428822930778182 0.009820668973360735
0 0.9601252725012372 0.08453136965574516 0.012909435775648603 0.008321835969555135
2 0.8946607247852294 0.06385677231748352 0.10517217887824373 0.043264521748829846
2 0.7004116785395595 0.21487414977035094 0.3465075870642728 0.1856270711779886
0 0.5828623303940104 0.24688154205196597 0.008140048620519025 0.006568334980971979
0 0.6050991785395595 0.21099046300249302 0.0388101944820761 0.02652800790866543
0 0.6030387115562463 0.19055062901010428 0.006577548620519025 0.006504667984777557
0 0.508326082091491 0.8474744496566202 0.02565509724103805 0.01351867193911005
0 0.5200271426977976 0.9528622866147586 0.009866322930778538 0.009757001977166623
0 0.12351722863041656 0.36204369665368963 0.009702548620519025 0.006632001977166268
0 0.1830250254419133 0.40674604300336803 0.009702548620519025 0.006632001977166268
0 0.14494849332973764 0.4012799515966055 0.02285764586155703 0.01964133794672147
0 0.27257220432015705 0.371248894790254 0.006577548620519025 0.006504667984777513
0 0.2964224621220732 0.37926698323126706 0.006577548620519025 0.006504667984777601
0 0.15498963591193432 0.25450045209089706 0.01948698439616776 0.014826503954332715
0 0.2700414258260261 0.27014930980928203 0.008140048620519025 0.006568334980971891