2 0.315625 0.70234375 0.0390625 0.0375
2 0.31953125 0.4703125 0.05546875 0.034375
2 0.26796875 0.42421875 0.05 0.05625
2 0.4609375 0.43671875 0.03046875 0.02421875
1 0.48671875 0.421875 0.02109375 0.015625
1 0.45625 0.51328125 0.221875 0.08046875
1 0.7140625 0.6328125 0.04296875 0.0203125
1 0.92578125 0.5296875 0.09921875 0.10625
1 0.8015625 0.4796875 0.175 0.17265625
1 0.84765625 0.3484375 0.05078125 0.09140625
1 0.77109375 0.3015625 0.05625 0.025
2 0.77890625 0.303125 0.034375 0.015625
2 0.83515625 0.31953125 0.0546875 0.0640625
1 0.48984375 0.26015625 0.03125 0.040625
1 0.4359375 0.2734375 0.08515625 0.02734375
1 0.49140625 0.30625 0.04609375 0.07734375
1 0.56015625 0.26328125 0.04296875 0.0515625
1 0.4765625 0.20703125 0.03515625 0.05
1 0.44609375 0.178125 0.02578125 0.02734375
2 0.49296875 0.16328125 0.0953125 0.04140625
0 0.39921875 0.159375 0.01328125 0.009375
0 0.321875 0.2609375 0.0109375 0.00859375
1 0.3140625 0.3609375 0.0625 0.0359375
2 0.2796875 0.315625 0.04609375 0.0578125
1 0.31328125 0.30390625 0.021875 0.0203125
2 0.4078125 0.09375 0.025 0.0328125
0 0.60859375 0.89921875 0.0078125 0.00625
2 0.9234375 0.98671875 0.109375 0.0265625