0 0.72265625 0.32109375 0.0265625 0.02265625
0 0.62734375 0.43515625 0.01484375 0.01015625
0 0.6140625 0.45 0.00546875 0.00390625
0 0.5875 0.478125 0.0140625 0.01171875
0 0.58515625 0.4515625 0.009375 0.00546875
0 0.53671875 0.375 0.01640625 0.01953125
0 0.36171875 0.37265625 0.01796875 0.01796875
0 0.39375 0.34140625 0.0046875 0.003125
0 0.35 0.46640625 0.01484375 0.01484375
0 0.353125 0.4203125 0.00703125 0.00546875
0 0.28984375 0.471875 0.02734375 0.01875
0 0.58984375 0.5875 0.01484375 0.01171875
0 0.33125 0.540625 0.00546875 0.0046875
0 0.26328125 0.57890625 0.0375 0.02734375
0 0.19921875 0.6078125 0.03515625 0.02421875
0 0.1640625 0.5984375 0.00859375 0.00546875
0 0.325 0.76171875 0.01953125 0.009375
0 0.51015625 0.82265625 0.0125 0.0046875
0 0.165625 0.83984375 0.01796875 0.00703125
0 0.04453125 0.90703125 0.01640625 0.01171875