0 0.33642850708675814 0.4842888198027769 0.01795139183263199 0.02217500892845372
0 0.32708822342149413 0.5279024521080251 0.01795139183263199 0.02217500892845372
0 0.31323405454702014 0.5440768770269473 0.00986607332097771 0.014226141233702094
0 0.3252677738769811 0.6248047256469755 0.013045637023308566 0.015843188311602675
0 0.37927571679807215 0.5780621392018118 0.011374009618646852 0.012690914772652384
0 0.3949056951985258 0.44387805397446434 0.00970238221398514 0.009538641233702095
0 0.4328248466498046 0.4101439821397973 0.009920637023308565 0.015788641233702095
0 0.4294096699707823 0.3960132982924214 0.009811509618646852 0.012663641233702094
0 0.23870033521705922 0.4622580868489054 0.013045637023308566 0.015843188311602675
0 0.2429538147986392 0.4076114971573309 0.012991073320977709 0.014280688311602674
0 0.2917880965649866 0.7328802784069189 0.016170637023308565 0.015897735389503252
0 0.2854686638955145 0.6452166371732171 0.009756945916315995 0.011101141233702094
0 0.2894394012816428 0.6210524342511177 0.009811509618646852 0.012663641233702094
0 0.35402028957089576 0.3610831448838547 0.013045637023308566 0.015843188311602675
0 0.37191960690142367 0.273842243503883 0.009811509618646852 0.012663641233702094
0 0.3955381561757842 0.2914524833576132 0.011374009618646852 0.012690914772652384
0 0.4982067991895426 0.351092310467286 0.00813988221398514 0.009511367694751716
0 0.6159274902117171 0.6736548774306891 0.009811509618646852 0.012663641233702094
0 0.5950842221555498 0.7780423685022353 0.011483137023308564 0.015815914772652383
0 0.636728574332468 0.727175343745469 0.009811509618646852 0.012663641233702094
0 0.562730601459128 0.4061576858726754 0.006577382213985139 0.009484094155801337
0 0.6178198947430389 0.350834986196987 0.011374009618646852 0.012690914772652384
0 0.6309920173383772 0.35419181127806487 0.00813988221398514 0.009511367694751627
0 0.6349850581752172 0.4637031789728166 0.009920637023308565 0.015788641233702095
0 0.6723610618034144 0.3783656968297241 0.009756945916316085 0.011101141233702094
0 0.6734200424813026 0.728597521910802 0.006577382213985139 0.009484094155801514
0 0.7260266873091595 0.7443685722351135 0.006577382213985139 0.009484094155801514
0 0.22454108757931196 0.6214830823846785 0.009811509618646852 0.012663641233702094
0 0.23430795717942537 0.5880393368489054 0.001671627404661713 0.00315227353895029
0 0.2561531861280331 0.6564308267026358 0.00813988221398514 0.009511367694751627