0 0.7398734827333902 0.5493240396063548 0.009429542154477843 0.009593205547083272
0 0.7248297448336386 0.5833535474901395 0.015752265027114732 0.02223867591180557
0 0.6920132205349458 0.44897789427975743 0.009447722872636889 0.012718205547083273
0 0.6582740247896719 0.4731959910693756 0.012609084308955331 0.01904094072944442
0 0.6181939254536019 0.5128936174942714 0.012590903590796287 0.0159159407294446
0 0.6035996394474443 0.6039725591736463 0.011028403590796288 0.015879573138263936
0 0.5710830969983791 0.41803440596326435 0.011028403590796288 0.015879573138263936
0 0.6459427173134921 0.3096056165443408 0.009447722872636889 0.012718205547083361
0 0.5650330848981306 0.38351393559854213 0.009429542154477666 0.009593205547083362
0 0.5769927294137405 0.3423804425323963 0.015734084308955332 0.019113675911805572
0 0.5912870335702707 0.30286400085302134 0.012618174668035031 0.020603440729444422
0 0.49274901873954774 0.4521535264042365 0.011028403590796288 0.015879573138263936
0 0.5216466992613153 0.31999564304548656 0.007876132513557366 0.011119337955902786
0 0.4930449762904825 0.2669790926086463 0.015734084308955332 0.019113675911805572
0 0.44230411202549363 0.39315907969086844 0.0063045421544778435 0.00952047036472221
0 0.34720523546386467 0.35422190662885444 0.012627265027114642 0.022165940729444424
0 0.2937797327333902 0.5389410923243058 0.011019313231716588 0.014317073138263936