0 0.3546875 0.6734375 0.02265625 0.0203125
0 0.265625 0.509375 0.01796875 0.01328125
0 0.52421875 0.45859375 0.0171875 0.01484375
0 0.740625 0.55234375 0.01953125 0.01796875
0 0.58046875 0.471875 0.02109375 0.015625
0 0.575 0.22890625 0.015625 0.0109375
0 0.43515625 0.1828125 0.01015625 0.009375
0 0.59296875 0.6875 0.01484375 0.0125
0 0.68203125 0.73046875 0.015625 0.01328125
0 0.61875 0.7640625 0.021875 0.01875
0 0.6375 0.79296875 0.0125 0.0109375
0 0.6234375 0.95234375 0.01328125 0.01015625
0 0.4765625 0.88203125 0.00703125 0.00546875
0 0.42890625 0.909375 0.00703125 0.00546875
0 0.5890625 0.9875 0.01640625 0.01171875
0 0.6890625 0.39296875 0.01171875 0.01171875
0 0.70078125 0.41484375 0.01640625 0.0125