0 0.5171875 0.3484375 0.0125 0.01171875
0 0.2953125 0.5765625 0.01015625 0.00859375
0 0.39375 0.5421875 0.021875 0.0140625
0 0.3546875 0.53515625 0.00546875 0.00390625
0 0.66875 0.28125 0.01015625 0.009375
0 0.4375 0.253125 0.01328125 0.00859375
0 0.3234375 0.246875 0.01484375 0.00859375
0 0.40625 0.49140625 0.01171875 0.00625
0 0.38984375 0.51640625 0.0078125 0.00546875
0 0.35859375 0.50234375 0.02734375 0.0171875
0 0.3109375 0.48515625 0.01171875 0.00703125
0 0.25234375 0.509375 0.01015625 0.0078125
0 0.3734375 0.428125 0.00625 0.00390625
0 0.484375 0.46484375 0.00546875 0.003125
0 0.46484375 0.496875 0.00390625 0.00234375
0 0.38515625 0.50546875 0.0046875 0.003125
0 0.1765625 0.40234375 0.00703125 0.00546875
0 0.06953125 0.390625 0.0109375 0.00703125