1 0.6152678587630026 0.4400618402320914 0.07237738068039512 0.2114155348257091
1 0.6770587467502939 0.3961613540269013 0.024037517856907442 0.035603307326946255
1 0.641240023535655 0.4496482021724505 0.03330342370110628 0.029844630257724703
1 0.6526042175293008 0.42872154850897737 0.014198867694751626 0.008549484396167806
0 0.6582735649315129 0.4847258870435881 0.006359094155801515 0.006577548620519025
0 0.5618213047852432 0.5140216406616327 0.012663641233702094 0.010030097241038049
0 0.5759207609537533 0.5602005998430298 0.006359094155801337 0.006577548620519025
0 0.4394729719935276 0.44849289518418856 0.012663641233702094 0.010030097241038049
0 0.4490173417168741 0.5473022094085398 0.009538641233702095 0.009866322930778538
0 0.3471002857105197 0.5323123744919736 0.004742047077900757 0.003370661465389091
0 0.3053531164736404 0.514951134102912 0.0031795470779006686 0.0032887743102595125
0 0.3405054123337251 0.5576808666900575 0.004769320616851047 0.004933161465389269
1 0.5186792309219812 0.46154509385013603 0.050946665583431285 0.14628850180902225
0 0.6750752812462928 0.5065223219147257 0.011101141233702094 0.009948210085908293
0 0.6115173417168741 0.5387859452750455 0.014226141233702094 0.010111984396167806
0 0.3754241087630027 0.45263151854450834 0.009511367694751716 0.008303822930778536
1 0.42334518587267544 0.5549033474681806 0.03225912094116268 0.05945024310259513
1 0.3720048283241935 0.5255334300098976 0.01973184740221221 0.057232645861557074
1 0.29269342937985365 0.46165903776638517 0.13483865016215582 0.03360479534115868
2 0.2992122106294418 0.521528682723431 0.06518071509696392 0.06741987336031982
1 0.2825195884704632 0.5059822478522934 0.04388636769475172 0.010105340343633173
2 0.6784672881461515 0.43205791044933645 0.06477161201270895 0.04398237336031983
0 0.4492570750777826 0.47143907225341 0.02214773538950343 0.016771420171816587
0 0.2921791862797125 0.38739934418882027 0.015843188311602675 0.013318871551297563
0 0.45333664894104453 0.5259627979431505 0.014226141233702094 0.010111984396167806
0 0.4553258429346901 0.5055274672104558 0.018968188311602675 0.013482645861557074