0 0.5026537740466172 0.01373505155179528 0.01778770072563951 0.01778770072563941
0 0.5072173107919239 0.34601183821228415 0.01142857332097762 0.014444445916315996
0 0.5586905307548571 0.3864532997376967 0.00970238221398514 0.00970238221398514
0 0.5398611744015877 0.4520336597191633 0.006468254809323426 0.006468254809323426
0 0.5446057273041452 0.520701814165667 0.014771828130301045 0.02080357332097762
0 0.5371206095181303 0.5303496326773213 0.004905754809323426 0.006413691106992481
0 0.5252654502623033 0.5268526104448027 0.003234127404661713 0.003234127404661713
0 0.5049355920949352 0.5494642204262693 0.01142857332097762 0.014444445916316084
0 0.5115030506251229 0.5359374337657805 0.004905754809323426 0.006413691106992659
0 0.5057614821134686 0.5283159067239384 0.004905754809323426 0.006413691106992659
0 0.4908631684111378 0.5272717618960815 0.003234127404661713 0.003234127404661713
0 0.4996478913692958 0.5324404115332617 0.004905754809323426 0.006413691106992659
0 0.4588889713136955 0.5972221633473603 0.004905754809323426 0.006413691106992659
0 0.40228430724854497 0.5890302066312711 0.00813988221398514 0.009647818511654194
0 0.4064782778444502 0.753928520333602 0.006468254809323426 0.006468254809323426
0 0.4326563758450172 0.9211879422033007 0.009866073320977619 0.014389882213985317
0 0.23703385179840009 0.8967311231434925 0.012991073320977709 0.014499009618646853
0 0.45785969545297983 0.5229488496450296 0.014662700725639511 0.01767857332097762
0 0.4899083036203479 0.4999280118960815 0.016334328130301046 0.020858137023308566
0 0.6602455962712865 0.4274924727885219 0.008085318511654194 0.008085318511654194
0 0.6847421100662846 0.3226040761465666 0.00813988221398514 0.009647818511654194
0 0.8835318180483182 0.5049552407598712 0.008194445916316084 0.011210318511654193
0 0.6744816779449666 0.20797858095588997 0.01455357332097762 0.014553573320977708
0 0.8556076815731636 0.28769581889017243 0.008194445916316084 0.011210318511654282
0 0.6497495842903869 0.5749131098118305 0.004905754809323426 0.006413691106992659
0 0.6143726233979465 0.7490152979235982 0.006468254809323426 0.006468254809323426
2 0.061865149173844135 0.517222216334736 0.04527778366526396 0.045277783665263985
2 0.7605952488188736 0.05322410436953492 0.04322421034428636 0.031160719962933105