0 0.4760327975172308 0.42680265015309937 0.004723861436318444 0.006441000988583312
0 0.47638732152133595 0.48774015015309935 0.0031613614363184437 0.006377333992388756
0 0.3676895532727674 0.6086030898867067 0.011001132513557365 0.011383168973360825
1 0.48255044222923243 0.33823489867022466 0.04596700585373235 0.11434634288963733
1 0.6017408037637468 0.27477062346135367 0.039389752926866174 0.05784167490485981
1 0.5900362101832133 0.41199870943090877 0.09671241529826116 0.24450868676785795
2 0.5906492885402403 0.3830606259328116 0.0646988251355733 0.11198534684397003
2 0.5255323068870048 0.20442097277678167 0.03458407825883114 0.037338173916276585
1 0.4279174843837102 0.3498382435370283 0.16936009582002853 0.38024986859279986
1 0.44075837284919583 0.40792265756747315 0.07734427088084708 0.13749468281352506
0 0.4202413397699044 0.3735940785180003 0.004723861436318444 0.006441000988583134
0 0.4412441861791082 0.35710957406937605 0.0031613614363184437 0.006377333992388756
1 0.3671906252850828 0.7914792568829012 0.15754083098930574 0.22824169961943905
1 0.32391734825591556 0.7408863492782469 0.04724770472226432 0.0659725098858317
2 0.38373323067127696 0.81424825342286 0.05830337939029935 0.08673067885919253
1 0.6161099143163025 0.864168704487993 0.03782725292686635 0.05777800790866507
1 0.5712514113894362 0.809733213879533 0.03321247579950324 0.07008700692008211
2 0.5902241251868869 0.8472504599252005 0.056677246876741985 0.07572951186299832
1 0.24063110782208116 0.3941970330803553 0.04447722872636941 0.12678267589344294
2 0.22193110479701908 0.403554787034688 0.04102497579950315 0.07040534190105419