2 0.065625 0.4765625 0.05625 0.05625
2 0.4875 0.85078125 0.24765625 0.15234375
2 0.528125 0.59765625 0.1140625 0.125
1 0.61796875 0.60546875 0.08828125 0.05078125
0 0.86953125 0.34296875 0.0078125 0.00703125
0 0.840625 0.43359375 0.00625 0.0046875
0 0.83828125 0.33046875 0.00703125 0.00546875
0 0.8203125 0.09765625 0.01171875 0.0109375
0 0.815625 0.11015625 0.01015625 0.0078125
0 0.8359375 0.14921875 0.009375 0.01015625
0 0.79296875 0.02890625 0.01015625 0.0078125
0 0.796875 0.05078125 0.009375 0.0078125
0 0.76328125 0.16328125 0.00859375 0.00546875
0 0.21171875 0.6796875 0.009375 0.00703125
0 0.52890625 0.8 0.009375 0.00625
0 0.76328125 0.27265625 0.00625 0.00546875
0 0.86484375 0.21328125 0.01015625 0.009375
0 0.76796875 0.1390625 0.00859375 0.0078125
0 0.784375 0.00859375 0.00859375 0.00703125
0 0.8046875 0.0359375 0.00859375 0.0078125
0 0.79453125 0.0421875 0.00625 0.00546875