0 0.9286894075086604 0.32818720679499414 0.01668953301668665 0.02049431333545444
0 0.8235891497067442 0.3199287167806766 0.00838571008590847 0.011028406667727175
0 0.8586092808689803 0.26327018411835823 0.008303822930778536 0.009465906667727175
0 0.7889695675037116 0.14520088944140414 0.014799484396167805 0.014226132001908986
0 0.7354926854369644 0.22587817743472263 0.02343085594746519 0.029942038669636163
0 0.7578280308689802 0.26209748810467703 0.020060194482076098 0.025218176002545344
0 0.7174653024657063 0.331201476766359 0.030254066033373484 0.040952264003817976
0 0.687985842379798 0.34180262209576834 0.011510710085908116 0.011064769334818082
0 0.6840972817734914 0.23700603409449564 0.03165279172311415 0.03784544533736352
0 0.7104240863869042 0.2865611387650864 0.005015048620519024 0.006304544000636359
0 0.7181967220716958 0.10841795743154095 0.016525758706427317 0.01736931333545444
0 0.6544960702172451 0.07093559142263225 0.020060194482076098 0.025218176002545344
0 0.5947072331529724 0.24221969808240526 0.02647396879233561 0.028415901336727067
0 0.43153561001979507 0.7304634907304062 0.01496325870642714 0.017351132001908985
0 0.42179319708406793 0.5583703147278609 0.013400758706427141 0.01733295066836362
0 0.42526783638690413 0.2832430453930427 0.01496325870642714 0.017351132001908985
0 0.5303724954774441 0.1273390380728603 0.021458920171816588 0.0221113573360908
0 0.6266234599743666 0.6475253634229505 0.03165279172311397 0.03784544533736352