1 0.4844221954529798 0.5138788777713339 0.04936508293962447 0.029101001809022264
1 0.46118559209493526 0.543273128675845 0.03346726442797028 0.020469630257724702
1 0.4137550313878292 0.5074075497521727 0.025654764427970277 0.020060194482076098
1 0.5672049244015875 0.44144727781676246 0.10536211179556502 0.06946705223856356
1 0.4814658318433162 0.4068066841937691 0.057395837748947895 0.03576043758467105
1 0.46242067676384035 0.2872721121675017 0.06698909255827132 0.042501760515449585
1 0.6691716737686153 0.31322270126793933 0.04344246515360979 0.03814845318850333
1 0.6727728781224519 0.4163477012679394 0.1595238221398514 0.10193871551297526
1 0.6259772344757214 0.35383773518913725 0.03535714664195542 0.02992651741285455
1 0.6747421166897065 0.360674233380115 0.052872028855940556 0.040202276119281774
2 0.5572817981780522 0.35900327001484633 0.12336806733052796 0.09380531094499087
2 0.4416717002623033 0.5223807745374021 0.052926592558271326 0.041764776119281775
2 0.7611111810250095 0.48059390773580296 0.12369544954451292 0.10318031094499087
0 0.6130159653232458 0.6550660425160835 0.011210318511654193 0.008385710085908115
0 0.24087803737827906 0.44289574966131573 0.006468254809323426 0.006577548620519025