0 0.5726629419584601 0.8800149643813213 0.007948867694751626 0.008221935775648604
0 0.39664986687738224 0.8575214094292243 0.007948867694751716 0.008221935775648604
0 0.40867298538620817 0.5178381117132165 0.008003414772652383 0.011346935775648603
0 0.33430423092198125 0.5053547218445533 0.0159522824674041 0.01956887155129756
0 0.3926252455324778 0.49280049016191896 0.025545470779006773 0.0325601944820761
0 0.5667775860348312 0.6322768272261916 0.012718188311602674 0.01315509724103805
0 0.5307798104672861 0.5375065598133372 0.007948867694751626 0.008221935775648781
0 0.527572989850435 0.5326552855030776 0.0031795470779005797 0.0032887743102595125
0 0.49307348457542927 0.38957034882291774 0.004796594155801514 0.006495661465389269
0 0.32302008319545744 0.39548839891377474 0.004796594155801337 0.006495661465389269
0 0.3631871615229462 0.46081682779201855 0.004769320616851047 0.004933161465389269
0 0.5357910442352316 0.2879978827441156 0.012745461850553141 0.01471759724103805
0 0.5253523762161684 0.22656905981333714 0.0063863676947516265 0.008140048620519025
0 0.5708967012972462 0.24222503731209993 0.02869774431795715 0.034286468792335524
0 0.5864359265404799 0.2828467152858326 0.01595228246740419 0.01956887155129756
0 0.6089672658250173 0.45574530472495445 0.0175420560063543 0.021213258706427318
0 0.5711945304355138 0.4381550130018404 0.004769320616851047 0.004933161465389091
0 0.6808752678536122 0.5508364767057933 0.007976141233702095 0.00978443577564878
0 0.6600757982924214 0.47715663726667146 0.004796594155801337 0.006495661465389269
0 0.7127098745913153 0.45181580054108295 0.014362508928453721 0.017924484396167804
0 0.7607343173671449 0.47540710877254033 0.008003414772652206 0.011346935775648603
0 0.8190729228870319 0.4191438206674709 0.0159795560063543 0.021131371551297563
0 0.7946302560857846 0.3156127069180895 0.0175420560063543 0.021213258706427318
0 0.7703939151763942 0.35805251243601355 0.011128414772652384 0.011510710085908293
0 0.719821170858437 0.3226196234718615 0.0063863676947516265 0.008140048620519025