1 0.27265625 0.528125 0.05703125 0.03359375
1 0.29296875 0.5625 0.05390625 0.01328125
1 0.39453125 0.64453125 0.06953125 0.02109375
1 0.3109375 0.66953125 0.034375 0.01875
1 0.50234375 0.684375 0.02421875 0.053125
1 0.70390625 0.45390625 0.05546875 0.03203125
1 0.78203125 0.43359375 0.02421875 0.0203125
1 0.7171875 0.28359375 0.0515625 0.034375
1 0.7546875 0.309375 0.0515625 0.01875
1 0.55625 0.2015625 0.034375 0.021875
0 0.6953125 0.2 0.00625 0.0046875
2 0.403125 0.21875 0.09453125 0.0734375
2 0.25859375 0.546875 0.04375 0.04296875
2 0.3421875 0.6578125 0.0359375 0.02265625
2 0.43515625 0.65078125 0.05859375 0.028125
2 0.4578125 0.76953125 0.1515625 0.14921875
2 0.70234375 0.6015625 0.0484375 0.02109375
2 0.77109375 0.471875 0.07421875 0.06171875
2 0.75859375 0.290625 0.03671875 0.0328125