2 0.8462651785424498 0.6041626766743049 0.1635817445232167 0.36293902393569455
2 0.04831707501895292 0.7470380009499304 0.05635295157021036 0.11217399810013902
0 0.45301265439406196 0.20053636892236076 0.10865959765100204 0.08528549620027785
0 0.5251580905248661 0.288761761114826 0.01130121285298138 0.012754573138263937
0 0.4992404482049981 0.2846743263693051 0.008039820533113407 0.007994337955902786
0 0.4668742290838105 0.3276437295796871 0.00969324874635884 0.011155705547083273
0 0.4884680842566599 0.3443402670987496 0.008085284639735946 0.009556837955902786
0 0.4846360420950765 0.40071755366788153 0.011346676959604096 0.014317073138263936
0 0.4268546343358022 0.37626372074597186 0.009693248746358662 0.011155705547083273
0 0.4030019456977156 0.30880411702249966 0.014562605172849529 0.017514808320625
0 0.6078378613745486 0.4166126977602079 0.012909176959604095 0.014353440729444422
0 0.562971642253361 0.45987304170003435 0.014471676959604097 0.014389808320624909
0 0.5277986718785322 0.5138526800927773 0.014562605172849529 0.01751480832062491
0 0.5098897578510517 0.543195341186944 0.014517141066226813 0.015952308320624907
0 0.47542148112887456 0.6213937295796871 0.012909176959604095 0.014353440729444422
0 0.7259466668639674 0.5530203636040272 0.012909176959604095 0.0143534407294446
0 0.47974160510634245 0.4743187078281941 0.011346676959604096 0.014317073138263936
0 0.3954264410788621 0.5052069915475343 0.00813074874635884 0.011119337955902786
0 0.2750684769722394 0.5064447960684373 0.008130748746358751 0.011119337955902786