2 0.89609375 0.62421875 0.2078125 0.1078125
2 0.4921875 0.378125 0.3265625 0.06328125
2 0.496875 0.575 0.0640625 0.04375
2 0.2484375 0.49921875 0.05 0.046875
2 0.19453125 0.13984375 0.17734375 0.159375
2 0.065625 0.4859375 0.06875 0.0640625
2 0.01328125 0.82578125 0.0265625 0.07734375
0 0.73125 0.38203125 0.0078125 0.00546875
0 0.60859375 0.63203125 0.0078125 0.00390625
0 0.28203125 0.44453125 0.03828125 0.028125
0 0.31953125 0.315625 0.0078125 0.00703125
0 0.378125 0.27578125 0.01015625 0.00859375