0 0.6809254587628534 0.5384373852345659 0.00813074874635884 0.01134693577564878
0 0.7095422037482884 0.49325436001979506 0.016216033386094963 0.021131371551297563
0 0.6970338435608741 0.467387900838398 0.008085284639736123 0.00978443577564878
0 0.7342837909744493 0.47401635911528395 0.01612510517284953 0.018006371551297563
0 0.7518206319615338 0.48791840683129184 0.01612510517284953 0.018006371551297563
0 0.8461222129194883 0.4104308146786365 0.008130748746359018 0.01134693577564878
0 0.8924720271843956 0.34559703075743853 0.019522889812585476 0.027545145861557076
0 0.9493966624446347 0.5875521573971187 0.01612510517284953 0.018006371551297563
0 0.9384340818823915 0.5085606982157216 0.008039820533113584 0.008221935775648781
0 0.8665447100164947 0.5396303137741253 0.011255748746359017 0.011510710085908116
0 0.7806192333734596 0.4364853816165212 0.003261392319867973 0.0048512743102595126
0 0.6601165167595544 0.42251913613907693 0.035511602665567035 0.04086401741285446
0 0.7419719220115463 0.37064569764989475 0.0032613923198681503 0.0048512743102595126
0 0.7199976336108864 0.34839556139927613 0.004869356426490867 0.006495661465389269
0 0.5520192087628534 0.5451930755327703 0.00813074874635884 0.01134693577564878
0 0.6311731628403462 0.45211810493141247 0.008039820533113407 0.008221935775648781
0 0.5342837909744492 0.4844979149718922 0.014562605172849529 0.017924484396167804
0 0.5015933114284203 0.5088328516520522 0.026091138558944314 0.0388101944820761
0 0.5836054925446597 0.3711447438955645 0.0032613923198681503 0.0048512743102595126
0 0.5425916991294348 0.3062091406616327 0.008130748746358663 0.01134693577564878
0 0.5493872684089072 0.2871315920411137 0.0064318564264908675 0.006577548620519025
0 0.49821356182413173 0.3568985374277009 0.004869356426490867 0.006495661465389269
0 0.5091450501456493 0.41014969018666286 0.0064318564264908675 0.006577548620519025
0 0.46190032561418537 0.4789306676854257 0.021085389812585474 0.02762703301668683
0 0.46199491699698125 0.34163538557325007 0.0032613923198681503 0.0048512743102595126
0 0.45639578635559575 0.2927851277713339 0.004869356426490867 0.006495661465389269
0 0.45229330806320805 0.32654265208159344 0.0032159282132454337 0.0032887743102595125
0 0.43265440947513395 0.2776481286758451 0.01300010517284953 0.01784259724103805
0 0.41940425171585966 0.30408447591688315 0.003261392319867973 0.0048512743102595126
0 0.39937289654301017 0.322295565356005 0.0048693564264907785 0.006495661465389269
0 0.3993585246771133 0.34959837177844016 0.00486935642649069 0.006495661465389269
0 0.3849944963055833 0.4143159690194782 0.01300010517284953 0.01784259724103805
0 0.4539153632234223 0.806973780530296 0.008039820533113407 0.008221935775648604
0 0.4647081107161398 0.7845665140219525 0.011346676959604096 0.014635710085908294
0 0.5352539429277356 0.7192447291962434 0.0032613923198681503 0.0048512743102595126
2 0.3748144804039587 0.12076736488103516 0.04561402837152997 0.06635534034363304
0 0.4117498422407258 0.0041630410457455065 0.008039820533113407 0.008221935775648762
0 0.39874137688046185 0.0022026902424337027 0.01300010517284953 0.004405380484867405
0 0.376685273489979 0.8071209447092187 0.00643185642649069 0.006577548620519025
0 0.3927505426903089 0.8179798795803563 0.009784176959604096 0.014553822930778181
0 0.34665914119924085 0.9007414699239892 0.011346676959604096 0.014635710085908471
0 0.6393012822654677 0.8698035719147257 0.00643185642649069 0.006577548620519025
0 0.6515739617323543 0.8769609746736877 0.00643185642649069 0.006577548620519025
0 0.6610997259181192 0.844479345320474 0.01300010517284953 0.01784259724103805
0 0.5952821607952822 0.7473011301461832 0.008039820533113407 0.008221935775648781
0 0.6153924208244119 0.8336137663968017 0.00643185642649069 0.006577548620519025
0 0.29675373258203674 0.7660665767759658 0.01300010517284953 0.01784259724103805