1 0.51640625 0.47421875 0.04296875 0.01640625
1 0.53359375 0.44375 0.02890625 0.0125
1 0.58359375 0.47109375 0.0203125 0.01484375
1 0.45078125 0.55234375 0.0890625 0.04453125
1 0.53515625 0.5734375 0.05078125 0.021875
1 0.5703125 0.68125 0.05703125 0.0265625
1 0.37421875 0.684375 0.03515625 0.028125
1 0.35625 0.5890625 0.13828125 0.06328125
1 0.40859375 0.64140625 0.0296875 0.0203125
1 0.36171875 0.64140625 0.04296875 0.028125
2 0.471875 0.62734375 0.103125 0.06328125
2 0.55546875 0.4609375 0.04375 0.02890625
2 0.26484375 0.54140625 0.1015625 0.07265625
0 0.3765625 0.36015625 0.01015625 0.00703125
0 0.75390625 0.50859375 0.00625 0.0046875