1 0.3737651328597166 0.5429717325369985 0.11121854025277607 0.21464428298109545
1 0.3149356874731294 0.5925177354638647 0.03009029172311406 0.03766362646343317
1 0.3460086250578005 0.5361041090004315 0.03765713025772479 0.03302157825883114
1 0.33709064846354886 0.5572433107958297 0.016198210085908292 0.011028403590796288
0 0.32745669889309015 0.5026285336684666 0.008221935775648781 0.007857951795397966
0 0.4209101277713339 0.463034247662309 0.014635710085908115 0.01101931323171641
0 0.4029314116925319 0.418621172330344 0.008221935775648781 0.007857951795397966
0 0.5501981580744872 0.5146098623200812 0.014635710085908294 0.01101931323171641
0 0.5318786052700968 0.4170899677062755 0.011510710085908293 0.011001132513557365
0 0.6355391938047075 0.42117295882748096 0.004933161465389269 0.004714771077238921
0 0.6786750401412344 0.43263717877325164 0.0032887743102595125 0.003143180718159222
0 0.6400562754419132 0.39459227810932174 0.006577548620519025 0.006286361436318444
1 0.46841256953987653 0.5103996061717612 0.07817366689245624 0.15040906615858277
0 0.30816778833221203 0.4832154583365016 0.013073210085908293 0.011010222872636888
0 0.3688087172104558 0.44381206987101596 0.01628009724103805 0.01259090359079611
0 0.6140526181603956 0.5033042027773568 0.011428822930778538 0.009438632513557366
1 0.5566296217784401 0.40679281714054144 0.04546298620519007 0.06274543969514959
1 0.610829120873929 0.43068885939321505 0.0311548247398008 0.05797612646343318
1 0.6969846268668227 0.4856394589256768 0.1399566146538927 0.047674951599006476
2 0.6844713387617534 0.426355362516473 0.07728619629109837 0.07386474687674198
1 0.7040877979431505 0.4395184378484379 0.04448698439616781 0.014317030054229286
2 0.31135034204111367 0.5566120517206434 0.07145227611928177 0.051962475799503235
0 0.5388445782463037 0.49280758519271817 0.025982645861557074 0.018895445745273954
0 0.7032921805757244 0.5590178715916594 0.01956887155129756 0.015734084308955332
0 0.5291696850982802 0.43897405806535517 0.01628009724103805 0.012590903590796287
0 0.5281051520815934 0.4592865580653552 0.021131371551297563 0.015743174668035032