0 0.28359375 0.075 0.01796875 0.01328125
0 0.3546875 0.06640625 0.02109375 0.0171875
0 0.58203125 0.10234375 0.02109375 0.015625
0 0.60390625 0.1296875 0.01484375 0.01171875
0 0.03984375 0.14453125 0.01328125 0.0078125
0 0.128125 0.22265625 0.02734375 0.0203125
0 0.23203125 0.29453125 0.01953125 0.015625
0 0.0765625 0.25390625 0.015625 0.01328125
0 0.4171875 0.3359375 0.03046875 0.021875
0 0.38671875 0.49375 0.028125 0.0234375
0 0.3453125 0.52890625 0.01640625 0.01171875
0 0.57109375 0.45546875 0.0234375 0.02421875
0 0.56953125 0.43515625 0.0140625 0.00859375
0 0.2828125 0.69375 0.021875 0.0203125
0 0.33984375 0.71328125 0.01484375 0.0125
0 0.34609375 0.725 0.015625 0.0125
0 0.221875 0.6328125 0.01015625 0.00703125
0 0.54453125 0.80859375 0.0234375 0.015625
0 0.61875 0.83046875 0.0140625 0.009375
0 0.6015625 0.65234375 0.01953125 0.0125
0 0.61640625 0.58046875 0.0234375 0.0203125
0 0.753125 0.546875 0.02421875 0.0203125
0 0.925 0.671875 0.0265625 0.02109375
0 0.9828125 0.6625 0.0296875 0.01796875
0 0.97421875 0.746875 0.0125 0.009375
0 0.18359375 0.396875 0.01640625 0.01328125
0 0.09296875 0.3234375 0.0125 0.01015625
0 0.07265625 0.35703125 0.0109375 0.00625
0 0.5703125 0.49765625 0.01953125 0.01328125
0 0.21015625 0.45 0.0078125 0.00703125
0 0.85 0.203125 0.01953125 0.01328125
0 0.9484375 0.29375 0.01953125 0.02265625
0 0.96875 0.36484375 0.01953125 0.01328125
0 0.77734375 0.7390625 0.00703125 0.00703125
0 0.97734375 0.7328125 0.01015625 0.00546875
0 0.5734375 0.93125 0.009375 0.00859375