0 0.35721487222866605 0.47337129692145863 0.014799484396167805 0.014389808320624909
0 0.5720807129109834 0.7467945323881602 0.01159259724103805 0.012754573138263937
0 0.5476804992070304 0.6385456212939935 0.020060194482076098 0.025436411094166545
0 0.5356651780852743 0.6772808129733685 0.005015048620519024 0.006359102773541636
0 0.3030585594746529 0.30356663677722245 0.01159259724103805 0.012754573138263937
0 0.24905821347681023 0.5387397641520488 0.011756371551297561 0.015879573138263936
0 0.2294185001115417 0.6553271988975696 0.011838258706427318 0.017442073138263937
0 0.49497157903521394 0.6154704907850351 0.008549484396167806 0.014244337955902787
0 0.5187742492070304 0.6378728208571532 0.008303822930778536 0.009556837955902786
0 0.5016210487320606 0.6679051597629865 0.025075243102595124 0.03179551386770836
0 0.47747421980838833 0.713380660712917 0.008549484396167806 0.014244337955902608
0 0.4973197303238379 0.7793875204203129 0.010030097241038049 0.012718205547083273
0 0.42518802351728996 0.6388157653863198 0.005015048620519024 0.006359102773541636
0 0.47566497908064254 0.5299687486688198 0.005015048620519024 0.006359102773541636
0 0.5082661171402834 0.556477350492431 0.0032887743102595125 0.0031977351823609724
0 0.50800052351729 0.6407432477188892 0.0033706614653892684 0.00476023518236115
0 0.3762945793738982 0.8374337969214587 0.008303822930778536 0.009556837955902609
0 0.3523391802329809 0.9461178126890282 0.008549484396167806 0.014244337955902608