1 0.39775363954564014 0.6476782004897627 0.24495901775758924 0.21206717207625303
0 0.6776184015476927 0.6123274870176518 0.02041249394987581 0.01754205600635448
0 0.7064332270760494 0.7618092897775953 0.01726022287263689 0.012800008928453722
0 0.6907264138443329 0.7761445251670988 0.015679542154477664 0.00964773538950343
0 0.5480616699926528 0.8606576672115797 0.010992042154477844 0.009565914772652206
0 0.839187681503726 0.5009245625057668 0.015688632513557364 0.011210235389503432
0 0.4289006630587659 0.26201739001918134 0.017251132513557366 0.01123750892845372
0 0.26168238856368153 0.004040843345022462 0.01726022287263689 0.008081686690044923
0 0.3279386476388678 0.026303806820428606 0.010992042154477666 0.009565914772652385
0 0.36780005747618 0.15684469480771976 0.010992042154477666 0.009565914772652385
0 0.24164662363476275 0.08874135146269731 0.009411361436318443 0.00641364123370205