2 0.3140625 0.38989681818108013 0.0953125 0.10343261646291495
1 0.58203125 0.1937842152858326 0.065625 0.08000176051544958
0 0.61640625 0.43855448269868713 0.00625 0.009702548620519025
0 0.50859375 0.3000917689947342 0.00625 0.009702548620519025
2 0.4609375 0.6999379607632769 0.0546875 0.07161605042954129
0 0.92265625 0.47335436510411844 0.00625 0.009702548620519025
0 0.721875 0.4456443656699454 0.00625 0.006577548620519025
0 0.62421875 0.2811514184743359 0.0046875 0.006495661465389269
0 0.596875 0.34065589325956525 0.00625 0.006577548620519025
0 0.525 0.39626408412359665 0.00625 0.006577548620519025
1 0.5921875 0.423222731794176 0.0125 0.04128009724103805
0 0.28671875 0.4447137929663095 0.0046875 0.006495661465389269
0 0.228125 0.4025805246489438 0.0046875 0.006495661465389269
2 0.340625 0.44832014981828594 0.0171875 0.03840075870642714
2 0.35625 0.32413902136958345 0.0171875 0.021213258706427318