0 0.3198855688172538 0.3307660052912292 0.027289925705962937 0.02530908267027261
0 0.2083894423325033 0.5008705146403648 0.02081260517284953 0.0174238573360908
0 0.4882109861434394 0.5827995779360484 0.02081260517284953 0.0174238573360908
0 0.7328355128656167 0.5025831772358681 0.024028533386094963 0.020585220003181703
0 0.5505063976636373 0.5750410745942306 0.025591033386094964 0.020603401336727244
0 0.5238148316828705 0.8395035639322304 0.019159176959604098 0.014280676002545433
0 0.36697980997525814 0.8749336286203203 0.012818248746358752 0.011082950668363623
0 0.5819680316702353 0.3402206319223672 0.017596676959604096 0.014262494668999893
0 0.6832433751646022 0.3023110045751406 0.01768760517284953 0.017387494668999894
0 0.6163226481258558 0.2585433705840493 0.02563649749271768 0.022165901336727068
0 0.6389190621533362 0.22936440058086757 0.016034176959604095 0.01424431333545444
0 0.6377106001582845 0.05353769724700397 0.01755121285298138 0.012699994668999893
0 0.4707109682632578 0.115657531269912 0.008039820533113407 0.007903406667727219
0 0.4212505258642475 0.0810649026098208 0.008039820533113407 0.007903406667727219
0 0.6028665872261609 0.010959845918231034 0.020721676959604095 0.014298857336090782
0 0.663504154327555 0.6714155405792768 0.014471676959604097 0.014226132001908986
0 0.6769301568348374 0.6493769085773677 0.02076714106622681 0.015861357336090797