2 0.42348541345154944 0.5313879180287356 0.05812157220870695 0.05346134328594587
2 0.46098086827200957 0.5323873366466465 0.039217036104353474 0.02678975897699054
2 0.4830240399149826 0.5036083516737611 0.03145907825883114 0.03611930718159222
2 0.4745939163784156 0.47543335469882314 0.048655668617910666 0.03778180113146803
2 0.4315751694034777 0.48377711982413374 0.05795794574527378 0.025336343285945872
2 0.3795354255517978 0.5655083879745064 0.03925339754067192 0.03303975897699054
2 0.0278790394240032 0.40251192164297295 0.0557580788480064 0.09877384328594588
0 0.13394112442032965 0.6125187015990063 0.0094204517953981 0.007867042154477843
0 0.2340654069104459 0.18886809904148247 0.006277271077238833 0.004723861436318444
0 0.3618358829063408 0.2505510084860111 0.007857951795398143 0.007857951795398143
0 0.5958341538853837 0.18237876716841397 0.007857951795397966 0.0078579517953981