0 0.7910618868430846 0.3640625 0.00973871285298138 0.0125
0 0.6686185855103013 0.34453125 0.01130121285298138 0.0125
0 0.6856924252437444 0.340625 0.009647784639735946 0.009375
0 0.4310767845732292 0.47734375 0.0032159282132454337 0.003125
0 0.4683614873970807 0.57734375 0.0033068564264908673 0.00625
0 0.47376204123714666 0.575 0.0032159282132454337 0.003125
0 0.47832752078317553 0.59765625 0.0032613923198681503 0.0046875
0 0.4171172361434394 0.58828125 0.0032613923198681503 0.0046875
0 0.4285859335570147 0.5796875 0.0033068564264906895 0.00625
0 0.42229046945039206 0.578125 0.0032613923198681503 0.0046875
0 0.47459476702225184 0.63046875 0.0032159282132454337 0.003125
0 0.4839470349689405 0.6296875 0.0016534282132454337 0.003125
0 0.4921830837944416 0.67109375 0.0032159282132454337 0.003125
2 0.6099075120741939 0.20625 0.03859113855894432 0.0375
0 0.584503312944759 0.54140625 0.006477320533113407 0.0078125
0 0.5918982757977405 0.55390625 0.0032159282132454337 0.003125
0 0.5957590616911178 0.55234375 0.0032159282132454337 0.003125
0 0.5227257608205527 0.2171875 0.009647784639736123 0.009375
0 0.5462314569804867 0.21953125 0.008085284639735946 0.009375
0 0.5705698789255258 0.27734375 0.004869356426490867 0.00625
0 0.4311005504748537 0.1828125 0.009784176959604096 0.0140625
0 0.2884607579175588 0.08671875 0.01125574874635884 0.0109375
0 0.19252613229073817 0.0921875 0.003306856426490734 0.00625
0 0.518762023356965 0.1078125 0.00973871285298138 0.0125
0 0.7298706710871093 0.22109375 0.008085284639736123 0.009375
0 0.7229985454602887 0.2265625 0.006477320533113407 0.0078125
0 0.3159207975053528 0.5203125 0.008176212852981469 0.0125
2 0.44676528371529933 0.640625 0.03426735141192587 0.05