0 0.5167850625443455 0.49490962403768834 0.01416249394987581 0.017924484396167804
0 0.5409856318261863 0.4930538749421995 0.004714771077238921 0.004933161465389269
0 0.3491157735131257 0.4033351984388049 0.011019313231716588 0.014635710085908294
0 0.3710271349494442 0.4107316186106214 0.01572499394987581 0.018006371551297563
0 0.29509186972593787 0.5145316480092637 0.009456813231716588 0.014553822930778537
0 0.28401346916020376 0.4897396879233553 0.015761355386194255 0.024256371551297562
0 0.2820787853187866 0.5599293571906607 0.018904536104353477 0.027545145861557076
0 0.28266913777811464 0.5271578007682256 0.007867042154477666 0.00978443577564878
0 0.22468392095560188 0.4944404760284248 0.006286361436318444 0.006577548620519025
0 0.2477674178323439 0.5690653397778063 0.011019313231716588 0.014635710085908115
0 0.26736230034590125 0.581026429216928 0.011019313231716588 0.014635710085908294
0 0.27620149004105093 0.6236643085701417 0.007867042154477666 0.009784435775648604
0 0.3083190984523073 0.6401867452503016 0.009438632513557366 0.011428822930778538
0 0.35457140885535343 0.5356121099041942 0.015743174668035032 0.021131371551297563
0 0.3437702642415477 0.558476399818286 0.022074987899751618 0.03552142017181659
0 0.345092390606785 0.6514860933958507 0.011019313231716588 0.014635710085908115
0 0.38006683342519265 0.6220785543862701 0.011010222872636888 0.013073210085908293
0 0.35849181527482 0.6724946342144537 0.011019313231716588 0.014635710085908294
0 0.20426285752749357 0.6089599994341731 0.007857951795398143 0.008221935775648781
0 0.27300428804926113 0.7453345906823173 0.009447722872636889 0.012991322930778537
0 0.2804036975919856 0.8089843328804012 0.007876132513557366 0.011346935775648603
0 0.3023286945669235 0.8187245030522178 0.007867042154477666 0.009784435775648604
0 0.35968213143340283 0.7428480777920186 0.007876132513557366 0.01134693577564878
0 0.39569742036642663 0.892346788782438 0.009438632513557366 0.011428822930778538
0 0.41977474891984545 0.735063233264514 0.007876132513557366 0.01134693577564878
0 0.4367536915418614 0.8343605483933765 0.029878397540671918 0.03436835594746555
0 0.4440844025106417 0.7519574841690251 0.011019313231716588 0.014635710085908294
0 0.46923439343545537 0.7790489286511011 0.01887726502711473 0.022857645861557075
0 0.46703102312034234 0.6688107914959713 0.006286361436318444 0.006577548620519025
0 0.45517591773414806 0.6447591378324983 0.011001132513557365 0.011510710085908293
2 0.4499798785065366 0.6913475327895442 0.04882838544042354 0.06972600180902226
0 0.48720716773414807 0.6464378245126582 0.009456813231716588 0.014553822930778537
0 0.5031730561996337 0.7058504460639557 0.006286361436318444 0.006577548620519025
0 0.5877475232185382 0.6103132960185272 0.006286361436318444 0.006577548620519025
0 0.6305980985505031 0.5922526927845955 0.007876132513557366 0.011346935775648603
0 0.6088912701934761 0.6200125226127788 0.006286361436318444 0.006577548620519025
0 0.6071020320973328 0.7152021918800842 0.006286361436318444 0.006577548620519025
2 0.5864122821955287 0.6492939088633974 0.05361587939029935 0.08715916327441153
2 0.6327060200952802 0.6860845799397252 0.051935204722264317 0.06676477611928178
2 0.6018741766129427 0.7563218368371301 0.0802238311856975 0.0963637449116174
0 0.5722003121515621 0.7571097308896648 0.009438632513557366 0.011428822930778538
0 0.6191253091265 0.7681600955435574 0.006286361436318444 0.006577548620519025
0 0.6698020199970843 0.7528526780852743 0.015715903590796287 0.016443871551297562
0 0.6793633723582164 0.7853752510160528 0.011001132513557365 0.011510710085908293
0 0.6866491524124457 0.8294937432141367 0.007857951795397966 0.008221935775648604
0 0.6948525378528694 0.8970906789897855 0.01572499394987581 0.018006371551297563
0 0.7119622489198455 0.7503761312737776 0.014144313231716587 0.014799484396167805
0 0.7283457730221464 0.7473296964026399 0.007857951795397966 0.008221935775648604
0 0.7542951946651193 0.7775870844622809 0.010992042154477844 0.009948210085908116
0 0.7036275741536147 0.794457001920564 0.03616475897699054 0.04094590456798421
0 0.7498935200952802 0.6922261165744565 0.01885908430895533 0.019732645861557076
0 0.763274764045156 0.7101096573930594 0.01884999394987581 0.018170145861557074
0 0.7994122519449076 0.7463680619610437 0.014126132513557366 0.011674484396167806
0 0.7862900832288009 0.7730157711424408 0.010992042154477666 0.009948210085908116
0 0.8051946193331544 0.8005609170039978 0.014135222872636887 0.013236984396167628
0 0.5760570860574713 0.8830547551999242 0.018895445745273777 0.025982645861557074
0 0.5589741251868869 0.9001227464934971 0.01416249394987581 0.017924484396167627
0 0.6377894715960907 0.8886330478275495 0.023601126463433174 0.029353307326946167
0 0.5736203489432865 0.3299706987774892 0.02200226502711473 0.023021420171816586
0 0.6867481046006274 0.5780131303692665 0.007876132513557366 0.01134693577564878
0 0.6125520804983264 0.5780297405006032 0.003143180718159222 0.0032887743102595125
0 0.6406407190620079 0.5732537092929387 0.003143180718159222 0.0032887743102595125
0 0.6446242371141847 0.5867396771807631 0.003143180718159222 0.0032887743102595125
0 0.8419719357863247 0.6783074587271118 0.01259999394987581 0.01784259724103805
0 0.1332827370159888 0.6247653838757694 0.0078579517953981 0.008221935775648781
0 0.1294810261454044 0.642529415987945 0.011001132513557322 0.011510710085908293
0 0.08989635137917351 0.6849725435321363 0.011019313231716543 0.014635710085908294
0 0.08114858615566714 0.7922937206013578 0.009447722872636932 0.012991322930778537
0 0.11610484825591554 0.7597611815917773 0.022029536104353476 0.027708920171816587
0 0.13109858918072925 0.7863203595655099 0.011019313231716588 0.014635710085908294
0 0.15967356195517032 0.8651380783578453 0.011001132513557322 0.011510710085908472
0 0.16601901072550632 0.8818718769783643 0.009447722872636932 0.012991322930778182
0 0.1320025590283041 0.8074550531430749 0.006286361436318444 0.006577548620519025
0 0.14682812831014486 0.8051079811168073 0.0078579517953981 0.008221935775648604
0 0.25232362850653656 0.6809888076656305 0.011019313231716588 0.014635710085908294
0 0.6878055687908614 0.35704221110196105 0.03301248789975162 0.03609463025772479