0 0.6519690756068058 0.3268941975679107 0.014426175911805571 0.01619800296574958
0 0.723864219033542 0.42562351623726025 0.006468205547083272 0.009629667984777513
0 0.6876578813619798 0.6171226081383144 0.0063954703647222996 0.006504667984777513
0 0.7063617156150694 0.11041235171252381 0.009702308320624908 0.014444501977166357
0 0.5797803786090974 0.08116254490617233 0.0048329703647223 0.0064410009885831785
0 0.6329774605810764 0.04849728353746584 0.023837543502986235 0.01814250494291587
0 0.4266768284565975 0.25631107802370867 0.0032704703647223 0.006377333992388756
0 0.38114742933027806 0.31603358790954045 0.0063954703647222996 0.006504667984777601
0 0.39184919319798645 0.33905725243427687 0.006359102773541636 0.004942167984777601
0 0.4008773946610072 0.25658033346091613 0.01602504350298606 0.01782416996194396
0 0.37476948955076417 0.2771939223962208 0.009702308320624997 0.014444501977166357
0 0.37889198546670155 0.18553300441144324 0.011301175911805572 0.016070668973360736
0 0.35331075721819466 0.1951772598486507 0.008103440729444421 0.01281833498097198
0 0.32151720298163217 0.27388985026683016 0.01609777868534721 0.02094916996194396
0 0.30294773451677104 0.2152151872249684 0.0032704703647223 0.006377333992388756
0 0.32064372758291687 0.2027642667687329 0.0048329703647222114 0.006441000988583223
0 0.2484050516711113 0.19006794859367493 0.014571646276527784 0.022448002965749492
0 0.222806946047778 0.2661821210270768 0.003234102773541636 0.004814833992388756
0 0.2176102997712502 0.24449812201565996 0.003270470364722211 0.006377333992388756
0 0.11510289561093771 0.24163706026639256 0.0048329703647222114 0.006441000988583134