1 0.5724628540758347 0.41953125 0.07890873920022692 0.0671875
1 0.6335243835647475 0.5796875 0.04974702885594055 0.0375
1 0.37845988293177535 0.45703125 0.1263640925582714 0.0390625
1 0.6137724226723071 0.75234375 0.07885417549789597 0.065625
2 0.5152480324841375 0.1234375 0.09560516587924894 0.053125
0 0.7035094682336526 0.32421875 0.00970238221398514 0.009375
0 0.5280382422802697 0.35546875 0.006413691106992659 0.0046875
0 0.36092017494974177 0.26796875 0.009647818511654282 0.0078125
0 0.344543696001134 0.3359375 0.012772818511654283 0.0078125
0 0.699228739918017 0.51484375 0.009647818511654194 0.0078125
0 0.6381473961786192 0.55546875 0.012881945916316084 0.0109375
0 0.5918676516209149 0.684375 0.006468254809323426 0.00625
0 0.42105661069925676 0.46875 0.009647818511654194 0.0078125
0 0.4891865957231323 0.65234375 0.009647818511654194 0.0078125
0 0.6793527826537737 0.7734375 0.009647818511654194 0.0078125
0 0.7307118968115914 0.678125 0.006468254809323426 0.00625
2 0.6223413800213684 0.81875 0.5782837789407587 0.3625
2 0.26747525371301506 0.4109375 0.15381945916315987 0.109375
2 0.4744917009800934 0.9921875 0.07867063702330857 0.015625