0 0.7024511097327324 0.5361687697547228 0.013200336958138336 0.017478440729444423
0 0.7395147110253267 0.6221069229651047 0.013073002965749581 0.014353440729444422
0 0.7110687174511174 0.6518846887326741 0.008194501977166268 0.009556837955902786
0 0.5608657876033417 0.5859479513661116 0.013073002965749581 0.014353440729444422
0 0.428959213002493 0.6242447723201738 0.014762836958138337 0.01751480832062491
0 0.37351834342111 0.45124237699357667 0.013073002965749581 0.014353440729444422
0 0.36989593631074735 0.49642759042444473 0.013073002965749581 0.0143534407294446
0 0.29191019916232863 0.555492159478646 0.014762836958138337 0.01751480832062491
0 0.2982994620139099 0.6165205784565975 0.013327670950527093 0.020603440729444422
0 0.5350049886684746 0.35353484165871574 0.008258168973360824 0.011119337955902786
0 0.6275904422050653 0.13558623508545192 0.013073002965749581 0.014353440729444467
0 0.6383316240300074 0.20764307304135468 0.009820668973360824 0.011155705547083273
0 0.6752877959691176 0.2334795276385075 0.008258168973360824 0.011119337955902786
0 0.7403344758168933 0.29743423128572977 0.01151050296574958 0.014317073138263936
0 0.7836997456257377 0.7870422451534381 0.013327670950527093 0.0206034407294446
0 0.8508819284392629 0.8650958163918411 0.02133117193911005 0.025472778685347208
0 0.8192127757775246 0.9307019793858686 0.018524506920082118 0.03321254350298588
0 0.89233459938979 0.8863538737625355 0.00994800296574958 0.014280705547083272
0 0.8859108444468742 0.8627890871934035 0.006632001977166268 0.0095204703647223
0 0.950624601861248 0.8994182246362161 0.019450336958138338 0.017623911094166545
0 0.9710060860439172 0.8249637385039243 0.01151050296574958 0.014317073138263936
0 0.9496775726980443 0.7612460774097577 0.008258168973360824 0.011119337955902786
0 0.9438613128122126 0.7142801584318064 0.008258168973360824 0.011119337955902786
0 0.9204994086675995 0.7730550931773271 0.009820668973360824 0.011155705547083273
0 0.9971408799800969 0.8654075537584035 0.005718240039806232 0.011119337955902609
2 0.8541674600367436 0.6200924409168757 0.22268140220462768 0.33143575721819474
0 0.7948468567669827 0.524270141429966 0.006568334980972068 0.0079579703647223
0 0.8320112757403436 0.536062279822709 0.03127917490485963 0.03975348423243048
0 0.8489122742574688 0.5294310733256952 0.006568334980972068 0.0079579703647223
0 0.25844112456148 0.5960801386770835 0.018206171939110227 0.025400043502986237
0 0.17165604897204817 0.6307441197753821 0.009820668973360735 0.011155705547083273
0 0.5695696951708149 0.14828495041618103 0.008258168973360824 0.011119337955902786
0 0.5478976250185905 0.2102212527528824 0.008194501977166268 0.009556837955902786
0 0.5418094511023139 0.1757371499793407 0.021203837946721472 0.022347778685347208
0 0.603074556349241 0.2809708170574311 0.006504667984777513 0.0063954703647222996
0 0.6032164777940596 0.30360888326184077 0.00813083498097189 0.007994337955902786
0 0.6703509451708148 0.15063066004732695 0.016325336958138335 0.01755117591180557
0 0.6886791339158391 0.255645468367952 0.008130834980972067 0.007994337955902786