0 0.47188612958035625 0.3970687292025723 0.013236984396167805 0.014571835969555113
0 0.5321010125516146 0.28937163433576857 0.006659435775648781 0.008067167984777513
0 0.5281294855278216 0.3651528843357686 0.009948210085908293 0.011319501977166357
0 0.5526315185445083 0.34388537939285274 0.003370661465389091 0.004814833992388756
0 0.5664306676854257 0.45246454194042285 0.0069050972410380496 0.012754667984777512
0 0.5848807745374021 0.39792162197847897 0.0034525486205190248 0.006377333992388756
0 0.6037912268213942 0.3792207015222434 0.005178822930778537 0.009566000988583134
0 0.6404446997976013 0.4533466096211892 0.019732645861557076 0.019514003954332716
0 0.6151293600197951 0.6983871955907444 0.014881371551297562 0.01619800296574958
0 0.8632049276350484 0.17453456562923794 0.008303822930778536 0.009693334980971979
0 0.7758709447092187 0.3683110819408603 0.0066594357756486035 0.008067167984777513
0 0.6908851130720128 0.39827976623726025 0.006659435775648781 0.008067167984777513
0 0.7167416061746079 0.36604292779624725 0.006659435775648781 0.008067167984777513
0 0.5473785317734914 0.20611346536240785 0.006823210085908293 0.011192167984777601
0 0.3522651848711376 0.004229254924325349 0.010030097241038049 0.008458509848650698
0 0.6378187460432712 0.29519852859455 0.0033706614653892684 0.004814833992388756