0 0.3816211834469293 0.7820751391528568 0.009620461850553052 0.014117042154477667
0 0.36569044602883105 0.8891882023845733 0.019159103084255058 0.023546584308955332
0 0.30418593020051843 0.832520566747758 0.009620461850553052 0.014117042154477843
0 0.360263975246529 0.43926547043674996 0.011182961850553053 0.014126132513557366
0 0.36056971266462723 0.3322433107958297 0.014389782467404012 0.018831813231716586
0 0.3412003295486 0.4573433047457055 0.009511367694751716 0.007867042154477843
0 0.3876855917234647 0.3898921843323965 0.012745461850553053 0.014135222872636887
0 0.404200935879266 0.38354673556206054 0.0175420560063543 0.02041249394987581
0 0.3462327029253946 0.4823114884889268 0.0143897824674041 0.018831813231716586
0 0.383037227682161 0.521937069871016 0.019159103084255058 0.023546584308955332
0 0.3077565840128269 0.44894499746591715 0.007948867694751716 0.007857951795397966
0 0.5585202431034364 0.40374054001317833 0.01123750892845372 0.017251132513557366
0 0.6574816688331374 0.2836456877502421 0.009565914772652385 0.010992042154477666
0 0.7213162978919748 0.34108093784843796 0.014362508928453721 0.01726931323171659
0 0.7649884314150391 0.3900406126146688 0.014362508928453721 0.01726931323171659
0 0.7963651164802309 0.4273542602535366 0.022338650162155815 0.02668976502711473
0 0.7341651254086848 0.4105303746167214 0.011182961850553142 0.014126132513557366
0 0.6683316197266419 0.37810421487760515 0.003234094155801337 0.006268180718159222
0 0.8674082735422456 0.4745923537358743 0.011128414772652206 0.011001132513557365
0 0.8605543015454227 0.46447701035173256 0.011128414772652206 0.011001132513557365
0 0.8415531112052254 0.5684832543016084 0.006386367694751982 0.007848861436318444
0 0.47201831250576676 0.839355853146699 0.0159795560063543 0.020403403590795934
0 0.19474411526241503 0.3894523436787293 0.01123750892845372 0.017251132513557366