0 0.480402205957584 0.44476702962578474 0.016134422249741043 0.011756371551297561
0 0.4823114623677248 0.42050733604821994 0.004833049214211726 0.0033706614653892684
0 0.35775445637186876 0.6016079291053864 0.01293664764263518 0.010030097241038049
0 0.36963802626424486 0.5807222190194782 0.016207196856846906 0.013318871551297563
0 0.45727711332012877 0.6735471268668227 0.01293664764263518 0.010030097241038049
0 0.4304235148917053 0.6811892085040286 0.022457196856846905 0.013646420171816586
0 0.5000082688206469 0.6931292865231897 0.025727746071058634 0.0169351944820761
0 0.46748686724907024 0.6885989167809144 0.009666098428423453 0.006741322930778537
0 0.4244966925181298 0.741509232814288 0.00646832382131759 0.005015048620519024
0 0.5022043155536592 0.7296433186353654 0.01293664764263518 0.010030097241038049
0 0.5178485862318236 0.7116778906616327 0.01293664764263518 0.010030097241038049
0 0.5624162235353765 0.7085628567404348 0.008103598428423453 0.006659435775648781
0 0.584038666463282 0.679373323723748 0.009738873035529316 0.008303822930778536
0 0.4895481118723867 0.6165225209193574 0.02096747146395277 0.01512703301668683
0 0.509950503104881 0.6302607943251057 0.032050520678164315 0.018825243102595125
0 0.6021187324267168 0.6425760085948856 0.01293664764263518 0.010030097241038049
0 0.579010872211469 0.6032612030769616 0.011374147642635179 0.009948210085908293
0 0.6259928800693518 0.6319727012679394 0.01293664764263518 0.010030097241038049
0 0.5341413662156129 0.7801855512225109 0.006541098428423453 0.006577548620519025
0 0.6806739179110239 0.7296422393730088 0.011301373035529139 0.008385710085908294
0 0.7452265694826006 0.732493922435124 0.009666098428423453 0.006741322930778537
0 0.7594902766785296 0.7107041316165212 0.008103598428423453 0.006659435775648781
0 0.695723183212505 0.6407877792871005 0.011228598428423452 0.006823210085908115
0 0.8498841443373756 0.62725314450682 0.009738873035529139 0.008303822930778536
0 0.6985613928896334 0.5798502792871005 0.009666098428423453 0.006741322930778537
0 0.7999783436754216 0.5776526142036665 0.030851893713693634 0.02655585594746519
0 0.7198563500855625 0.5576919962704137 0.01449914764263518 0.010111984396167627
0 0.7513075572814916 0.5350014467453835 0.019477746071058632 0.016607645861557073
0 0.6428422398703149 0.5212022976044662 0.006468323821317412 0.005015048620519024
0 0.6159522541383384 0.529625629241672 0.00981164764263518 0.009866322930778538
2 0.6613546453708328 0.5420537081653443 0.06424659057054072 0.040775486205190246
0 0.6244753835840084 0.49722588704358806 0.012863873035529138 0.00846759724103805
0 0.6855948201017731 0.4901260379935278 0.00646832382131759 0.005015048620519024
0 0.6076582187778656 0.3897785572154046 0.00646832382131759 0.005015048620519024
0 0.5980499323839354 0.34508021087887775 0.009738873035529316 0.008303822930778536
0 0.6210315140631358 0.3703734599743666 0.00646832382131759 0.005015048620519024
0 0.7145803068672067 0.38651303708901663 0.006541098428423453 0.006577548620519025
2 0.6454664338316775 0.3979285719147257 0.08150686517764641 0.0432387449116173
2 0.6902909363128769 0.3558329251486575 0.06133991439185813 0.04529921189493056
2 0.754586722706807 0.39766522105564306 0.08445208271265763 0.07300813206674714
0 0.7492977551717958 0.4275574389434674 0.009738873035529316 0.008303822930778536
0 0.7693769687778655 0.3813032366594753 0.006541098428423453 0.006577548620519025
0 0.7632939427230176 0.32784736601268893 0.014644696856846906 0.013236984396167805
0 0.7978144919372294 0.3229208485998344 0.00981164764263518 0.009866322930778538
0 0.8430542173301235 0.32210862110107163 0.006541098428423453 0.006577548620519025
0 0.9107682562052529 0.3240152798529274 0.016207196856846906 0.013318871551297563
0 0.7691651071148758 0.2854551481248645 0.013082196856846907 0.01315509724103805
0 0.7692207650965932 0.2675273417024294 0.006541098428423453 0.006577548620519025
0 0.8029793349889692 0.24549521144470465 0.00824914764263518 0.00978443577564878
0 0.8113697237402644 0.2996095013587964 0.03739299214211726 0.03313340456798421
0 0.7191865318458162 0.23741711782171127 0.016352746071058633 0.016443871551297562
0 0.7391544294884513 0.22701852838258932 0.014790246071058633 0.016361984396167806
0 0.7811257597199097 0.19598321234921579 0.009957196856846906 0.012991322930778537
0 0.8053252390417451 0.21186051786713977 0.009884422249741221 0.011428822930778538
0 0.8363761858985921 0.1977637183421096 0.013082196856846907 0.013155097241038005
0 0.8748414106723137 0.44279957937795755 0.02260274607105863 0.016771420171816587
0 0.8871765907799375 0.46241603855935465 0.016207196856846906 0.013318871551297563
0 0.891778507652995 0.3803438449817898 0.02587329528527036 0.02006019448207601
0 0.32751910856261784 0.3639341887163249 0.021258569892376133 0.02137703301668683
0 0.593820504757511 0.28529245307696166 0.009666098428423453 0.006741322930778537
0 0.5809523236164298 0.3607837760077402 0.0032705492142117267 0.0032887743102595125
0 0.5807725411514411 0.3311781631628699 0.0032705492142117267 0.0032887743102595125
0 0.5949078157585469 0.3288786787667021 0.0032705492142117267 0.0032887743102595125
0 0.7220268955757205 0.142967754976841 0.016134422249740866 0.011756371551297518
0 0.5361533223780847 0.8541176961795568 0.006541098428423453 0.006577548620519025
0 0.5522320866461083 0.8602891310506943 0.00981164764263518 0.009866322930778538
0 0.5866948238258267 0.9068022829051451 0.01293664764263518 0.010030097241038049
0 0.6915257189872626 0.931702706356322 0.011301373035529316 0.008385710085908115
0 0.6661104960755677 0.8917294815710927 0.02423802067816432 0.018415807326946164
0 0.6955261683253088 0.8792770692011922 0.01293664764263518 0.010030097241038049
0 0.7773583651821556 0.862518937134445 0.00981164764263518 0.009866322930778538
0 0.7954726643963673 0.858452234850453 0.012863873035529317 0.00846759724103805
0 0.7164015945039912 0.8828590926069406 0.006541098428423453 0.006577548620519025
0 0.7163844778786027 0.8664937861845055 0.006541098428423453 0.006577548620519025
0 0.6146486575719419 0.7416752498884585 0.01293664764263518 0.010030097241038049
0 0.3756184683635808 0.25152604195025663 0.03255994292790545 0.029762743102595034