0 0.5318376600389312 0.3977791649718922 0.01976867193911023 0.025982645861557074
0 0.6147973986702245 0.4472225650173208 0.021458505931499162 0.029189533016686652
0 0.18041312840426954 0.5658762262555674 0.02652800790866543 0.0388101944820761
0 0.1940962850203406 0.6127136047042698 0.03115184091247101 0.03749335594746519
0 0.025063736616946098 0.456300909656367 0.016580004942915873 0.024256371551297562
2 0.019081627947159 0.41501416836279426 0.038163255894318 0.10122166327441154
2 0.13501044509645277 0.6469934294440707 0.051111513840164456 0.06816350180902227
2 0.2675218561611481 0.666554577680477 0.04259867688202608 0.05056656603337366
2 0.32318160714973126 0.6589600836733707 0.05879667984777566 0.06544793758467105
2 0.4846429609509646 0.15936179613412818 0.15617569863085592 0.15942366689245616
2 0.20499656471501687 0.07734931479017812 0.1327090237259962 0.11921474672063966