0 0.3625 0.64921875 0.015625 0.01171875
0 0.46640625 0.71328125 0.00859375 0.00625
0 0.653125 0.66328125 0.00703125 0.00546875
0 0.15234375 0.71953125 0.01328125 0.01015625
0 0.11171875 0.59609375 0.00625 0.0046875
0 0.08515625 0.65078125 0.01484375 0.021875
0 0.27109375 0.43125 0.00546875 0.003125
0 0.3265625 0.3828125 0.00703125 0.00546875
0 0.34921875 0.390625 0.0046875 0.00546875
0 0.26875 0.40546875 0.0171875 0.0140625
0 0.2875 0.378125 0.01328125 0.01015625
0 0.196875 0.3890625 0.01640625 0.00859375
0 0.203125 0.36328125 0.0125 0.0078125
0 0.27890625 0.3265625 0.0203125 0.01328125
0 0.21953125 0.3125 0.00546875 0.00390625
0 0.2078125 0.3296875 0.00546875 0.0046875
0 0.1890625 0.26015625 0.0203125 0.01171875
0 0.26171875 0.22890625 0.0046875 0.00390625
0 0.240625 0.225 0.0046875 0.00390625
0 0.228125 0.12421875 0.00546875 0.0046875