2 0.58125 0.55234375 0.13671875 0.13671875
2 0.171875 0.628125 0.09765625 0.0625
2 0.35546875 0.4859375 0.03359375 0.02890625
2 0.48203125 0.453125 0.03046875 0.03125
2 0.378125 0.45390625 0.1296875 0.04140625
2 0.40390625 0.5328125 0.01328125 0.01640625
2 0.31484375 0.53515625 0.0171875 0.0171875
0 0.27109375 0.25078125 0.00859375 0.00859375
0 0.24140625 0.17578125 0.01171875 0.0109375
0 0.2953125 0.28828125 0.00625 0.00625
0 0.271875 0.290625 0.0078125 0.00546875
0 0.359375 0.30703125 0.00703125 0.00390625
0 0.3734375 0.46640625 0.0078125 0.00703125
0 0.08359375 0.40703125 0.0078125 0.0078125
0 0.10078125 0.52421875 0.01015625 0.00546875
0 0.453125 0.28515625 0.00703125 0.00546875