0 0.53671875 0.40390625 0.02109375 0.01328125
0 0.47890625 0.33359375 0.02421875 0.01484375
0 0.446875 0.73203125 0.03046875 0.01796875
0 0.40234375 0.72421875 0.0296875 0.021875
0 0.57265625 0.86015625 0.0203125 0.01171875
2 0.6125 0.87421875 0.08359375 0.04375
2 0.5890625 0.96640625 0.05546875 0.06640625
2 0.38125 0.7796875 0.05546875 0.0375
2 0.340625 0.66328125 0.03984375 0.03125
2 0.3375 0.61328125 0.0515625 0.04375
2 0.76171875 0.42421875 0.12109375 0.1203125
2 0.884375 0.66640625 0.08828125 0.10546875