2 0.62734375 0.65 0.0828125 0.0890625
2 0.7609375 0.440625 0.2 0.1859375
2 0.82734375 0.34921875 0.0640625 0.0515625
0 0.4875 0.27890625 0.0078125 0.0078125
0 0.41640625 0.246875 0.0078125 0.0109375
0 0.30546875 0.19296875 0.0078125 0.0109375
0 0.2921875 0.31640625 0.0109375 0.0140625
0 0.16875 0.2484375 0.0140625 0.015625
0 0.41953125 0.8375 0.0078125 0.0109375
0 0.44140625 0.89453125 0.0078125 0.009375
0 0.396875 0.7546875 0.0078125 0.009375
0 0.11484375 0.59453125 0.0078125 0.0109375
0 0.046875 0.61484375 0.0078125 0.0109375
0 0.0296875 0.578125 0.0078125 0.009375
0 0.27890625 0.6859375 0.0109375 0.0140625
0 0.23515625 0.65 0.0078125 0.0078125
0 0.153125 0.05703125 0.0078125 0.0125