0 0.48771622281396265 0.1432501756394559 0.008130834980972067 0.008039820533113407
0 0.6637229658938806 0.1812228517411302 0.008194501977166268 0.009602320533113407
0 0.5950287267311143 0.5233816080093364 0.008258168973360824 0.011164820533113406
0 0.6685789732710733 0.5419474030739136 0.014762836958138337 0.017596676959604096
0 0.6064463877958097 0.5503078208623178 0.024710839923887916 0.03193196159934022
0 0.45243400292856856 0.394866499933493 0.011446835969555025 0.012818248746358752
0 0.47267356566641894 0.4932274435861445 0.008130834980972067 0.008039820533113407
0 0.4755757311797386 0.4987871217993899 0.0032523339923887563 0.0032159282132454337
0 0.4875597835374658 0.6461849590255507 0.004942167984777512 0.006386392319867973
0 0.6615875325488826 0.6559417069139798 0.004942167984777512 0.0063863923198681505
0 0.6316400473776304 0.5846744606749035 0.003316000988583312 0.004778428213245434
0 0.42642201228292753 0.7453067691338229 0.01157416996194378 0.015943248746358663
0 0.42693666543895753 0.8094601973470681 0.006504667984777513 0.0064318564264908675
0 0.3832012528913874 0.788633220308322 0.027899506920082206 0.03358538981258548
0 0.373982761788636 0.746127471561963 0.016389003954332716 0.019204641066226814
0 0.37880154886050504 0.5702780254020291 0.016452670950527094 0.02076714106622681
0 0.4147244614080751 0.5908776819076621 0.003316000988583134 0.004778428213245434
0 0.3219705701150433 0.4677236752437445 0.008194501977166358 0.009602320533113407
0 0.3306014707996153 0.5438459060434147 0.004942167984777601 0.0063863923198681505
0 0.2726152158566994 0.5656239661516868 0.014762836958138337 0.017596676959604096
0 0.2276356382901013 0.5369390250063176 0.008258168973360736 0.011164820533113406
0 0.15900104342329757 0.5896943004748537 0.016452670950527094 0.02076714106622681
0 0.16639043768207898 0.6962852812745238 0.016389003954332716 0.019204641066226814
0 0.19779694657932753 0.6549615993003547 0.011383168973360735 0.011255748746358662
0 0.24467460517256495 0.6946522366056579 0.006504667984777513 0.00643185642649069