1 0.40703125 0.484375 0.03203125 0.06640625
2 0.30078125 0.5171875 0.0125 0.0296875
0 0.15859375 0.4796875 0.00546875 0.00625
0 0.41796875 0.61875 0.00703125 0.00546875
0 0.4140625 0.66796875 0.01796875 0.0140625
0 0.4921875 0.55546875 0.00546875 0.00703125
0 0.415625 0.41640625 0.00859375 0.00546875
0 0.459375 0.4578125 0.00390625 0.00234375
2 0.5703125 0.52734375 0.02265625 0.01171875
2 0.36875 0.5890625 0.10859375 0.14375
2 0.5765625 0.84609375 0.0265625 0.02421875
2 0.1796875 0.81328125 0.0609375 0.028125
1 0.4328125 0.559375 0.01796875 0.00859375
1 0.36015625 0.6625 0.021875 0.00859375