0 0.5685341681566838 0.45502962307860517 0.019568455534962937 0.024201503954332716
0 0.5318699818590147 0.45197094866803694 0.011319445916316085 0.011383168973360825
0 0.572886851459128 0.420000707070994 0.016334328130301046 0.02094916996194378
0 0.4538912816815294 0.6686371838392894 0.01142857332097762 0.014508168973360824
0 0.28204356353269483 0.6608525642579063 0.021021828130301134 0.021140170950527094
0 0.17825636462115396 0.6308056255128822 0.012991073320977709 0.014571835969555025
0 0.0900346898410482 0.24463602076024665 0.011428573320977709 0.014508168973360736
0 0.02289431905980845 0.19574092292769346 0.012991073320977709 0.014571835969555113
0 0.014858618967141218 0.0897946704562355 0.019568455534962836 0.024201503954332716
0 0.19970733412075087 0.061338042509076506 0.014444445916315996 0.011510502965749536
0 0.5963739367610053 0.5539592130024931 0.027872028855940555 0.038582338935304605
0 0.3488193465649866 0.7425919955885567 0.008249009618646852 0.012818334980971891
0 0.35967251181126353 0.812664415056209 0.009756945916315995 0.011319501977166625
0 0.617264334035933 0.403814632964437 0.01638889183263199 0.02251166996194396
0 0.6004934962869849 0.435990463002493 0.014662700725639332 0.017760502965749582