0 0.51484375 0.615625 0.01875 0.01484375
0 0.47578125 0.62421875 0.01875 0.015625
0 0.46171875 0.63671875 0.0125 0.00859375
0 0.3890625 0.625 0.01328125 0.01015625
0 0.43046875 0.57734375 0.0109375 0.009375
0 0.55 0.56328125 0.00859375 0.00859375
0 0.57890625 0.5296875 0.01328125 0.009375
0 0.5921875 0.53203125 0.0109375 0.0078125
0 0.5359375 0.703125 0.01484375 0.01171875
0 0.584375 0.69921875 0.0125 0.0109375
0 0.2921875 0.65546875 0.01484375 0.01328125
0 0.371875 0.6609375 0.009375 0.00859375
0 0.39296875 0.65703125 0.01171875 0.00859375
0 0.62421875 0.6 0.0140625 0.0109375
0 0.70234375 0.584375 0.0109375 0.009375
0 0.6859375 0.56328125 0.0125 0.009375
0 0.63125 0.47109375 0.009375 0.00703125
0 0.340625 0.365625 0.0109375 0.009375
0 0.2484375 0.384375 0.0140625 0.01015625
0 0.29296875 0.34765625 0.01171875 0.00859375
0 0.58046875 0.41328125 0.00859375 0.00625
0 0.6296875 0.3640625 0.01015625 0.009375
0 0.6265625 0.35234375 0.0078125 0.00703125
0 0.528125 0.34921875 0.01328125 0.009375
0 0.6046875 0.315625 0.01015625 0.00859375
0 0.290625 0.31484375 0.0078125 0.00625
0 0.27578125 0.26796875 0.00859375 0.00625
0 0.39375 0.715625 0.01171875 0.0078125
0 0.4234375 0.70703125 0.003125 0.0015625
0 0.36171875 0.6875 0.009375 0.00703125