0 0.0421875 0.42265625 0.01484375 0.0140625
0 0.36875 0.47265625 0.01171875 0.00859375
0 0.40234375 0.52890625 0.0078125 0.0078125
0 0.46875 0.51953125 0.00546875 0.0046875
0 0.5359375 0.534375 0.01953125 0.0109375
0 0.54609375 0.528125 0.00546875 0.00390625
0 0.54453125 0.51640625 0.00390625 0.00234375
0 0.56953125 0.49921875 0.01171875 0.00859375
0 0.55625 0.50390625 0.00546875 0.00390625
0 0.5484375 0.496875 0.00546875 0.00390625
0 0.54921875 0.48125 0.00390625 0.003125
0 0.553125 0.490625 0.0046875 0.00390625
0 0.6234375 0.46015625 0.00625 0.00390625
0 0.62265625 0.403125 0.0078125 0.00546875
0 0.78515625 0.43046875 0.00703125 0.0046875
0 0.94609375 0.4796875 0.0125 0.0078125
0 0.9484375 0.284375 0.01328125 0.0109375
0 0.55078125 0.44921875 0.0140625 0.0109375
0 0.52265625 0.47734375 0.01796875 0.01328125
0 0.428125 0.63515625 0.00625 0.00546875
0 0.321875 0.64453125 0.0078125 0.00546875
0 0.47265625 0.865625 0.00859375 0.00546875
0 0.209375 0.61875 0.01328125 0.0125
0 0.26328125 0.8078125 0.009375 0.00546875
0 0.57421875 0.6453125 0.00546875 0.00390625
0 0.75078125 0.634375 0.00625 0.0046875
2 0.59921875 0.05859375 0.03828125 0.03828125
2 0.98359375 0.81640625 0.02734375 0.02890625
2 0.04609375 0.68203125 0.0234375 0.0390625