2 0.4127214715989932 0.17734375 0.17798344889756965 0.1953125
2 0.5915225380877434 0.37421875 0.07558318787965276 0.0921875
2 0.4857128684442019 0.59453125 0.12442073138263901 0.109375
2 0.5277932253018062 0.690625 0.04291485182361114 0.03125
2 0.5345913520110424 0.8484375 0.05443423328249999 0.05625
2 0.6773620398906952 0.940625 0.0497103656913195 0.0546875
2 0.6237025245043755 0.5484375 0.04643989532659738 0.0484375
2 0.5945248239912851 0.60390625 0.04800239532659738 0.0484375
2 0.6369831212939936 0.51484375 0.04956489532659738 0.0484375
2 0.6610011963321185 0.47265625 0.03059668977951393 0.0390625
2 0.44610093531420175 0.36953125 0.01925914627652787 0.021875
2 0.5692910474901395 0.728125 0.03372168977951393 0.0390625
0 0.5070852542714939 0.90859375 0.008030705547083272 0.009375
0 0.37397985391090344 0.7953125 0.009629573138263936 0.0109375
2 0.3462542442035076 0.77890625 0.036883057370694416 0.040625
0 0.6006131294621186 0.69765625 0.004796602773541636 0.0046875
0 0.5975452936904174 0.834375 0.0048329703647223 0.00625
2 0.481551392095556 0.55 0.04004442496187508 0.0421875
2 0.6766995847248616 0.509375 0.0048329703647223 0.00625
0 0.6865304860353825 0.59609375 0.006431837955902786 0.0078125
0 0.35004224648461835 0.30390625 0.011228440729444423 0.0125
0 0.6967393277910073 0.49765625 0.009629573138263936 0.0109375