0 0.32251353604390703 0.3123065047245054 0.007921588001272717 0.009647818511654282
0 0.39334420404995224 0.3543823881196169 0.011082950668363623 0.012881945916315996
0 0.37067941072563365 0.42160709365457977 0.0031977253341818113 0.006359127404661713
0 0.36366634205917914 0.42341513031506856 0.011119313335454527 0.016006945916316084
0 0.4117680347310425 0.4600321873939775 0.006304544000636269 0.004905754809323426
0 0.3975226267106798 0.31046869701262436 0.007921588001272628 0.009647818511654282
0 0.20380953672022484 0.3875743779528159 0.011082950668363623 0.012881945916315996
0 0.24948621073358784 0.48445681243638655 0.007921588001272628 0.009647818511654194
0 0.24251859540099688 0.4901710990968754 0.011064769334818082 0.011319445916316085
0 0.4790453467138615 0.33106888449141986 0.00792158800127254 0.009647818511654282
0 0.6395679600970411 0.6928000142583344 0.011082950668363623 0.012881945916316084
0 0.6197088987507688 0.5981422786863044 0.007957950668363623 0.012772818511654193
0 0.639431052752996 0.6138664824071688 0.0047602253341818114 0.006413691106992659
0 0.6557009427514051 0.6015748135326948 0.0047602253341818114 0.006413691106992659
0 0.6477702640833598 0.5916913820443491 0.0031977253341818113 0.006359127404661713
0 0.6407026514162689 0.588811918704838 0.0031977253341818113 0.006359127404661713
0 0.5391134267584048 0.657229591207509 0.00792158800127254 0.009647818511654194
0 0.5588724907701771 0.7432935767795387 0.01111931333545435 0.016006945916316084
0 0.5315201974458585 0.8106819734214941 0.009538632001909164 0.014389882213985317
0 0.5832105141231307 0.8870336530957413 0.007921588001272717 0.009647818511654194
0 0.7495471086887262 0.13639126843468546 0.006322725334181811 0.006468254809323426
0 0.7305692946769541 0.050300001011490326 0.0031977253341818113 0.006359127404661713
0 0.35072473078449456 0.8560738628918735 0.006322725334181811 0.006468254809323426
2 0.1317987240610881 0.44558034011120073 0.007903406667727219 0.008085318511654194
0 0.19757990742358675 0.6582142601668011 0.007921588001272717 0.009647818511654194
0 0.19748900075585954 0.650401760166801 0.006322725334181811 0.006468254809323426
0 0.14601795476604087 0.7272296441948847 0.006322725334181811 0.006468254809323426
0 0.07773212611390386 0.8366889789486077 0.011082950668363557 0.012881945916316084
0 0.066457724100859 0.7409498930137584 0.006322725334181767 0.006468254809323426
0 0.0735429707590412 0.6781770745021041 0.007921588001272673 0.009647818511654194
0 0.6696843634627212 0.9301263994675443 0.011082950668363623 0.012881945916316084
0 0.7416497227879943 0.8682141873091596 0.012627269334818081 0.011374009618646852
0 0.9905572007479053 0.5640896493827262 0.00950226933481808 0.011264882213985139
0 0.9548816880569518 0.3863565189828396 0.007903406667727353 0.008085318511654283