2 0.5353503080316541 0.6051882606366672 0.047720479707460586 0.049528527735416716
0 0.6185974103051303 0.49779529435600745 0.01595228246740419 0.019113675911805572
0 0.5559240864418683 0.4416712745043755 0.011210235389503432 0.015879573138263936
0 0.5639508206135557 0.49886617866468796 0.011210235389503253 0.015879573138263936
0 0.49203491030513025 0.4948495194703824 0.014362508928453721 0.01751480832062491
0 0.4622383161493289 0.48790853523795175 0.0063863676947516265 0.0079579703647223
0 0.43631279017474656 0.5685221023922921 0.014335235389503431 0.015952308320624907
0 0.41201617369781085 0.5187578385245837 0.009538641233702095 0.009593205547083272
0 0.479720096588138 0.41568869633211847 0.0063863676947516265 0.0079579703647223
0 0.36495994155471834 0.5520236269935767 0.007976141233702005 0.009556837955902786
0 0.3957911558409034 0.48401916261277816 0.019268197240056396 0.030123911094166546
0 0.3745667666357962 0.56552308254066 0.006468188311602674 0.0126454703647223
0 0.3043321331127319 0.6130871071419447 0.009565914772652385 0.011155705547083273
0 0.28821225527171046 0.6291114974345489 0.014335235389503431 0.015952308320624907
2 0.2163566205308302 0.7180272206490627 0.08105117694751698 0.07997974715020835
0 0.3339184472367612 0.5185019589655558 0.014362508928453721 0.01751480832062491