0 0.6109375 0.42578125 0.00390625 0.0046875
0 0.2734375 0.19140625 0.01875 0.01015625
0 0.415625 0.21796875 0.00703125 0.00546875
0 0.4015625 0.2515625 0.00859375 0.00625
0 0.4640625 0.41328125 0.0078125 0.0078125
0 0.50234375 0.3734375 0.00546875 0.0046875
0 0.88125 0.52109375 0.0109375 0.00703125
0 0.9703125 0.54453125 0.00859375 0.00625
0 0.9140625 0.4296875 0.00859375 0.00703125
0 0.9453125 0.3328125 0.009375 0.00703125
0 0.8859375 0.3171875 0.0078125 0.00546875
0 0.8828125 0.28828125 0.0109375 0.0046875
2 0.92421875 0.22734375 0.1515625 0.0921875
2 0.86328125 0.12734375 0.0609375 0.021875
0 0.3546875 0.16796875 0.01171875 0.00625
0 0.30234375 0.171875 0.0171875 0.009375
0 0.2125 0.18671875 0.0078125 0.0046875
0 0.1359375 0.2140625 0.01953125 0.01171875
0 0.209375 0.25 0.009375 0.00390625
0 0.12578125 0.26953125 0.015625 0.0109375
0 0.10546875 0.33671875 0.0140625 0.00859375
0 0.02578125 0.32578125 0.015625 0.009375
0 0.64453125 0.496875 0.00546875 0.0046875
0 0.61640625 0.47890625 0.01015625 0.00859375
0 0.66796875 0.55234375 0.0078125 0.0078125
0 0.66796875 0.57890625 0.0046875 0.003125
0 0.621875 0.5765625 0.009375 0.009375
0 0.58984375 0.58125 0.00625 0.00546875
0 0.58203125 0.61484375 0.0046875 0.0046875
0 0.53515625 0.60390625 0.01640625 0.01484375
0 0.4828125 0.54921875 0.00625 0.0046875
0 0.6171875 0.6765625 0.01796875 0.0140625
0 0.61796875 0.69140625 0.00546875 0.0046875
0 0.58984375 0.68125 0.0078125 0.00546875
0 0.5640625 0.70703125 0.00625 0.0046875
0 0.53828125 0.66171875 0.00546875 0.0046875
0 0.50703125 0.6921875 0.0046875 0.0046875
0 0.525 0.71328125 0.0046875 0.00390625
0 0.5171875 0.73046875 0.0078125 0.009375
0 0.50234375 0.75546875 0.009375 0.00859375
0 0.4859375 0.73828125 0.00625 0.0078125
0 0.4359375 0.7671875 0.009375 0.0109375
0 0.4078125 0.67734375 0.00859375 0.00703125
0 0.39765625 0.64921875 0.01015625 0.009375
0 0.48125 0.63828125 0.01171875 0.0078125
0 0.50234375 0.65234375 0.0046875 0.00546875
0 0.3734375 0.70546875 0.00859375 0.009375
0 0.3265625 0.6671875 0.01328125 0.0140625
0 0.51875 0.70078125 0.0046875 0.003125
0 0.5453125 0.72421875 0.0046875 0.00390625
0 0.9171875 0.60703125 0.0109375 0.00859375
0 0.90625 0.63984375 0.01171875 0.0078125
0 0.875 0.61015625 0.0109375 0.00703125
0 0.88515625 0.6359375 0.01328125 0.009375
0 0.17734375 0.68359375 0.01171875 0.00703125
0 0.20234375 0.81015625 0.01484375 0.0109375
0 0.225 0.725 0.00703125 0.00546875
0 0.209375 0.69765625 0.021875 0.01171875
0 0.6140625 0.39375 0.01328125 0.01328125
0 0.771875 0.1953125 0.0109375 0.00859375
0 0.82421875 0.175 0.0078125 0.00625
0 0.79453125 0.16171875 0.0078125 0.00546875
0 0.85390625 0.2015625 0.00625 0.00546875
0 0.809375 0.2546875 0.0125 0.009375
0 0.78203125 0.23125 0.00546875 0.0046875
0 0.7765625 0.26328125 0.0125 0.0078125
0 0.72890625 0.25390625 0.00625 0.00390625
0 0.7171875 0.16953125 0.00703125 0.0046875
0 0.6890625 0.24296875 0.0078125 0.00390625
0 0.51015625 0.1390625 0.01015625 0.00703125
0 0.5390625 0.13203125 0.01484375 0.01171875