2 0.6326912000468822 0.8488244905509891 0.16360902380771342 0.19629962504240908
2 0.4142144317001179 0.659908290373504 0.0677238311856975 0.09453373920022692
2 0.49771831987101595 0.4096478847458739 0.11934996369925485 0.1072718413771451
2 0.43968817213395217 0.3107267459084667 0.040788626463433175 0.02954365626060227
2 0.41019663573501114 0.14169400371301508 0.05031816256778665 0.05643353847458741
2 0.24422217779129296 0.06166421941477894 0.045621572208706954 0.05470734736759482
2 0.35667516335335353 0.4766121515360968 0.04402271077238851 0.04840278366526398
2 0.3804853680756179 0.41336810707105975 0.04558521077238851 0.04845734736759475
2 0.3462961995559029 0.5145387374709463 0.04715680113146821 0.050074411069925696
2 0.3264786032448949 0.5630754411918105 0.02521816861791084 0.03837301923729371
2 0.5705780611886131 0.6458334106065895 0.017323855386194253 0.02403770072563951
2 0.3898745244950844 0.2769494574338794 0.031477258976990455 0.04015377404661713
0 0.4309091115345144 0.07365333184331621 0.0063045421544778435 0.009593254809323427
0 0.5889256237329586 0.17841029762989807 0.009429542154477843 0.00970238221398514
2 0.6208841508603217 0.19202885352768062 0.03461134933607006 0.041825401451278846
0 0.3591921510567134 0.31260421523842774 0.004723861436318444 0.006413691106992569
0 0.34442164481019744 0.16518357821511914 0.004723861436318444 0.006413691106992569
2 0.5076018590986274 0.45687754881102444 0.03773634933607006 0.04193452885594055
2 0.30481722668326594 0.5255927993591787 0.0031613614363184437 0.006359127404661535
0 0.2826882175098838 0.4341766256753812 0.006286361436318444 0.006468254809323426
0 0.6827644438003663 0.7036682471744111 0.012572722872636888 0.012936509618646851
0 0.28519507309246983 0.5405357530800429 0.009429542154477666 0.00970238221398514