1 0.50703125 0.33828125 0.06171875 0.01875
1 0.4015625 0.30390625 0.0640625 0.01875
1 0.48984375 0.41171875 0.05390625 0.01875
1 0.4796875 0.45625 0.05703125 0.0171875
1 0.5140625 0.49140625 0.0046875 0.00390625
1 0.60703125 0.55703125 0.0515625 0.03046875
1 0.59765625 0.49140625 0.04609375 0.028125
1 0.615625 0.52109375 0.00390625 0.00078125
1 0.45390625 0.86171875 0.0515625 0.0296875
1 0.16796875 0.18125 0.0265625 0.02109375
2 0.2703125 0.865625 0.05234375 0.0546875
2 0.3484375 0.6421875 0.03046875 0.03359375
2 0.3359375 0.4390625 0.44609375 0.5140625
0 0.48359375 0.37734375 0.00546875 0.00546875
0 0.5421875 0.6015625 0.00703125 0.00546875
0 0.37265625 0.6125 0.00546875 0.0046875
0 0.409375 0.675 0.0078125 0.0078125
0 0.44921875 0.67890625 0.00390625 0.00390625
0 0.43671875 0.775 0.0078125 0.00703125
2 0.8265625 0.2546875 0.140625 0.15546875
0 0.23515625 0.10390625 0.0125 0.00859375
0 0.3625 0.01640625 0.0171875 0.009375
0 0.3578125 0.13515625 0.0109375 0.00625