0 0.44453125 0.32578125 0.015625 0.01015625
0 0.3546875 0.31015625 0.0125 0.00859375
0 0.33125 0.34609375 0.0078125 0.00546875
0 0.4234375 0.47734375 0.01328125 0.009375
0 0.41015625 0.61484375 0.015625 0.0109375
0 0.5875 0.62734375 0.01171875 0.009375
0 0.54453125 0.64140625 0.01328125 0.00859375
0 0.50234375 0.73203125 0.01640625 0.0109375
0 0.44140625 0.74140625 0.01875 0.00859375
0 0.65234375 0.44375 0.0078125 0.00703125
0 0.84609375 0.3 0.01171875 0.009375
0 0.7734375 0.30703125 0.00859375 0.0078125
0 0.7421875 0.27734375 0.00859375 0.00625
0 0.66796875 0.2296875 0.0125 0.0078125
0 0.1875 0.30859375 0.01875 0.009375
0 0.09921875 0.26171875 0.02109375 0.015625
0 0.04296875 0.30859375 0.03125 0.0109375
0 0.071875 0.2265625 0.01171875 0.00625
0 0.09609375 0.2265625 0.0078125 0.0046875
0 0.0484375 0.171875 0.0140625 0.01484375
0 0.11640625 0.134375 0.01171875 0.0078125
0 0.18203125 0.1390625 0.00859375 0.00703125
0 0.22890625 0.1328125 0.009375 0.00625
0 0.17578125 0.1703125 0.01015625 0.0078125
0 0.071875 0.11640625 0.009375 0.00703125
0 0.1109375 0.0671875 0.0109375 0.00703125
2 0.17109375 0.0515625 0.09296875 0.034375
2 0.3359375 0.19765625 0.3 0.1484375
0 0.4390625 0.23203125 0.00703125 0.0046875
0 0.42109375 0.19921875 0.03359375 0.0234375
0 0.425 0.18125 0.00625 0.0046875
0 0.46875 0.775 0.02265625 0.01171875
0 0.4515625 0.86875 0.009375 0.0078125
0 0.9796875 0.93359375 0.009375 0.00859375
0 0.84375 0.36015625 0.00859375 0.00625
0 0.78828125 0.396875 0.0078125 0.00546875
0 0.821875 0.39375 0.01875 0.0171875
0 0.709375 0.36015625 0.0046875 0.0046875
0 0.6875 0.365625 0.00546875 0.00546875
0 0.8234375 0.26171875 0.015625 0.0125
0 0.71796875 0.2703125 0.00703125 0.00546875