2 0.23487288622599048 0.4432688172457099 0.06898634933607006 0.04302580290255768
2 0.7100774193052819 0.39152520173712974 0.24462267447164318 0.15851193756361354
0 0.5630019105246832 0.5653769079050648 0.009420451795398143 0.00813988221398514
0 0.08282911807561785 0.3970262782229684 0.015688632513557323 0.011483137023308564
2 0.3595814738545956 0.6232514392080761 0.31776019262201594 0.10951393157316361
2 0.07443990115490925 0.7723263785857881 0.1488798023098185 0.09597224282842376
2 0.3785491215916593 0.7194443929289404 0.05022725897699045 0.04080853847458741
2 0.5968678504162246 0.6516765064537859 0.05962953005422929 0.04582342068857237
2 0.7563610250842596 0.6257985088160386 0.05023634933607006 0.04237103847458741
2 0.5673439768796577 0.6245882167980723 0.02976022287263689 0.013536710344286362
2 0.8334724500468822 0.7972890736994959 0.135184041958086 0.14375497840045348
2 0.6484702152703885 0.9115400905745368 0.21482609016268803 0.13872522721932726