0 0.15760678708901663 0.7400807453811465 0.017924484396167804 0.014562605172849529
0 0.5260579732033497 0.5176340616911178 0.012991322930778537 0.00973871285298138
0 0.6518458672558843 0.5510268863808663 0.017924484396167627 0.014562605172849529
0 0.6515869176854256 0.4962484581676209 0.014799484396167805 0.014471676959604097
0 0.6460705800553261 0.46713761968781886 0.01315509724103805 0.01286371285298138
0 0.5732948213488989 0.48223377078317553 0.014799484396167628 0.014471676959604097
0 0.6172019516066236 0.45064880166198795 0.006577548620519025 0.0064318564264908675
0 0.5815543786758451 0.45900085926297757 0.014553822930778537 0.009784176959604096
0 0.5611976130720129 0.4443245938235714 0.013073210085908293 0.01130121285298138
0 0.6085063822938898 0.3627623567556951 0.006577548620519025 0.00643185642649069
0 0.5259085662605162 0.401045955264627 0.009866322930778538 0.009647784639736123
0 0.5612285905707757 0.39894389766363736 0.016198210085908292 0.011392141066226814
0 0.6211878459978426 0.2551544452354972 0.008221935775648604 0.008039820533113407
0 0.6079884831529723 0.2532055003292044 0.008221935775648781 0.008039820533113407
0 0.36051153833221206 0.4963858843358023 0.014635710085908294 0.011346676959604096
0 0.16955126639680174 0.6465353338609485 0.01619821008590825 0.011392141066226814
0 0.1639043747191162 0.7692143159142599 0.02129514586155703 0.019341033386094962
0 0.6068343396662644 0.42452657086231776 0.017924484396167627 0.014562605172849529