0 0.5315188314100632 0.4759954973094036 0.006577548620519025 0.006541098428423453
0 0.231938233264514 0.4254131846557378 0.013236984396167805 0.014644696856846906
0 0.7227590643358929 0.6750623517336831 0.01159259724103805 0.013009422249741043
0 0.80033850972248 0.7277742828747643 0.011756371551297561 0.016134422249741043
0 0.8094988257558537 0.7687267686067406 0.00846759724103805 0.012863873035529138
0 0.8244753725673503 0.7273397892849051 0.006741322930778537 0.009666098428423453
0 0.8234008734718614 0.7514493773742463 0.006741322930778537 0.009666098428423453
0 0.3055969770444776 0.9089191974760193 0.013236984396167805 0.014644696856846906
0 0.16156153550307764 0.5250086162111037 0.009866322930778538 0.00981164764263518
0 0.2342255088179689 0.6772475124059968 0.011265048620519025 0.006759422249740865
0 0.37944175429541316 0.563212899295265 0.008303822930778536 0.009738873035529316
0 0.3933061804601235 0.5303468953663236 0.006577548620519025 0.006541098428423453
0 0.3707284955889859 0.5456615262597356 0.006659435775648781 0.008103598428423453