2 0.6625 0.58359375 0.0734375 0.06875
2 0.48515625 0.740625 0.153125 0.16875
2 0.409375 0.81640625 0.04140625 0.05546875
0 0.2921875 0.50703125 0.00703125 0.00546875
0 0.2515625 0.44453125 0.009375 0.00625
0 0.18359375 0.3484375 0.009375 0.00546875
0 0.2984375 0.3171875 0.0109375 0.0078125
0 0.21640625 0.21171875 0.01328125 0.01171875
0 0.80859375 0.36015625 0.00859375 0.00625
0 0.86484375 0.371875 0.0078125 0.00625
0 0.7265625 0.35078125 0.0078125 0.00625
0 0.53359375 0.10859375 0.00859375 0.00625
0 0.5421875 0.0421875 0.009375 0.0046875
0 0.50625 0.03125 0.0078125 0.00625
0 0.64453125 0.24921875 0.01171875 0.009375
0 0.6046875 0.2140625 0.00703125 0.00625
0 0.03359375 0.225 0.01015625 0.00703125