0 0.8038194922802697 0.37849632000438793 0.022748019237293703 0.025636497492717503
0 0.9448140584296713 0.5496164652272499 0.016443455534962938 0.023892141066226814
0 0.5462550181409853 0.4451452962517116 0.014662700725639511 0.017596676959604096
0 0.5694346017135821 0.5948868834778723 0.011319445916316085 0.011255748746358662
0 0.6114187158713998 0.5008928425699302 0.014717264427970278 0.019159176959604098
0 0.6773760433687288 0.4005722453146395 0.042425602176918174 0.05274456677218975
0 0.39784728919237755 0.5087267599626228 0.009756945916316085 0.011210284639736123
0 0.4478522344757215 0.39857652164110535 0.011319445916316085 0.01125574874635884
0 0.3418080764010206 0.3119821406040084 0.00813988221398514 0.009602320533113407
0 0.09265135770403185 0.5076510271178887 0.039136911069925694 0.04796613855894431
0 0.19530264255042215 0.474736890208297 0.019623019237293704 0.025545569279472248