0 0.3677844811622563 0.5224616207592178 0.006304542154477666 0.009666098428423453
0 0.338814598648699 0.5101777905277594 0.0031613614363184437 0.006395549214211727
0 0.37174929761542674 0.39846119458053525 0.011010222872636977 0.013009422249741043
0 0.39246631859446973 0.46893851447291135 0.004723861436318444 0.006468323821317412
0 0.2582150802037388 0.7524508736547018 0.006277271077238833 0.004978598428423453
0 0.20791561923495855 0.8328981989237615 0.006277271077238833 0.004978598428423453
0 0.26507711679907164 0.45519488399378405 0.006286361436318444 0.006541098428423453
2 0.030803673391488796 0.8644820310172466 0.05183521077238853 0.04927656203449331
0 0.0745082215960907 0.8587072200162107 0.0062863614363184665 0.006541098428423453
2 0.2570611254814745 0.6883519863511489 0.2788431383672898 0.13639138006484258
1 0.2833014386149951 0.7684590173683955 0.03467498184962743 0.053163541356328815
1 0.21940256507842829 0.7936002584770554 0.012590903590796199 0.016207196856846906
1 0.41807134835411136 0.7083477708830521 0.03154089149054791 0.05145549214211727
1 0.3827231590517452 0.40522061683027627 0.026817030054229286 0.0449871683207995
1 0.3812111769075302 0.5480802049196175 0.034656801131468205 0.05003854135632881
1 0.34834413475305254 0.5371769381703946 0.034738614363184706 0.06410104135632899
2 0.3445878756778662 0.5627762516526298 0.06299087939029935 0.08728598428423417
2 0.281406619627742 0.5770163800648426 0.06271816861791084 0.040410984284234175
1 0.5043906434354554 0.7779753742738744 0.02832498789975162 0.03568494292790536