1 0.4921875 0.69375 0.03671875 0.04296875
0 0.43203125 0.34609375 0.01796875 0.0109375
0 0.2515625 0.35390625 0.0125 0.009375
0 0.31015625 0.3875 0.009375 0.00625
0 0.31953125 0.26328125 0.01328125 0.0078125
0 0.30703125 0.25234375 0.01171875 0.00703125
0 0.3234375 0.27109375 0.01015625 0.00546875
0 0.85078125 0.721875 0.0125 0.0109375
0 0.78203125 0.71171875 0.015625 0.0125
0 0.87265625 0.60859375 0.01328125 0.0109375
0 0.84765625 0.62109375 0.0078125 0.0078125
0 0.83515625 0.634375 0.009375 0.00859375
0 0.86171875 0.6328125 0.01015625 0.0078125
0 0.86953125 0.65234375 0.00703125 0.00546875
0 0.940625 0.5859375 0.009375 0.00859375
0 0.9265625 0.5578125 0.01015625 0.00859375