0 0.54765625 0.50546875 0.00546875 0.00546875
0 0.56875 0.20625 0.0140625 0.01171875
0 0.3671875 0.69609375 0.01328125 0.0109375
0 0.321875 0.7734375 0.01484375 0.01015625
0 0.28203125 0.7828125 0.01328125 0.0078125
0 0.325 0.79765625 0.00859375 0.00625
0 0.30078125 0.796875 0.01015625 0.00703125
0 0.09140625 0.2796875 0.0140625 0.01171875
0 0.4625 0.1359375 0.009375 0.01015625
0 0.31640625 0.20859375 0.00703125 0.0109375
0 0.4453125 0.353125 0.009375 0.0078125
0 0.4796875 0.3671875 0.00703125 0.00703125
0 0.4625 0.34453125 0.0078125 0.00625