0 0.44609375 0.49921875 0.01015625 0.00625
0 0.25390625 0.525 0.0328125 0.0234375
0 0.35859375 0.50703125 0.0078125 0.0046875
0 0.2359375 0.55078125 0.0078125 0.00546875
0 0.453125 0.66796875 0.00703125 0.0046875
0 0.6375 0.68125 0.01484375 0.01328125
0 0.72421875 0.68671875 0.01015625 0.00859375
0 0.803125 0.715625 0.00859375 0.00859375
0 0.63671875 0.75546875 0.01875 0.01328125
0 0.75234375 0.75234375 0.0125 0.01015625
0 0.88046875 0.8078125 0.015625 0.01328125
0 0.984375 0.69921875 0.0109375 0.0078125