0 0.6197700360461049 0.2461806401881695 0.011255834980972068 0.008194445916315995
2 0.6608778557040376 0.3125521738534334 0.06511034684397003 0.06624504809323425
2 0.8037444935370284 0.4544544755748648 0.12952035672980172 0.11530259618646851
1 0.7227120108372339 0.36947678564899855 0.17977502471457943 0.12329863466105592
1 0.5962941604960417 0.8415204220393349 0.24890170950527093 0.21152781015895172
0 0.2752415142600939 0.7332961719545169 0.016261669961943958 0.016170637023308388
1 0.5593459643366436 0.9691146208660577 0.08456068380210838 0.061770758267884675
2 0.6007522143366437 0.9697421034428626 0.09549818380210837 0.060515793114274886
2 0.6598062207624343 0.9532689430907272 0.08711268083635879 0.07013393992586643
0 0.6314530690892791 0.8810839190441101 0.014635502965749581 0.01455357332097762
0 0.6244443127006696 0.515476277211478 0.009693334980972069 0.00813988221398514