2 0.3516368117185963 0.6848469638824433 0.07939981252120454 0.08258640340856668
2 0.1983010245099533 0.4923300016248531 0.1918303798517324 0.17199555113509035
2 0.12306790073348864 0.41088117857237005 0.06251984736759483 0.04637616801906326
0 0.46139876915247563 0.29176339123699735 0.006468254809323426 0.006359094155801337
0 0.5308134572642433 0.24917074229265754 0.006577382213985139 0.009484094155801337
0 0.637901760166801 0.17859341518298474 0.006577382213985139 0.009484094155801337
0 0.6624974776826634 0.3015263547124035 0.009811509618646852 0.012663641233702094
0 0.7810416357573642 0.2159143628300783 0.01299107332097762 0.014280688311602674
0 0.5787474048250218 0.8440644565788424 0.006577382213985139 0.009484094155801159
0 0.5625569204341184 0.9052474184293956 0.0065228185116541935 0.007921594155801159
0 0.5942756903043843 0.7571275182672398 0.0065228185116541935 0.007921594155801515
0 0.8667757167980721 0.555616016645682 0.006577382213985317 0.009484094155801514
0 0.9374329571794252 0.5668750706234416 0.006577382213985317 0.009484094155801337
0 0.9512970497376967 0.527594382311839 0.0065228185116541935 0.007921594155801515
0 0.7088863165279198 0.6723649602322906 0.009811509618646852 0.012663641233702094
0 0.7494220364908528 0.629495621758532 0.006468254809323426 0.006359094155801337
0 0.7800495985487211 0.020738230524830016 0.006631945916316084 0.01104659415580136