2 0.6124668023949082 0.2694718072485449 0.09067803262324467 0.15763393992586625
0 0.5335167900376185 0.20820443583433298 0.01658000494291585 0.023983137023308565
0 0.49765754448624283 0.22801593882955787 0.01157416996194378 0.016006945916315997
0 0.5708695514063251 0.2633383691367773 0.008258168973360824 0.011210318511654282
0 0.5812141438016708 0.3066072194995969 0.008194501977166268 0.009647818511654282
0 0.5590818172236558 0.3378200139646341 0.013582338935304606 0.026999009618646853
0 0.576937820683697 0.35482646469027357 0.008194501977166268 0.009647818511654194
0 0.43946699558855673 0.38903279518282735 0.011637836958138336 0.017569445916315995
0 0.6146924886684746 0.36238599354621404 0.008194501977166268 0.009647818511654282
0 0.37852683699531936 0.42513149708959314 0.006504667984777513 0.006468254809323426
0 0.424762508440138 0.449370094457188 0.0033796679847775124 0.006359127404661713
0 0.44525142197629125 0.4352629544386545 0.003316000988583312 0.004796627404661713
0 0.36268431969511383 0.3426637374709463 0.0033796679847775124 0.006359127404661713
0 0.3161157258168933 0.2911086719545169 0.004878500988583135 0.00485119110699257
0 0.31258616060758476 0.376800635294028 0.0032523339923887563 0.003234127404661713
0 0.25523391703337545 0.40522324645662094 0.011383168973360735 0.011319445916315906
0 0.24487337307860518 0.591314513879816 0.00813083498097189 0.008085318511654194
0 0.19780737209002203 0.5849901028098905 0.006504667984777557 0.006468254809323426
0 0.5525823968046014 0.7143998721320022 0.01801517095052709 0.020912700725639333
0 0.5177444817855734 0.7209846888295579 0.013136669961943959 0.01606150961864685
0 0.3822645796181266 0.784905801173277 0.011383168973360735 0.011319445916316085
0 0.51570584342111 0.46034728919237755 0.008130834980972067 0.008085318511654194