2 0.43359375 0.36328125 0.1015625 0.09921875
1 0.65703125 0.5203125 0.0328125 0.02265625
1 0.8265625 0.56953125 0.053125 0.02421875
1 0.87109375 0.59375 0.04296875 0.01875
1 0.86796875 0.73671875 0.0625 0.02578125
1 0.93515625 0.70546875 0.02265625 0.015625
1 0.43984375 0.70078125 0.06796875 0.0515625
1 0.38203125 0.6984375 0.0453125 0.02265625
2 0.43125 0.8234375 0.4203125 0.35234375
2 0.903125 0.89765625 0.04921875 0.02890625
2 0.9421875 0.74609375 0.0796875 0.07265625
2 0.021875 0.70078125 0.04375 0.03125
2 0.8734375 0.575 0.0421875 0.028125
2 0.578125 0.61484375 0.0140625 0.01484375