2 0.4045213196927806 0.05291721484892414 0.06629961179556502 0.06704625889134015
2 0.8294443863055184 0.3926965748592841 0.20006452050323809 0.2791910020669146
2 0.5813218556354792 0.4845909381749037 0.14687997840045347 0.14099748924663302
1 0.6001140064537859 0.5718533436754217 0.06895338584218216 0.0983690334984459
0 0.36965265782024676 0.8727395632773476 0.00813988221398514 0.009738873035529139
0 0.4563094096343453 0.8258045971900783 0.006468254809323426 0.006541098428423453
0 0.3526933363133676 0.8446702212590651 0.008085318511654283 0.00817637303552914
0 0.11844482188539732 0.8743000250213907 0.012991073320977709 0.014644696856846906
0 0.13038182669472073 0.8675042154680966 0.009756945916315995 0.011374147642635179
0 0.17207825337374302 0.8796018010762385 0.011319445916315996 0.01144692224974122
0 0.04638877261103672 0.8604965442518131 0.009756945916315995 0.011374147642635179
0 0.0682364907598713 0.860258949752331 0.009756945916315995 0.011374147642635179
0 0.1762598110856241 0.8045290264691328 0.008194445916315995 0.011301373035529139
0 0.6239756694226282 0.15657294603278654 0.008194445916316084 0.011301373035529316
0 0.783167097830931 0.44477065116180103 0.008194445916316084 0.011301373035529316
0 0.28620772996009813 0.7830285539717227 0.008085318511654283 0.008176373035529316
0 0.2394195207969382 0.8944048556671337 0.011319445916315996 0.01144692224974122
0 0.15327617887163897 0.8149592582721675 0.009756945916315995 0.011374147642635179
0 0.024677463718029292 0.856827888751295 0.00819444591631599 0.011301373035529139
0 0.05457329484355531 0.8718150339127307 0.009756945916315995 0.011374147642635179
0 0.059642740759871304 0.8606592100914131 0.008085318511654283 0.00817637303552914