0 0.32408735226173624 0.3801805853755435 0.011210318511654282 0.00793976933481808
0 0.3837004544386545 0.4324157947167249 0.011264882213985139 0.00950226933481808
0 0.4355432074338794 0.3963152100572701 0.004796627404661713 0.0031795440006363584
0 0.4361062026245559 0.3900743007240428 0.014444445916316084 0.011101132001908987
0 0.4817560085223385 0.42262371873008797 0.004905754809323426 0.006304544000636269
0 0.34591027775963223 0.44603285204486165 0.011210318511654282 0.00793976933481808
0 0.35490578792643324 0.25637091538031603 0.011264882213985139 0.00950226933481808
0 0.4546974568009071 0.27393168006045177 0.009647818511654194 0.007921588001272717
0 0.4567683882892529 0.26614645206077 0.011319445916316085 0.011064769334818082
0 0.3889087988110244 0.5144743167170431 0.011210318511654282 0.00793976933481808
0 0.7555258691367772 0.5695009080999045 0.011319445916316085 0.011064769334818082
0 0.6659003739461007 0.5747054814210414 0.012772818511654193 0.007957950668363623
0 0.6858954154159129 0.5882139980903596 0.004851191106992658 0.00474204400063627
0 0.6794916479927178 0.606100932089405 0.006468254809323426 0.006322725334181811
0 0.6691717068857252 0.6012952534213596 0.006413691106992659 0.0047602253341818114
0 0.6642932339275672 0.5957719594207233 0.006413691106992659 0.0047602253341818114
0 0.6933681203179036 0.4891225174251776 0.011210318511654193 0.00793976933481808
0 0.776071492913242 0.48696112810308617 0.014389882213985138 0.009538632001908987
0 0.8269693048014741 0.4461639527768586 0.014335318511654548 0.007976132001909164
0 0.9099281377410987 0.47368097278799437 0.011210318511654193 0.00793976933481808
0 0.16621043110982758 0.8461221166852264 0.011264882213985139 0.00950226933481808
0 0.15114842630050415 0.8396993940165448 0.011264882213985139 0.009502269334818436
0 0.29813998818873644 0.800020370703362 0.006468254809323426 0.006322725334181811
0 0.21705367929572902 0.8037624413589988 0.006413691106992569 0.0047602253341818114
0 0.12124516069140753 0.9002641766788632 0.011210318511654282 0.00793976933481808
0 0.09465537884024211 0.8991738440085906 0.011210318511654282 0.00793976933481808
0 0.08647829109129412 0.866279528007636 0.011210318511654282 0.00793976933481808
0 0.11802095697054323 0.9197499733449994 0.00797619110699257 0.004778406667727353
0 0.8124008293962455 0.2749702054423587 0.00808531851165455 0.007903406667727176
2 0.38499010280989043 0.17862772338477034 0.008085318511654283 0.007903406667727219
0 0.5914310757680484 0.18649640941276907 0.011210318511654193 0.00793976933481808
0 0.5844543894703793 0.18797709341181457 0.008085318511654194 0.007903406667727219
0 0.6360962458236488 0.12376059941913242 0.008085318511654194 0.007903406667727219
0 0.7127281784931208 0.0371878474299501 0.011264882213985139 0.009502269334818115
0 0.625746533665264 0.051013442751405194 0.006468254809323426 0.006322725334181789
0 0.5725768936467306 0.07147993674408734 0.009647818511654194 0.007921588001272673
0 0.9731300313878293 0.5392337947962668 0.011319445916316085 0.011064769334818082
0 0.939975280206703 0.6185031241247215 0.011319445916316085 0.011064769334818082
0 0.7471355380960693 0.9106708007638137 0.011264882213985139 0.00950226933481808
0 0.5804663932682124 0.923569148074451 0.008085318511654194 0.007903406667727353