0 0.6840048996819712 0.6157304707590413 0.015761355386194255 0.02361931333545435
0 0.7273094720870701 0.5396770480983136 0.004714771077238921 0.00474204400063627
0 0.730575372652804 0.5639321607654045 0.0031613614363184437 0.006286362667090728
0 0.7008696919346449 0.5604617154280411 0.0031522710772389217 0.004723862667090906
0 0.6283225262436003 0.578366283418178 0.0031613614363184437 0.006286362667090905
0 0.6072924087571576 0.5890583354153144 0.006286361436318444 0.006322725334181811
0 0.6138736859827165 0.5117964014162689 0.01731476502711473 0.02207499466899989
0 0.6082822161351417 0.4906390167488599 0.003143180718159222 0.003161362667090728
0 0.6013464149054777 0.5069634507479053 0.003143180718159222 0.0031613626670909055
0 0.568243544295777 0.5909475520766783 0.00945681323171641 0.014171588001272717
0 0.5393554750139362 0.5937361974060875 0.00947499394987581 0.017296588001272716
0 0.5536265323919203 0.4954714200747693 0.011028403590796288 0.015752269334818082
0 0.5471129119786114 0.45008619474058753 0.006295451795397966 0.007885225334181812
0 0.5375788306947181 0.4226333567393148 0.006286361436318444 0.006322725334181811
0 0.5682702944921687 0.461269142743451 0.0031522710772389217 0.004723862667090906
0 0.5217043667008758 0.5138487027370877 0.015734084308955332 0.018931813335454527
0 0.4927708456236369 0.508824848066497 0.0031613614363184437 0.006286362667090905
0 0.3974906827612627 0.647550446053452 0.003143180718159222 0.0031613626670909055
0 0.37026510742929775 0.6675447727164068 0.004723861436318444 0.006304544000636269
0 0.31164863153159866 0.6629567227084526 0.006286361436318444 0.006322725334181811
0 0.25474919173825317 0.6849493540340439 0.02196590359079611 0.01587953866963616
0 0.18785660752749359 0.6005828973583626 0.012590903590796199 0.015770450668363623
0 0.25925838797450634 0.3858033293682257 0.0110284035907962 0.015752269334818082
0 0.24247086377400953 0.45435333469922573 0.009447722872636977 0.012609088001272539
0 0.19303342427525155 0.28191471335931695 0.006295451795398055 0.007885225334181812
0 0.24275110226293634 0.09969310669954394 0.006286361436318444 0.006322725334181767