0 0.6989456091700397 0.2815090395158328 0.02710797077900686 0.031868249050069505
0 0.5685780450460105 0.3798946009705898 0.012772735389503432 0.01591594072944442
0 0.5508547568965636 0.3943753282691662 0.003234094155801337 0.00632273518236115
0 0.5192871570587194 0.4216833638883676 0.014362508928453721 0.01751480832062491
0 0.5474803409060952 0.4249349972471176 0.0064136412337020944 0.0095204703647223
0 0.6289854853862081 0.48243706630131894 0.0237920560063543 0.020858013867708358
0 0.6213889939076248 0.6740978894395828 0.020667056006354302 0.020785278685347207
0 0.6575349995896677 0.6404307510468398 0.003234094155801337 0.00632273518236115
0 0.5183730880634261 0.6827481504574996 0.017487508928453722 0.01758754350298606
0 0.5683867248329013 0.6823656375397217 0.0063863676947516265 0.0079579703647223
0 0.5077998266993404 0.7486459073913537 0.023982970779006862 0.03179551386770836
0 0.39877010551659187 0.41276491840927054 0.014362508928453721 0.01751480832062491
0 0.4350384366834543 0.6995375665856594 0.004796594155801337 0.006359102773541636
0 0.39019926947517 0.7724854105254858 0.03354888555165925 0.04295121941479181
0 0.3538720316500346 0.840545732713819 0.03039661201270887 0.04131598423243048
0 0.36238000689326827 0.8802076447579165 0.006413641233702005 0.009520470364721945
0 0.19266002191080198 0.6942370432186457 0.011319329545304768 0.022129573138263935
0 0.1374974147693571 0.489187173727604 0.008030688311602719 0.012681837955902785
0 0.09796295088691385 0.8660412676674305 0.009702282467404077 0.018968205547083273