1 0.3718577080668516 0.5264211785779388 0.053690484390903404 0.06273810217691818
1 0.15552337993655044 0.4985788876562808 0.07394842068857255 0.0618849303072194
1 0.690513449629331 0.4454738012580951 0.048566474772256465 0.050074411069925696
1 0.694127033750082 0.3925397742162532 0.040481156260602266 0.041989092558271324
1 0.5858507422802697 0.3754936287554241 0.030124009618646853 0.013536710344286185
0 0.6698437963639537 0.36750256868129033 0.004796627404661713 0.0032886911069925696
0 0.72400550670824 0.3990452345605394 0.011210318511654193 0.008194445916315995
0 0.6622520403735039 0.4405854046161397 0.006413691106992659 0.004905754809323426
0 0.6714087855641806 0.4346627868301248 0.0032341274046615355 0.003234127404661713
0 0.8355531311176769 0.4427357255748648 0.006413691106992303 0.004905754809323426
1 0.772472810876742 0.71441726341648 0.05385417549789597 0.06742560217691818
2 0.7429490019837346 0.7180680530721937 0.05728671034428636 0.03165179328391084
2 0.648415229666398 0.40186764499749283 0.12449405771188111 0.07925596878180681