0 0.25499627996446905 0.2820484354689336 0.028036468792335522 0.028588650162155817
0 0.134014315356005 0.4120887171255589 0.020223968792335522 0.028452282467404187
0 0.1089833378572422 0.4570057508107789 0.009866322930778538 0.009538641233702095
0 0.0953579291053864 0.3887369918823252 0.006741322930778493 0.009484094155801337
0 0.1261719171195988 0.2782358685055306 0.010111984396167806 0.014226141233702094
0 0.06568147444654507 0.25372106371699216 0.006659435775648759 0.007921594155801338
0 0.36243696574011774 0.27610417288703193 0.016771420171816587 0.02214773538950343
0 0.3083569753510562 0.2337160754848197 0.028118355947465278 0.030151150162155815
0 0.40627109565915837 0.4692326099808186 0.010030097241038049 0.012663641233702094
0 0.2951731433751662 0.48527857548481973 0.019896420171816497 0.02220228246740419
0 0.44706427125804177 0.3026042175293006 0.01512703301668683 0.02055796185055305
0 0.4612606473318951 0.16600819845457715 0.008385710085908294 0.011073867694751716
0 0.4158485707830719 0.27156272321134345 0.006659435775648781 0.007921594155801338
0 0.5123163777713339 0.4749934606294418 0.010030097241038049 0.012663641233702094
0 0.6045514654014335 0.5055361229664622 0.006741322930778537 0.009484094155801337
0 0.6391787709193575 0.5311634143623201 0.008303822930778536 0.009511367694751627
0 0.5746492814348071 0.4643520154179802 0.0033706614653892684 0.004742047077900579
0 0.247169412597043 0.4015524119299833 0.008221935775648781 0.007948867694751626
0 0.3309446263009959 0.2951035888775003 0.010030097241038049 0.012663641233702094
0 0.38692571065173514 0.19677122889338636 0.006659435775648781 0.007921594155801338
0 0.22293961725588435 0.5356274030015296 0.015208920171816498 0.022120461850553143