0 0.5693653315952929 0.8039326966908706 0.011383168973360825 0.011383168973360825
0 0.5324237471086126 0.7969677722803025 0.02582767095052709 0.021331171939110227
0 0.651624733268448 0.736308797983465 0.014571835969555025 0.013073002965749581
0 0.6177298943331435 0.7084092910633828 0.02094916996194396 0.016452670950527094
0 0.5681145549035472 0.6775293641813567 0.01782416996194396 0.016325336958138335
0 0.4754959733826164 0.6823349279077904 0.017760502965749582 0.014762836958138337
0 0.6442512905690911 0.6127757974891734 0.017760502965749582 0.014762836958138337
0 0.7703163834587285 0.6631498236866274 0.014571835969555202 0.013073002965749581
0 0.6748964541052445 0.5992053874130612 0.011383168973360825 0.011383168973360825
0 0.7178970376033417 0.601737479808407 0.022639003954332715 0.01964133794672147
0 0.7602755385919249 0.6081439887056556 0.022575336958138337 0.018078837946721472
0 0.5875755262346352 0.542610536120467 0.017760502965749582 0.014762836958138337
0 0.7233220252460519 0.5434620647893789 0.012882001977166269 0.009884335969555024
0 0.7654166833449978 0.5046197406828219 0.022639003954332715 0.01964133794672147
0 0.6287788463868595 0.4818932120139099 0.01125583498097189 0.008258168973360824
0 0.6371086581361268 0.380058797983465 0.024137836958138335 0.01814250494291585
0 0.4439489071475437 0.3675084239534576 0.01619800296574958 0.014699169961943958