0 0.4984375 0.28828125 0.01328125 0.02421875
0 0.571875 0.24140625 0.00703125 0.0109375
0 0.603125 0.32421875 0.01015625 0.01640625
0 0.671875 0.38828125 0.015625 0.0203125
0 0.61640625 0.40546875 0.01328125 0.01953125
0 0.93125 0.49296875 0.01015625 0.01875
0 0.86328125 0.4890625 0.01015625 0.01171875
0 0.81484375 0.4890625 0.00859375 0.01171875
0 0.60390625 0.4703125 0.0109375 0.01328125
0 0.4484375 0.38984375 0.0078125 0.01328125
0 0.48203125 0.36171875 0.00703125 0.0109375
0 0.46328125 0.225 0.00625 0.01328125
0 0.3953125 0.240625 0.00703125 0.01171875
0 0.17578125 0.578125 0.00546875 0.0078125
0 0.265625 0.7609375 0.00703125 0.0078125
0 0.1890625 0.81015625 0.0078125 0.009375
0 0.084375 0.8578125 0.01171875 0.0125
0 0.51796875 0.6625 0.00390625 0.00703125
0 0.5953125 0.70703125 0.009375 0.0125