0 0.6693328247427898 0.33767524276579886 0.028234084308955333 0.02005994292790536
0 0.6635868187908615 0.2902737038906694 0.009429542154477666 0.00981164764263518
0 0.5304470658639951 0.24020954549466725 0.01414431323171641 0.01471747146395277
0 0.6656442224798534 0.2409457919800106 0.012563632513557365 0.011519696856846905
0 0.4307510720123153 0.1627994830458892 0.01726022287263689 0.013300520678164406
0 0.5293516775949012 0.051928295494667265 0.009420451795397966 0.008249147642635134
0 0.6286613311856974 0.06293210794344532 0.010992042154477844 0.009884422249740999
0 0.4010964300307882 0.43847372518800637 0.007848861436318444 0.006613873035529317
0 0.4694793122497579 0.6408131670824545 0.012563632513557365 0.011519696856846905
0 0.2538315863520589 0.6469498128630627 0.012572722872636976 0.013082196856846907
0 0.34077655356735503 0.41315054756158187 0.006286361436318444 0.006541098428423453
0 0.8306692587805987 0.13010668362678973 0.018813632513557367 0.01181079528527027