0 0.3125 0.621875 0.015625 0.0203125
0 0.2984375 0.5890625 0.0078125 0.0109375
0 0.4234375 0.64921875 0.009375 0.01328125
0 0.4140625 0.565625 0.01015625 0.0140625
0 0.35625 0.62265625 0.00390625 0.00546875
0 0.528125 0.5203125 0.01015625 0.0140625
0 0.575 0.47265625 0.00703125 0.009375
0 0.459375 0.48359375 0.009375 0.01484375
0 0.34765625 0.50078125 0.00859375 0.01171875
0 0.37890625 0.5296875 0.01171875 0.021875
0 0.696875 0.61171875 0.00859375 0.0125
0 0.4671875 0.45390625 0.00859375 0.01015625
0 0.45859375 0.41640625 0.01328125 0.0171875
0 0.509375 0.4 0.0078125 0.0109375
0 0.6609375 0.44453125 0.0109375 0.01953125
0 0.62734375 0.39609375 0.00546875 0.0078125
0 0.53828125 0.3546875 0.01484375 0.01796875
0 0.446875 0.37734375 0.01171875 0.0171875
0 0.46484375 0.378125 0.00625 0.00625
0 0.39765625 0.38046875 0.00859375 0.009375
0 0.2453125 0.22421875 0.01171875 0.015625