2 0.5501379877927921 0.7296875 0.0472674565847754 0.0671875
2 0.36877169820499806 0.29609375 0.17115490063313823 0.24375
0 0.5713404202291795 0.384375 0.008085284639736123 0.009375
0 0.5500423625616829 0.8875 0.011346676959604096 0.0140625
2 0.6819238822242312 0.56015625 0.12940532132453625 0.3125
2 0.9071214251772375 0.80859375 0.11193301332783498 0.1953125
2 0.7657162090255507 0.51328125 0.04368781551854841 0.0515625
2 0.6415559803374518 0.32734375 0.04860263605166182 0.059375
2 0.5725068004748537 0.1828125 0.04373327962517113 0.053125
2 0.6246329047897733 0.36328125 0.01492631802583091 0.0296875
2 0.7105032424781526 0.065625 0.14913148495630518 0.13125
2 0.8846347274344579 0.196875 0.1814104390337981 0.2203125