0 0.7060788522698556 0.14218606627225375 0.011346676959604096 0.014508168973360736
0 0.6123910367513071 0.18999221349678463 0.01947742570596276 0.025764003954332714
0 0.5617856314993153 0.23564295311666134 0.008085284639735946 0.00969333498097189
0 0.5886459967012947 0.3071332925462576 0.016216033386094963 0.02094916996194396
0 0.5707203622989855 0.22427437159573044 0.012909176959604095 0.014571835969555113
0 0.4432425684880494 0.3043372619001791 0.014471676959604097 0.014635502965749492
0 0.3999843134734844 0.25877275250863896 0.009602320533113407 0.008194501977166268
0 0.36939824003737715 0.3959716635733343 0.012909176959604095 0.014571835969555113
0 0.4346642242022595 0.572274178402082 0.01947742570596276 0.025764003954332537
0 0.415070789720808 0.5198521739534577 0.006477320533113407 0.008067167984777513
0 0.19013532271119146 0.6428745439919513 0.01290917695960414 0.014571835969555025
0 0.895746476709542 0.6129627757775247 0.014517141066226813 0.01619800296574958
0 0.9289203410535916 0.5212355322033153 0.012909176959604095 0.014571835969555202