2 0.43984375 0.53671875 0.04296875 0.09453125
2 0.33203125 0.49765625 0.05625 0.04921875
2 0.73984375 0.69375 0.0796875 0.0609375
2 0.86015625 0.54375 0.11953125 0.053125
0 0.9421875 0.46171875 0.01484375 0.00859375
0 0.91875 0.38515625 0.00859375 0.00625
0 0.68359375 0.25 0.009375 0.009375
0 0.50390625 0.2328125 0.01171875 0.01015625
0 0.6359375 0.20859375 0.00546875 0.00625
0 0.44375 0.3078125 0.01171875 0.01015625
0 0.396875 0.1546875 0.009375 0.00625
0 0.4390625 0.27421875 0.0078125 0.00625
0 0.3921875 0.53828125 0.01328125 0.0109375
0 0.3953125 0.57265625 0.00390625 0.00390625
0 0.2171875 0.96796875 0.0125 0.01015625