1 0.6658491985936749 0.2516134267584048 0.04836851581733086 0.07552725867281787
1 0.6211733685556189 0.23546116808558698 0.03717634783255317 0.06914998933799979
2 0.20407871045667303 0.18996357069540776 0.37076607513232124 0.36039534404836143
1 0.07783720403088239 0.2189778140117722 0.02777217292769345 0.02999658267027252
2 0.4173136091268977 0.673141339393679 0.04648768083635879 0.0676965773392725
2 0.5419541703818733 0.7793287994111783 0.08551568874502422 0.10563292934436319
2 0.4347782707230657 0.3020748613939972 0.06724584980971962 0.0788704346753633
1 0.47657047577971223 0.12044360073199697 0.05098417984777566 0.06306362133990877
2 0.4693044624338393 0.18367030673136067 0.05461851581733086 0.07559998400699967
1 0.46196019463934224 0.26799985339749705 0.05114068874502422 0.1052329400063634
2 0.8274910582520452 0.5239349641151765 0.07368685079830292 0.08363066000954511
2 0.9645281432330173 0.5177133308004029 0.034144189733607534 0.10972044533736351
2 0.9634656393158656 0.14095992679817576 0.06581068380210837 0.0819772533418178
2 0.6514166254757011 0.20298502275617772 0.07174234882113631 0.07423747867599957