0 0.6017919560391345 0.25691846958530506 0.022093176002545435 0.019896420171816587
0 0.566526618037862 0.2493859305757245 0.01417158800127254 0.010111984396167806
0 0.6467873773869975 0.361656879241672 0.015752269334818082 0.011756371551297561
0 0.5608862400540884 0.3692856727738083 0.015752269334818082 0.011756371551297561
0 0.609332283378407 0.30029997738722114 0.006304544000636269 0.005015048620519024
0 0.5333799527370877 0.49111308514370877 0.015752269334818082 0.011756371551297561
0 0.49260095874440546 0.5471893447546472 0.009465906667727352 0.008303822930778536
0 0.48576860872849714 0.4302884497976013 0.01731476933481808 0.011838258706427318
0 0.48521353071290696 0.3154037562200364 0.014189769334818081 0.011674484396167806
0 0.5199067040499523 0.34094598880718185 0.02361931333545435 0.016853307326946253
0 0.6508321767584049 0.6420846856641071 0.014189769334818081 0.011674484396167806
0 0.456998718730088 0.4435221121675017 0.012627269334818081 0.01159259724103805
0 0.41789985606299707 0.4424442910457455 0.01893181333545435 0.016607645861557073
0 0.4099242714035422 0.49601967039895917 0.014171588001272717 0.010111984396167627
0 0.4772492260900414 0.6386741598835096 0.020494313335454352 0.01668953301668665
0 0.4238151434197688 0.6148958231579211 0.009465906667727352 0.008303822930778536
0 0.36892710140831475 0.5333459300098976 0.020530676002545344 0.019814533016686654
0 0.3779833807288153 0.4382824135015541 0.02049431333545444 0.01668953301668665
0 0.38053621606458793 0.45612833276885956 0.007903406667727176 0.008221935775648781
0 0.37271407805536105 0.3885280749669434 0.011064769334818082 0.011510710085908293
0 0.19150843670431644 0.2674763478068649 0.017351132001908985 0.014963258706427318