2 0.8171875 0.4390625 0.03046875 0.02109375
0 0.69765625 0.25703125 0.0125 0.009375
0 0.77265625 0.20390625 0.0078125 0.0046875
0 0.59453125 0.2578125 0.00390625 0.00234375
0 0.38046875 0.3 0.00703125 0.00390625
1 0.403125 0.31328125 0.02734375 0.03203125
1 0.25546875 0.53359375 0.08984375 0.06015625
2 0.2453125 0.5359375 0.0546875 0.03125
0 0.384375 0.54296875 0.00625 0.00390625
0 0.51328125 0.5125 0.0078125 0.00546875
1 0.5609375 0.54375 0.02578125 0.02421875
2 0.55546875 0.553125 0.0234375 0.02265625
1 0.57421875 0.61640625 0.0828125 0.028125
2 0.57890625 0.615625 0.03046875 0.01796875
1 0.8125 0.5734375 0.0390625 0.046875
1 0.7875 0.6390625 0.03984375 0.01328125
1 0.78984375 0.61171875 0.021875 0.0078125
0 0.44765625 0.65703125 0.00546875 0.0046875
0 0.31484375 0.6359375 0.00625 0.00546875