1 0.5645484699236398 0.5525315215136507 0.23023403469127146 0.18523193668674978
1 0.5546183919080497 0.6675252759778776 0.06778748400699967 0.05273526217486459
1 0.45205646590550436 0.6880616927791248 0.031577264003817974 0.028670470779006862
1 0.4783542418841871 0.8446020190780189 0.16052042401336308 0.10121940097293489
1 0.4666803978755967 0.9080741838506711 0.08359429734245402 0.06863299756436803
0 0.44672352856464104 0.7436122633959759 0.006322725334181811 0.006359094155801515
0 0.3618752665500054 0.8528838977298191 0.00474204400063627 0.004769320616851047
1 0.2605240412555945 0.5679924748394919 0.2111567706874536 0.1567796542193456
1 0.26013423726927565 0.4672384983784422 0.16413632001909004 0.1434614480508353
1 0.3924916565881854 0.5711566107981881 0.03312158267027261 0.027135244317957153
1 0.486360929941139 0.4250162220001181 0.028379538669636162 0.022365923701106283
1 0.29784441728995653 0.3142674569825844 0.23354084802672598 0.20091148376465034
1 0.46535118531191005 0.14965771185384835 0.037790901336727065 0.025654564934808156
1 0.3317750693030014 0.21760096266462722 0.04404090133672707 0.025763659090609535
1 0.3689659866327289 0.24350889772981912 0.06282726400381797 0.029215941558013547
1 0.520682480625411 0.29475597768216094 0.029905676002545435 0.019268197240056482
1 0.43045692262095664 0.32913670617180546 0.0393352200031817 0.024119338473758488
1 0.12437471920755123 0.9242033388807955 0.0819772533418178 0.06391822402541755
1 0.44543484325273097 0.5858543104738766 0.057104522676635835 0.0744193474022122
1 0.49704389127150284 0.44670030722746573 0.1373192813494537 0.12112279788867966
2 0.26067332332113696 0.08527543222581804 0.031613626670908876 0.031795470779006796
2 0.5344728079646834 0.2572107077933633 0.40605438407063305 0.5144214155867266