0 0.5032749668452826 0.5492848441697087 0.026655341901054185 0.040770445745273956
0 0.43960769216788426 0.27159618140553027 0.018269838935304605 0.02666249394987581
0 0.48940742091334605 0.3720638140172835 0.013264003954332715 0.018822722872636977
0 0.5042219960084863 0.4110308652469475 0.011446835969555202 0.012563632513557365
0 0.5116962563886096 0.3617802989901688 0.009884335969555024 0.012554542154477665
0 0.4906926896964263 0.2830149495559029 0.014444501977166268 0.009456813231716588
0 0.3221032212939069 0.5292501210024841 0.004942167984777512 0.006277271077238922
0 0.5442156432330172 0.5029638351927181 0.006632001977166268 0.009411361436318443
0 0.6612638803814359 0.5632059227231274 0.006632001977166268 0.009411361436318443
0 0.3681889955141947 0.41416547648687424 0.00994800296574958 0.014117042154477667
0 0.36153974749136103 0.40483138310273253 0.01001166996194396 0.015679542154477664
0 0.3114561758562619 0.34966716013189975 0.006759335969555113 0.012536361436318444