0 0.39140625 0.33984375 0.02109375 0.0125
0 0.4625 0.303125 0.0046875 0.00390625
0 0.43984375 0.2984375 0.00546875 0.00390625
0 0.4421875 0.32578125 0.00390625 0.003125
0 0.4234375 0.39140625 0.00546875 0.00390625
0 0.4125 0.41015625 0.0046875 0.0046875
0 0.4828125 0.40703125 0.0203125 0.015625
0 0.50234375 0.4125 0.003125 0.00234375
0 0.4859375 0.4171875 0.00234375 0.00234375
0 0.40859375 0.4453125 0.0125 0.00859375
0 0.4046875 0.47265625 0.015625 0.009375
0 0.4953125 0.4625 0.01484375 0.01015625
0 0.53671875 0.46875 0.00703125 0.00546875
0 0.56015625 0.478125 0.00625 0.0046875
0 0.52734375 0.44921875 0.00390625 0.00234375
0 0.4765625 0.490625 0.0171875 0.01484375
0 0.48046875 0.5171875 0.00546875 0.00390625
0 0.34921875 0.6 0.003125 0.00234375
0 0.33046875 0.62421875 0.00546875 0.00390625
0 0.3328125 0.678125 0.00546875 0.0046875
0 0.31015625 0.72890625 0.0140625 0.01875
0 0.384375 0.79140625 0.01328125 0.01015625
0 0.58203125 0.7328125 0.0140625 0.01015625
0 0.51875 0.74609375 0.0125 0.00859375
0 0.67421875 0.79609375 0.00703125 0.00625
0 0.8421875 0.75546875 0.00625 0.0046875