2 0.5700021751493063 0.872176392095556 0.025800087005972295 0.034956881458888846
0 0.7753053113578477 0.7692007817225701 0.011264808320624908 0.014317073138263936
0 0.826542462668369 0.8570651108447576 0.006431837955902608 0.0079579703647223
0 0.7836788961796186 0.659299104860834 0.0031977351823611498 0.0031977351823609724
0 0.757130007502535 0.4244331423798965 0.004869337955902786 0.007921602773541637
1 0.7412329037790629 0.44592628267250056 0.03826371941479181 0.03368532218833344
1 0.516683579406528 0.25876720231604206 0.07740026101791671 0.10487064437666671
2 0.5156113886770834 0.24624901852045183 0.042079703647222286 0.0634455573706945
0 0.4964100598392364 0.3941591884483337 0.0048329703647223 0.006359102773541636
0 0.5177064444322573 0.5375461657469102 0.008030705547083272 0.009556837955902786
1 0.47973497216767413 0.5835119759673961 0.028852351823611143 0.031904616641250175
2 0.46941506800736155 0.5762443366247225 0.028779616641249995 0.028779616641250172
1 0.40017475873680597 0.5871259788171879 0.04277068787965277 0.09313305737069441
2 0.4003202291015283 0.5933759788171878 0.022675087005972115 0.034884146276527875
1 0.4250163302595493 0.8492811399113546 0.055778527735416715 0.04814786569131968
1 0.35704692704916735 0.8141235834905907 0.01980466014423623 0.045748911094166546
1 0.386062279822709 0.8194838839274308 0.013081881458888844 0.0252909407294446
0 0.3680317931217365 0.4473906783803475 0.0063954703647222996 0.0063954703647222996
0 0.40147745991548633 0.3076203167730906 0.0063954703647222996 0.006395470364722211