1 0.4904278693159849 0.506240010081983 0.04818494292790554 0.029761911069925696
1 0.49742057795965594 0.5403149097191633 0.03219606989237604 0.02140377404661713
1 0.5550704121200558 0.5250420845840871 0.025946069892376224 0.021185519237293705
1 0.44955462034944216 0.41250985744957785 0.1047645827126578 0.07229664065150558
1 0.5393255957423363 0.41093494456555363 0.05785104135632881 0.036339293283910834
1 0.6071916459900053 0.31028761462115395 0.06602741439185814 0.044424611795565117
1 0.4159887572387103 0.2623660137101801 0.04386131596343468 0.037410719962933124
1 0.36805421733012345 0.35373754737544405 0.1609075748547749 0.10545637023308556
1 0.43546219520421703 0.3131646218775481 0.037320217535011226 0.03094246515360961
1 0.38998702936461677 0.30149300109630833 0.051819365177646404 0.04080853847458741
2 0.4941993403656528 0.3415326693378101 0.12453342721213971 0.09482640507947586
2 0.523711250209397 0.5284771086307043 0.05345463978475227 0.042425602176918174
2 0.26309273552708856 0.380022283580446 0.12497007485477489 0.10420140507947595
0 0.3165494135677978 0.5887499536360463 0.011301373035529316 0.008194445916316084
0 0.7343940390845265 0.5265797588160387 0.008103598428423453 0.0065228185116541935