0 0.60703125 0.55546875 0.01484375 0.021875
0 0.57265625 0.56171875 0.00859375 0.01015625
0 0.61484375 0.5875 0.0109375 0.01875
0 0.4765625 0.3625 0.009375 0.01171875
0 0.31328125 0.3859375 0.0171875 0.01640625
0 0.2171875 0.42421875 0.01015625 0.0109375
0 0.171875 0.80078125 0.009375 0.0125
0 0.1125 0.85390625 0.01015625 0.0109375
0 0.115625 0.95625 0.015625 0.02109375
0 0.29453125 0.965625 0.01171875 0.01015625
0 0.62421875 0.45859375 0.021875 0.03203125
0 0.36875 0.3015625 0.00703125 0.0109375
0 0.37265625 0.234375 0.0078125 0.009375
0 0.659375 0.59921875 0.01171875 0.01953125
0 0.6390625 0.56953125 0.01171875 0.01484375