0 0.2725427962638265 0.34070727714885624 0.02373750892845372 0.01814250494291585
0 0.46270414610167077 0.3063774036131405 0.012663641233702094 0.009884335969555114
0 0.4412831136342666 0.2884869080617648 0.014280688311602674 0.013073002965749581
0 0.5005393368489054 0.2344732287082807 0.03651024431795715 0.03427684091247105
0 0.5753211485373028 0.21891721289094992 0.009538641233702095 0.009757001977166358
0 0.6605961753226639 0.2670416950964528 0.007921594155801338 0.006568334980971891
0 0.6613013331954575 0.35222977859454996 0.012663641233702094 0.009884335969555203
0 0.5801098344132735 0.31410237889856113 0.007976141233702095 0.009693334980971979
0 0.6257183892018119 0.37400661950702097 0.006331820616851047 0.004942167984777512
0 0.606678062902918 0.4029274569594509 0.007894320616851047 0.005005834980972068
0 0.5341990909060952 0.41604422228249016 0.011073867694751627 0.008258168973360824
0 0.7260826278377261 0.4355887652486771 0.009484094155801337 0.006632001977166268
0 0.7708320661493289 0.4462742558571369 0.007894320616851047 0.005005834980972068
0 0.882796277999882 0.4557845656292379 0.009484094155801159 0.006632001977166268
0 0.8548661469124497 0.4233049880626398 0.006331820616851047 0.004942167984777512
0 0.8084275235356551 0.4502149979484715 0.0269170560063543 0.021394838935304604
0 0.3788900279998819 0.4763171719019292 0.0237647824674041 0.019705004942915848
0 0.1941389269442217 0.5518622944490618 0.017405688311602763 0.013200336958138336
0 0.5442383384704632 0.49850655380342096 0.006359094155801337 0.006504667984777513
0 0.7862621972367612 0.4792631693932902 0.00630454707790058 0.0033796679847775124
0 0.8853912183400794 0.5596589821311408 0.0237920560063543 0.02126750494291585
0 0.4089342637964224 0.316386414981847 0.009484094155801337 0.006632001977166358
0 0.9519334305943744 0.8782697192795595 0.011101141233702094 0.009820668973360824
0 0.7462016278344309 0.9163612627772192 0.022065914772652385 0.011828837946721649
0 0.9934936391985165 0.8406132103823107 0.004769320616851047 0.004878500988583312