2 0.78828125 0.6671875 0.16640625 0.13671875
2 0.63828125 0.45546875 0.08046875 0.05546875
2 0.40234375 0.5140625 0.08671875 0.103125
2 0.31875 0.4546875 0.02265625 0.0359375
2 0.1671875 0.41640625 0.046875 0.04296875
2 0.11015625 0.2609375 0.046875 0.0390625
2 0.4765625 0.390625 0.03984375 0.03828125
2 0.4171875 0.4078125 0.040625 0.0390625
2 0.51171875 0.384375 0.040625 0.03984375
2 0.55859375 0.36953125 0.0328125 0.0203125
2 0.61015625 0.596875 0.01953125 0.01484375
2 0.29140625 0.40703125 0.03359375 0.025
0 0.103125 0.43046875 0.0078125 0.00625
0 0.18359375 0.58125 0.009375 0.0078125
2 0.19296875 0.61015625 0.0359375 0.02890625
0 0.32734375 0.3828125 0.0046875 0.00390625
0 0.1953125 0.35859375 0.00546875 0.00390625
2 0.44375 0.5265625 0.03515625 0.03046875
2 0.52578125 0.34765625 0.00625 0.00390625
0 0.44453125 0.3203125 0.00625 0.0046875
0 0.6515625 0.7015625 0.0109375 0.009375
0 0.54140625 0.33046875 0.009375 0.0078125