2 0.35091376225218773 0.2621874536360463 0.046403527735416714 0.04845734736759475
2 0.5787854955346877 0.31052571679807217 0.04832970364722229 0.0641369110699257
2 0.6341081219595835 0.26871767351416137 0.06704333605604162 0.06322917549789597
2 0.5829671153100698 0.4565921849469068 0.03208645459715278 0.03702877404661713
1 0.59299673195132 0.48438980273292154 0.020894381458888844 0.025709328130301044
1 0.5082392190335421 0.43730896080762244 0.13517900626826407 0.240466287293461
1 0.3384761521635422 0.6684200954686783 0.030778527735416717 0.047911710344286186
1 0.39776480565826466 0.8977876477382637 0.12939917211208343 0.1262946598887993
1 0.47174520668444514 0.7841765263240518 0.21268575721819455 0.21663197241000381
1 0.5906783510611119 0.8550842486492376 0.10319904160312507 0.07385914065150559
1 0.653249779822709 0.7887846368536724 0.03891833605604163 0.06224702885594056
2 0.6502884339830215 0.7959250142583343 0.024310322188333445 0.038318455534962756
2 0.6225823144919799 0.8484969427514552 0.07656380642076392 0.06980655771188111
1 0.750955355526424 0.5187499006486707 0.04778418977951393 0.040699411069925695
1 0.7488830560395143 0.4633084324998361 0.048984320288472286 0.09226191106992551
1 0.705442833774931 0.5117384980162655 0.08739220364722229 0.06550100362819702
1 0.7338055295383686 0.5881546650766409 0.062210365691319325 0.056815484390903316
1 0.8063877379352435 0.5152503892159253 0.057341027735416716 0.04883929328391083
1 0.8410166578631255 0.49136645591348105 0.03357621941479181 0.033958337748947895
2 0.8460684869853129 0.5404487966576539 0.06490026101791671 0.10530754809323425
0 0.8689409829012504 0.44816952742036015 0.012827308320624908 0.014499009618646853
0 0.7854180084524656 0.35335058994156465 0.012827308320624908 0.014499009618646853
1 0.6878338404244447 0.3262647894860777 0.05160017401194459 0.07049603847458741
2 0.7396138927611461 0.300218155457994 0.06856946846486114 0.06172123920022683
1 0.743575347358299 0.33604652805333235 0.025618249050069507 0.027435519237293704
2 0.932004680564549 0.47020572932712595 0.03982621941479181 0.034176592558271324
0 0.09795698888517405 0.513405246371803 0.008067073138263891 0.011210318511654193