0 0.34921875 0.65234375 0.00859375 0.00625
0 0.39609375 0.59375 0.009375 0.0078125
0 0.45390625 0.62109375 0.0046875 0.00390625
0 0.4546875 0.6265625 0.0125 0.00859375
0 0.49296875 0.58828125 0.00390625 0.00546875
0 0.35703125 0.58515625 0.00859375 0.00625
0 0.4015625 0.765625 0.01015625 0.0078125
0 0.49453125 0.73515625 0.0078125 0.00625
0 0.4984375 0.7421875 0.00859375 0.00859375
0 0.3859375 0.5140625 0.00859375 0.00546875
0 0.7296875 0.41015625 0.01015625 0.00859375
0 0.6421875 0.4171875 0.0109375 0.00625
0 0.65859375 0.4015625 0.0046875 0.00390625
0 0.65 0.3859375 0.00546875 0.0046875
0 0.63984375 0.39140625 0.00546875 0.003125
0 0.63671875 0.3984375 0.00546875 0.003125
0 0.68515625 0.4953125 0.009375 0.00625
0 0.76484375 0.4859375 0.0125 0.0078125
0 0.82109375 0.51796875 0.0125 0.00703125
0 0.89609375 0.4796875 0.0078125 0.00625
0 0.11015625 0.228125 0.01015625 0.00703125
0 0.09609375 0.2359375 0.0078125 0.00703125
0 0.2453125 0.25390625 0.00625 0.0046875
0 0.1671875 0.2609375 0.00546875 0.00390625
0 0.05625 0.18203125 0.0078125 0.00625
0 0.03046875 0.1875 0.009375 0.00625
0 0.028125 0.2203125 0.01015625 0.00625
0 0.05 0.1640625 0.0078125 0.00390625
0 0.8390625 0.684375 0.00546875 0.00625
2 0.44453125 0.83671875 0.00703125 0.00546875
0 0.64296875 0.8 0.00859375 0.00546875
0 0.6359375 0.7984375 0.00546875 0.00625
0 0.69765625 0.853125 0.00625 0.00546875
0 0.7875 0.925 0.009375 0.0078125
0 0.70078125 0.925 0.0046875 0.00625
0 0.6453125 0.9125 0.0078125 0.00546875
0 0.94453125 0.4078125 0.01015625 0.00859375
0 0.8984375 0.33671875 0.009375 0.009375
0 0.6578125 0.08359375 0.01015625 0.00703125
0 0.49453125 0.09609375 0.00703125 0.0046875
0 0.6734375 0.00703125 0.00859375 0.00625
0 0.99375 0.02734375 0.01015625 0.00546875
0 0.921875 0.0546875 0.00625 0.0046875
0 0.91171875 0.05546875 0.00625 0.0046875