1 0.4448892319868044 0.4913508548158115 0.1918812746106063 0.10678334577069996
1 0.3713009678010394 0.45551185210227807 0.03193196159934022 0.025075243102595124
1 0.5635004911580044 0.573232697872978 0.04787521034569906 0.03683161465389251
0 0.6182812678801817 0.49887782903521394 0.011210284639736123 0.009948210085908293
0 0.5462698755603136 0.49042351989924543 0.00643185642649069 0.006577548620519025
0 0.5609688730530312 0.5130355042954131 0.004823892319868151 0.004933161465389269
0 0.6610969051854847 0.5494853386461525 0.008039820533113407 0.008221935775648781
0 0.6870289193712498 0.5828267831282284 0.00643185642649069 0.006577548620519025
0 0.7026479076927672 0.5298212918346558 0.00643185642649069 0.006577548620519025
0 0.5200891234487426 0.6630045267966503 0.009602320533113407 0.008303822930778536
0 0.5774613542484126 0.6777121579588863 0.008039820533113407 0.008221935775648604