2 0.578125 0.640625 0.14921875 0.39140625
2 0.3421875 0.921875 0.05546875 0.1296875
0 0.68671875 0.1125 0.00703125 0.009375
0 0.66171875 0.0734375 0.0046875 0.00703125
0 0.665625 0.059375 0.00546875 0.00546875
0 0.49921875 0.5125 0.00234375 0.00390625
0 0.4640625 0.54765625 0.00234375 0.00390625
0 0.52265625 0.43203125 0.00390625 0.00546875
0 0.52734375 0.40859375 0.003125 0.0046875
0 0.57890625 0.434375 0.003125 0.00546875
0 0.459375 0.4234375 0.0078125 0.009375
0 0.46328125 0.3953125 0.00390625 0.00546875
0 0.50703125 0.3546875 0.00546875 0.00625
0 0.5109375 0.33515625 0.0046875 0.00546875
0 0.4015625 0.4546875 0.00390625 0.00703125
0 0.39609375 0.44921875 0.00390625 0.00625
0 0.38984375 0.40546875 0.003125 0.00546875
0 0.2546875 0.421875 0.00625 0.00703125
0 0.29140625 0.4421875 0.0046875 0.00546875
0 0.47265625 0.60703125 0.00234375 0.0046875
0 0.52265625 0.59609375 0.00546875 0.00625
0 0.54453125 0.678125 0.00625 0.0078125
0 0.5078125 0.7046875 0.00234375 0.003125
0 0.50546875 0.70859375 0.0015625 0.003125
0 0.5296875 0.76171875 0.00546875 0.0078125
0 0.44921875 0.83828125 0.00390625 0.00703125
0 0.39921875 0.875 0.0078125 0.0125
0 0.37890625 0.7953125 0.00546875 0.0078125
0 0.328125 0.809375 0.0046875 0.0078125
0 0.36953125 0.7484375 0.00625 0.0078125
0 0.37109375 0.3046875 0.00859375 0.009375
0 0.31640625 0.30703125 0.00546875 0.0078125
0 0.565625 0.2625 0.00703125 0.01171875
0 0.496875 0.278125 0.0046875 0.00625
0 0.546875 0.23359375 0.0046875 0.00625
0 0.50859375 0.21640625 0.00546875 0.00703125
0 0.48046875 0.234375 0.00546875 0.00703125
0 0.5078125 0.253125 0.003125 0.0046875
0 0.65234375 0.2984375 0.00390625 0.00546875
0 0.66171875 0.37421875 0.00703125 0.01171875
0 0.6140625 0.296875 0.00546875 0.00859375
0 0.34453125 0.29140625 0.0046875 0.00703125
0 0.2734375 0.12421875 0.0046875 0.0078125
0 0.89765625 0.23828125 0.009375 0.0125