2 0.28777114812984717 0.34950381183600665 0.27115790339440443 0.15160409327423635
2 0.466300148228043 0.41018347264583294 0.07844316256778665 0.05650587955902786
2 0.36282971458301755 0.47195873366374974 0.07840680113146821 0.05025587955902786
2 0.14944392545360194 0.4948916598598957 0.031386355386194255 0.024164851823611146
2 0.12292687724900002 0.48769740890996516 0.020403403590796197 0.01609777868534721
2 0.7195700730924697 0.5136487390789924 0.11486245159900647 0.14015483415618063
2 0.6353268832991242 0.49295633900274255 0.02510908430895533 0.019331881458888846
2 0.5389740580653551 0.5397241958603468 0.1535886083130606 0.08325152393569457
2 0.6156223955957644 0.6574552500969093 0.06599770472226432 0.06558993882958326
2 0.4533178383159762 0.6276437295796871 0.2758817648307229 0.157963196047778
2 0.9256706030485031 0.4002726508387492 0.05966589149054755 0.051381968464861136