1 0.75546875 0.79375 0.13046875 0.04140625
1 0.65390625 0.50078125 0.084375 0.246875
2 0.64765625 0.253125 0.12421875 0.071875
2 0.59296875 0.3359375 0.2203125 0.08203125
1 0.19609375 0.70703125 0.01796875 0.0484375
0 0.57578125 0.92265625 0.00703125 0.00625
0 0.765625 0.8625 0.00703125 0.0046875
2 0.81796875 0.77890625 0.034375 0.0125
2 0.834375 0.79609375 0.04140625 0.0234375
0 0.7015625 0.73984375 0.00703125 0.00625
0 0.68046875 0.7 0.015625 0.01171875
0 0.8609375 0.75234375 0.00625 0.00546875
0 0.825 0.65703125 0.0109375 0.00703125
0 0.7796875 0.50859375 0.00859375 0.0078125
0 0.7203125 0.49921875 0.0125 0.01015625
0 0.728125 0.44921875 0.00703125 0.00546875
0 0.60234375 0.403125 0.00546875 0.00390625
0 0.50546875 0.3578125 0.0046875 0.00390625
0 0.946875 0.628125 0.00859375 0.00703125
0 0.23671875 0.6890625 0.00703125 0.0046875
2 0.3625 0.5765625 0.03515625 0.02578125
2 0.2546875 0.56953125 0.01640625 0.015625
2 0.3140625 0.72890625 0.03125 0.02265625
2 0.521875 0.52734375 0.01171875 0.0140625
2 0.3796875 0.45390625 0.0234375 0.0203125
2 0.9703125 0.1015625 0.059375 0.03515625
0 0.95703125 0.253125 0.00859375 0.0078125