0 0.53984375 0.7046875 0.00859375 0.00703125
0 0.49140625 0.72421875 0.01796875 0.01171875
0 0.46796875 0.70625 0.0078125 0.00625
0 0.46953125 0.74453125 0.01640625 0.01171875
0 0.48203125 0.76484375 0.015625 0.01171875
0 0.39453125 0.8421875 0.0078125 0.00546875
0 0.325 0.875 0.0234375 0.01484375
0 0.5546875 0.98046875 0.01484375 0.01171875
0 0.47890625 0.953125 0.00625 0.00546875
0 0.51796875 0.8890625 0.01015625 0.009375
0 0.428125 0.7828125 0.0046875 0.00390625
0 0.428125 0.6609375 0.034375 0.02890625
0 0.36796875 0.73125 0.0046875 0.00390625
0 0.34921875 0.70546875 0.0046875 0.00390625
0 0.56171875 0.57890625 0.00859375 0.00703125
0 0.4609375 0.63828125 0.00703125 0.00703125
0 0.5046875 0.54921875 0.01484375 0.0109375
0 0.53203125 0.521875 0.03359375 0.01953125
0 0.38828125 0.57421875 0.0046875 0.003125
0 0.3296875 0.52109375 0.00859375 0.00703125
0 0.31015625 0.5234375 0.00546875 0.0046875
0 0.384375 0.4875 0.00546875 0.00390625
0 0.434375 0.509375 0.00546875 0.0046875
0 0.5078125 0.47578125 0.02421875 0.01484375
0 0.37421875 0.4484375 0.0046875 0.00390625
0 0.32734375 0.4328125 0.00546875 0.00390625
0 0.36015625 0.43671875 0.00390625 0.00234375
0 0.31484375 0.40625 0.01484375 0.01015625
0 0.3421875 0.3984375 0.0046875 0.003125
0 0.3625 0.3828125 0.00625 0.00390625
0 0.3890625 0.3875 0.00546875 0.003125
0 0.45390625 0.3875 0.015625 0.01015625
0 0.82890625 0.534375 0.00703125 0.00546875
0 0.80625 0.53984375 0.01328125 0.01015625
0 0.734375 0.596875 0.0046875 0.003125
2 0.16875 0.3171875 0.0578125 0.03515625
0 0.05078125 0.33046875 0.00703125 0.00546875
0 0.04375 0.315625 0.01484375 0.009375
0 0.00546875 0.34765625 0.01015625 0.00625
0 0.83828125 0.4578125 0.00625 0.0046875
0 0.84765625 0.47578125 0.01171875 0.0078125
0 0.93359375 0.446875 0.0125 0.01015625
0 0.8671875 0.73125 0.00703125 0.0046875
0 0.8734375 0.74375 0.00703125 0.0046875
0 0.840625 0.74765625 0.01640625 0.01015625
0 0.753125 0.6625 0.00703125 0.00546875
0 0.8359375 0.69921875 0.00625 0.0046875
0 0.80859375 0.3703125 0.01484375 0.01015625