0 0.40485723428551434 0.42500831372028747 0.006286361436318444 0.006359094155801515
0 0.377258954231285 0.3817356006519184 0.006277271077238833 0.004796594155801337
0 0.3548117824901162 0.41806856696669836 0.026671584308955422 0.019213650162155815
0 0.3568419151018694 0.36412140665827286 0.007857951795398055 0.007948867694751626
0 0.30612429761542675 0.3759452966741589 0.012563632513557365 0.011155688311602675
0 0.26345552946505413 0.42825781899529325 0.006277271077238833 0.004796594155801337
0 0.12283961982413372 0.4322749375008238 0.009420451795398055 0.007976141233702095
0 0.12322596008501749 0.4986811875008238 0.009411361436318443 0.0064136412337020944
0 0.19798104127071495 0.5895731944006827 0.006286361436318444 0.006359094155801337
0 0.7784583607489475 0.44661493791115625 0.01726931323171659 0.014362508928453721
0 0.7477941680287357 0.4135530219206879 0.029851126463433176 0.028643197240056394
0 0.992129975308524 0.3756909630749596 0.009420451795398322 0.007976141233702095
0 0.29399193627730413 0.3050560982162864 0.023519313231716587 0.014471603084255057
0 0.48453512304558755 0.2876662264643449 0.011001132513557365 0.011128414772652384
0 0.5057879543294809 0.31464178368851536 0.003143180718159222 0.0031795470779006686
0 0.8237315167756305 0.8419586655900219 0.02353749394987581 0.017596603084255237