0 0.3676672055078313 0.45037852394972955 0.012572722872636888 0.012645450668363622
0 0.3477541604264873 0.5162307906190476 0.01416249394987581 0.017351132001908985
0 0.29252630494209714 0.4754699779599109 0.012581813231716588 0.014207950668363622
0 0.25521720248276913 0.44309382996500163 0.011001132513557365 0.011064769334818082
0 0.08575971711710033 0.1638346859882278 0.009447722872636932 0.012609088001272672
0 0.4711911395456402 0.6491603746021848 0.015743174668035032 0.020494313335454352
0 0.39477863047045386 0.6242700099459115 0.015743174668035032 0.020494313335454352
0 0.44809102459328026 0.3228887759389119 0.004723861436318444 0.006304544000636359
0 0.4849097685431561 0.305274014600594 0.0063136325135573655 0.011010225334181811
0 0.6046904825369984 0.39528030191759467 0.015743174668035032 0.02049431333545444
0 0.4359415242986927 0.12851206727404818 0.01259999394987581 0.01733295066836358
0 0.33691315095851754 0.2312199912874112 0.018859084308955422 0.018968176002545346
0 0.592857582167656 0.5493138212524128 0.007876132513557366 0.011028406667727175