1 0.4613531424548133 0.5269659460934271 0.32102516071216736 0.3185587495377815
1 0.5212775673737354 0.5419975641984003 0.05418866801906326 0.062483279625171306
1 0.5756377849063313 0.5623388079301941 0.08072389448011297 0.06169366943775678
1 0.7040218835263596 0.5512231146732539 0.045830697240056395 0.031005959092057722
1 0.3172270413991531 0.45476903417751763 0.2801159683433749 0.1221551109788372
1 0.2745701627473528 0.5699932174053279 0.12282957386326192 0.05823370031656907
1 0.3865871473260773 0.6904995971887837 0.0896546095770768 0.12598348997087
1 0.2212485194850559 0.6692741518867795 0.05723184740221221 0.05788670783841656
2 0.1609871294691698 0.7183277658351177 0.29562396590774287 0.2053767879384413
1 0.5404208538983293 0.34088970526462703 0.11364548863591431 0.06889841567683304
0 0.5716690795486 0.4762421835570147 0.007921594155801338 0.006477320533113407
0 0.5765474943212524 0.46544107587688277 0.004769320616851047 0.004823892319868151
0 0.4701571724865854 0.42560803457322904 0.006331820616851047 0.00486935642649069
0 0.3923224987854793 0.4514825612954064 0.0031795470779006686 0.0032159282132454337
0 0.10598557833078406 0.4212648977301443 0.011073867694751716 0.008130748746358663
0 0.26978325122111124 0.5307715930321486 0.009511367694751716 0.008085284639736123
1 0.9085589736216757 0.2523322882676458 0.17950013392680617 0.26290447994174027