1 0.5224997061652149 0.5311111829576545 0.047638659090609534 0.04402271077238851
1 0.5299127857105197 0.5530270895735127 0.06619774431795715 0.03319429508134384
1 0.3892350129823482 0.6834453217177276 0.06937729139585791 0.036337475799503235
1 0.8919570438281944 0.43952014323906363 0.0946227532464107 0.050545421544777015
1 0.9503501964259822 0.3836155768840891 0.0741466120127086 0.041052246876741985
1 0.9803614301939279 0.2767843147838407 0.039277139612144296 0.029942030054229286
1 0.8884699849824663 0.19499343841860345 0.05057274431795733 0.03310339149054782
2 0.9156826903369023 0.5904241130866386 0.09503185633066594 0.07398292154477701
1 0.9933211262161684 0.41903999247693785 0.013357747567663125 0.02980567466803503
0 0.9599064285690748 0.34929966421810665 0.015815914772652206 0.0110284035907962
0 0.9228001205341254 0.23737638113881526 0.004742047077900935 0.0031522710772389217
0 0.3118525324641088 0.5017635296614459 0.014226141233702094 0.009456813231716588
2 0.9774682552750058 0.38145363406568145 0.04506348944998848 0.18622839149054782
0 0.9772808892018119 0.40486386298844257 0.006331820616851047 0.004723861436318444
0 0.8780036379839959 0.44568833000734703 0.006359094155801159 0.006286361436318444
0 0.9053064776755704 0.44350366129124036 0.006359094155801159 0.006286361436318444
2 0.6574091254053894 0.07022420081343946 0.014253414772652384 0.011019313231716543
0 0.6493511635548364 0.05611624901804135 0.07134889448011297 0.0597840661585828