0 0.33905807609762917 0.37097307779201855 0.01784247146395277 0.014963258706427318
0 0.44240570802449863 0.3043388557203227 0.009666098428423453 0.006741322930778537
0 0.6336278674539579 0.35195191937884707 0.008103598428423453 0.006659435775648781
0 0.12445407464988709 0.3041220132289831 0.014571922249740998 0.011674484396167806
0 0.08567405686720679 0.43052738297125825 0.00646832382131759 0.005015048620519024
0 0.056934780812358865 0.37498338986866325 0.01827911910658786 0.024338258706427317
0 0.251089233460174 0.5950446636130958 0.006395549214211727 0.0034525486205190248
0 0.30913501985410413 0.6435098190855912 0.006541098428423453 0.006577548620519025
0 0.33222791749673924 0.6353221828349727 0.004978598428423453 0.006495661465389269
0 0.24988845244292732 0.6208259136130959 0.01955052067816441 0.018170145861557074
0 0.2690001714256807 0.6476716966297825 0.014571922249741043 0.011674484396167629
0 0.17699460794344532 0.6389341044771273 0.016134422249740998 0.011756371551297561
0 0.18438757692619867 0.6651657338303408 0.013009422249740998 0.01159259724103805
0 0.2618019474805286 0.7013322851643933 0.022602746071058544 0.016771420171816587
0 0.2015900394988112 0.7161893232694628 0.006395549214211727 0.0034525486205190248
0 0.18989056017697567 0.6983467260284247 0.00646832382131759 0.005015048620519024
0 0.1716627909465533 0.770225048054692 0.024092471463952724 0.015290807326946165
0 0.24702450992930663 0.8000187686560499 0.004833049214211726 0.0033706614653894462
0 0.22485841150088323 0.8051223484842334 0.006395549214211727 0.0034525486205190248
0 0.21458653743189665 0.9079607434412793 0.00646832382131759 0.005015048620519024