0 0.06365735046587531 0.48662449156247944 0.010194047355046632 0.014389882213985138
0 0.0834678634788806 0.33389879564616354 0.006796031570031102 0.009593254809323427
0 0.1288265951336163 0.41184025717157613 0.010103042093374804 0.012827382213985139
0 0.16430136354946775 0.40514382386913184 0.009921031570031057 0.00970238221398514
0 0.13722917128668377 0.240801070873907 0.006796031570031102 0.009593254809323427
0 0.1434343976797476 0.32166912495759103 0.006796031570031102 0.009593254809323427
0 0.013139223903402265 0.22954116706037545 0.013410052616718493 0.01606150961864685
0 0.4631715030543589 0.4274528111704421 0.006887036831702886 0.011155754809323426
0 0.4168649214278581 0.3791715677938641 0.01019404735504672 0.014389882213985138
0 0.39247259520420347 0.4767013322218343 0.005051521046687402 0.006413691106992659
0 0.7816330767177648 0.3945013795972784 0.010012036831702886 0.011264882213985139
0 0.7758472663497129 0.5607712203414512 0.01653505261671846 0.016170637023308565
0 0.7637021240728115 0.3810936440252487 0.008358531570031146 0.009647818511654282
0 0.715574708188974 0.2837573417556632 0.008358531570031146 0.009647818511654282
0 0.6967953451336163 0.39200635137431006 0.010012036831702886 0.011264882213985139
0 0.7338766581325041 0.22386398658352005 0.01653505261671846 0.016170637023308565
0 0.6778765580901519 0.18137887542092718 0.02047909997176518 0.030342264427970278
0 0.6469303949783246 0.23079852206288254 0.006614021046687313 0.006468254809323426
0 0.5874889635918201 0.4348064649839737 0.008267526308359408 0.008085318511654194
0 0.6463032504941102 0.4959051668907394 0.009921031570031148 0.00970238221398514
0 0.6598813611303933 0.6108208387604382 0.017081084186749605 0.025545637023308566
0 0.6277899269718786 0.6665177672535592 0.020206084186749608 0.025654764427970277
0 0.5874372137329944 0.5829438646211539 0.02011507892507769 0.02409226442797028
0 0.5587353610598061 0.5402851386677711 0.01900760523343692 0.03185020072563951
0 0.5047304005223451 0.530476118249351 0.006614021046687313 0.006468254809323426
0 0.48120189526067314 0.5328570737843139 0.006614021046687313 0.006468254809323426
0 0.4131344347232121 0.5235391266868715 0.006614021046687313 0.006468254809323426
0 0.3203931978773917 0.5228794169755575 0.02672909997176518 0.030560519237293703
0 0.3419650900131188 0.5540922114405946 0.005051521046687313 0.006413691106992659
0 0.32633165571342976 0.46107882142206114 0.01341005261671846 0.01606150961864685
0 0.3217953451336163 0.4051016399337154 0.02838260523343692 0.03217758293962447
0 0.35830636667441385 0.916063932584654 0.008540542093374803 0.012772818511654193
0 0.4720580535343517 0.930803500463336 0.008449536831702886 0.011210318511654549
0 0.5113697244680996 0.8046849445655535 0.0067960315700311465 0.009593254809323427
0 0.5042243533790599 0.7667310767795387 0.008358531570031146 0.009647818511654194
0 0.8094956823041375 0.7326809366761873 0.013592063140062293 0.019186509618646853
0 0.7468514691358406 0.723953266620587 0.01019404735504672 0.014389882213985138
0 0.7599121822335505 0.6603446344066018 0.01175654735504672 0.014444445916316084
0 0.5481303319794366 0.4010961530957413 0.010103042093374804 0.012827382213985139
1 0.61963360565696 0.3915822546396874 0.0808397472985769 0.07611112141421188