0 0.7097658985576386 0.4279711332254754 0.009593205547083272 0.00970238221398496
0 0.7524073402370135 0.4405331314113769 0.01591594072944442 0.013045637023308566
0 0.6333501753431247 0.35726181834201826 0.023873911094166544 0.019568455534962847
0 0.621523628990347 0.29522560981183055 0.012790940729444599 0.012936509618646851
0 0.5081481939604857 0.47092006897499045 0.012754573138263937 0.011374009618646852
0 0.12438948337940925 0.5584796441948847 0.015915940729444467 0.013045637023308566
0 0.008632350779964984 0.7085292626138717 0.017264701559929967 0.01627976442797028
0 0.7214314035916316 0.3627727191603249 0.006359102773541636 0.004905754809323426
0 0.6909808373872218 0.3630554613557766 0.006322735182360972 0.003343254809323426
0 0.7547335596518051 0.40766606770904606 0.006359102773541636 0.004905754809323426
2 0.7176362159963192 0.2575222239696483 0.022347778685347208 0.02107639183263199
2 0.6811350183330206 0.28299593912325804 0.03023301386770836 0.024474210344286186