0 0.7084907984297896 0.15239039669152726 0.01612510517284953 0.01809755261671846
0 0.5190535960681565 0.5576862994917724 0.00973871285298138 0.013046031570031147
0 0.5692545213784079 0.6881697310194511 0.014517141066226813 0.01644404735504672
0 0.5112374328986059 0.6918337863375927 0.01286371285298138 0.013228042093374803
0 0.4808141470052286 0.6884966837349917 0.01286371285298138 0.013228042093374803
0 0.4869936023363627 0.6105991968891713 0.01286371285298138 0.013228042093374803
0 0.45899898297774816 0.65827085744075 0.00643185642649069 0.006614021046687313
0 0.4632378535900038 0.6201716179640936 0.00973871285298138 0.013046031570031147
0 0.44583740492278745 0.5995938074548673 0.00973871285298138 0.013046031570031147
0 0.3651580547645028 0.655935541740439 0.00643185642649069 0.006614021046687313
0 0.3951614550019297 0.5661218838196963 0.008085284639736123 0.00983002630835923
0 0.3971953164429853 0.6038038943430399 0.012954641066226813 0.016353042093374803
0 0.2518624328986059 0.6767269129000658 0.006522784639736124 0.009739021046687312
0 0.24836535985820998 0.6624368997458863 0.006522784639736124 0.009739021046687312
0 0.4755944157433401 0.38377138637994507 0.00973871285298138 0.013046031570031147
0 0.6108656406705154 0.17252932046787262 0.011392141066226814 0.016262036831702974
0 0.7404311202165443 0.15738100455580015 0.02094899749271768 0.023058068401734032
0 0.4302973214575502 0.6495560100998207 0.014562605172849529 0.01800654735504672