2 0.73359375 0.509375 0.06171875 0.03359375
2 0.28671875 0.58984375 0.2203125 0.1203125
0 0.4078125 0.41484375 0.0078125 0.00546875
0 0.8828125 0.54296875 0.01328125 0.01015625
2 0.59609375 0.346875 0.29921875 0.06171875
2 0.87421875 0.184375 0.18046875 0.06953125
2 0.5671875 0.25703125 0.04375 0.0328125
2 0.3671875 0.3359375 0.053125 0.03671875
2 0.21640625 0.37109375 0.04453125 0.034375
2 0.39765625 0.359375 0.0265625 0.00859375
2 0.12578125 0.21328125 0.11640625 0.12109375
2 0.2890625 0.07265625 0.19140625 0.14453125