1 0.5146457378284307 0.5301313778679979 0.18822056899199796 0.22675101687504107
1 0.6156491302799487 0.5586159872164922 0.05424321509696384 0.06591766587924894
1 0.6678486043053663 0.4755926668907394 0.028643197240056394 0.030669646641955418
1 0.7906900405883743 0.5501611025554365 0.10577053327818291 0.15516370435383636
1 0.8490656022767716 0.5606149637180293 0.0701409504864671 0.08208830290255768
0 0.7168082556853381 0.48871766026731744 0.004796594155801337 0.006413691106992481
0 0.8369258867727705 0.450949787039007 0.006359094155801159 0.006468254809323426
1 0.6316049614468113 0.27073404130017625 0.16133078652459396 0.2070734339354164
1 0.5470896396121443 0.23698901307720793 0.14494212743398444 0.16277779691210786
1 0.5890026298729116 0.3854339475607785 0.02869774431795715 0.03379464664195542
1 0.4338105694023303 0.4197420040915333 0.02231137662320535 0.02576389183263199
1 0.4052976059269241 0.21929805998931579 0.20236488960884885 0.2319295901960187
1 0.20847142451518028 0.31283727278067275 0.025600017856907444 0.035248019237293704
1 0.31161578977430004 0.21866563212916712 0.025736385551659156 0.043060519237293704
1 0.32107656453106637 0.2581547180640166 0.032286394480112966 0.06046627404661713
1 0.31144069156130894 0.40761900472450535 0.022365923701106107 0.02888889183263199
1 0.371947543427748 0.3407018340359329 0.0272170649348082 0.03842758293962456
1 0.9712850702131093 0.26824143604321515 0.048265950486467445 0.08132441106992569
1 0.5834287398570256 0.436378888667771 0.07129434740221222 0.058705366604888454
1 0.4483406737044014 0.4371923989193901 0.1210682508107789 0.1369593413771451
2 0.22444880073134862 0.11318201316202589 0.031795470779006865 0.03234127404661713
2 0.26308460673770306 0.40090770245491997 0.5261692134754061 0.4356845950901601