1 0.54140625 0.53515625 0.1921875 0.1421875
1 0.54765625 0.64140625 0.05625 0.03984375
1 0.45625 0.67109375 0.025 0.0234375
1 0.503125 0.8109375 0.1390625 0.07265625
1 0.50078125 0.8703125 0.06953125 0.053125
0 0.459375 0.72265625 0.00546875 0.00390625
0 0.39765625 0.83046875 0.0046875 0.0046875
1 0.265625 0.5828125 0.17890625 0.11796875
1 0.25078125 0.490625 0.13515625 0.11328125
1 0.3859375 0.5703125 0.02734375 0.02109375
1 0.4515625 0.42734375 0.021875 0.0171875
1 0.26328125 0.34765625 0.1921875 0.15546875
1 0.39453125 0.17890625 0.03125 0.01875
1 0.28203125 0.25546875 0.0390625 0.01640625
1 0.31875 0.275 0.05625 0.01875
1 0.46484375 0.3046875 0.025 0.01484375
1 0.3875 0.34609375 0.03515625 0.01796875
1 0.18984375 0.92578125 0.06875 0.053125
1 0.4359375 0.578125 0.0421875 0.0625
1 0.46484375 0.44609375 0.1140625 0.09375
2 0.1984375 0.14296875 0.025 0.0265625
2 0.471875 0.2421875 0.30859375 0.484375