2 0.21796875 0.6453125 0.04140625 0.04296875
2 0.47421875 0.64140625 0.025 0.01953125
2 0.79296875 0.5796875 0.04453125 0.028125
0 0.3703125 0.31015625 0.01171875 0.0078125
0 0.39375 0.32578125 0.00859375 0.00625
0 0.28046875 0.559375 0.00703125 0.00546875
0 0.2640625 0.48828125 0.009375 0.0125
0 0.2421875 0.4890625 0.009375 0.009375
0 0.11484375 0.69375 0.009375 0.009375
0 0.1296875 0.82421875 0.01796875 0.015625
0 0.440625 0.20546875 0.0046875 0.0046875
0 0.371875 0.13984375 0.00625 0.00546875
0 0.35 0.1375 0.0109375 0.00546875
0 0.184375 0.08984375 0.01015625 0.00703125