0 0.43984375 0.5484375 0.0109375 0.00703125
0 0.45703125 0.5703125 0.0078125 0.00703125
0 0.45703125 0.59921875 0.0140625 0.009375
0 0.421875 0.628125 0.0046875 0.00390625
0 0.31171875 0.73125 0.00546875 0.00546875
0 0.3203125 0.71875 0.00546875 0.00390625
0 0.359375 0.76796875 0.00625 0.00546875
0 0.4890625 0.7875 0.0046875 0.003125
0 0.31484375 0.6421875 0.0078125 0.00625
0 0.2921875 0.6703125 0.00625 0.00390625
0 0.1859375 0.653125 0.00625 0.00546875
0 0.24453125 0.6515625 0.0046875 0.00390625
0 0.12734375 0.6359375 0.01796875 0.01171875
0 0.1390625 0.87421875 0.0109375 0.00703125
0 0.57109375 0.76875 0.015625 0.01015625
0 0.30078125 0.57421875 0.01953125 0.01484375
0 0.246875 0.54453125 0.00703125 0.0046875
0 0.1140625 0.56328125 0.015625 0.01015625
0 0.33203125 0.4546875 0.0046875 0.0046875
0 0.17109375 0.42578125 0.00546875 0.00546875
0 0.0453125 0.36171875 0.0109375 0.00625