1 0.3528438574262851 0.5053174886684746 0.04981946846486114 0.061348676882026075
1 0.14026981582316006 0.4264099441822317 0.0747831008736806 0.060804848821136306
1 0.6993006301277087 0.5014828118236295 0.04484102773541672 0.04865767589344294
1 0.7160692496187504 0.45065248227986493 0.041570557370694414 0.04228034190105419
1 0.6097094936348266 0.40807371003674353 0.0284159407294446 0.013646005931498983
0 0.6965918977951392 0.41863847832553225 0.00476023518236115 0.003316000988583312
0 0.7444670065526046 0.4635172382113639 0.011119337955902786 0.008258168973360824
0 0.6717023069894449 0.48943113939022764 0.006322735182360972 0.0033796679847775124
0 0.6817858218070837 0.4867199748654912 0.00476023518236115 0.003316000988583312
0 0.847556945382188 0.5332805929639994 0.006359102773541636 0.004942167984777512
1 0.7160939655181604 0.787052897298893 0.05149107123840295 0.06609984387822046
2 0.6855888479269797 0.7842488908731025 0.05843074905006951 0.028918178859192522
2 0.6660692496187504 0.4486151384016444 0.12507404160312507 0.07534219269935694