1 0.5720775923039871 0.7227762027573446 0.05032725292686635 0.05770485141192587
0 0.5471305718159235 0.32836697321131575 0.021974993949875808 0.017823997492717503
0 0.7461311531980128 0.29666364680570756 0.015697722872636887 0.012954641066226813
0 0.6909623850476401 0.3466121710206024 0.012545451795398144 0.008176212852981379
0 0.6495601593463328 0.21183635424841266 0.01726022287263689 0.01300010517284953
0 0.6604158461146162 0.19809210299477145 0.014126132513557366 0.011346676959604096
0 0.6464942466803503 0.2219016760351673 0.014117042154477667 0.009784176959604096
0 0.18918379995311776 0.8319272645814764 0.017278403590796198 0.01612510517284953
0 0.26089971866922446 0.8066748634861197 0.02041249394987581 0.017778533386094964
0 0.13615827302214645 0.7132167170096165 0.017278403590796198 0.01612510517284953
0 0.1658866796380047 0.7211117850354475 0.011001132513557322 0.011255748746358662
0 0.18391906215156206 0.7325721222616084 0.012563632513557365 0.01130121285298138
0 0.1542588332288009 0.7363958042357774 0.014135222872636976 0.012909176959604095
0 0.15049348379453498 0.7605008939692206 0.0094204517953981 0.008085284639735946
0 0.05564407122674836 0.7030628155185484 0.011001132513557322 0.011255748746358662
0 0.06403783332699678 0.6689378681049731 0.012563632513557322 0.01130121285298138