0 0.49925394524655575 0.5513725641984003 0.01341005261671846 0.01598871285298138
0 0.2502480268730566 0.594211967405328 0.018188557878390375 0.01768760517284953
0 0.21799769801856606 0.6910953275927424 0.022967063140062118 0.01938649749271768
0 0.10860728746698747 0.661304876022532 0.023058068401734032 0.020948997492717503
0 0.08859019005547109 0.6153331464765032 0.014881547355046631 0.014471676959604097
0 0.06980936895231396 0.5615716489837856 0.024620568401734034 0.02099446159934022
0 0.0728048373116957 0.4967051669304743 0.018279563140062204 0.01925010517284953
0 0.048835258245443616 0.37079588479802067 0.025819047355046643 0.014789925705962936
0 0.09521743458203773 0.3940575400500124 0.018097552616718506 0.01612510517284944
0 0.023082642276901433 0.18144622829238766 0.01809755261671849 0.01612510517284953
0 0.03143419759504302 0.23959970909205777 0.024802578925077735 0.024119461599340218
2 0.41793459776445224 0.42927259217421876 0.8129968838196964 0.4338968738444541