0 0.49921875 0.6390625 0.00859375 0.00703125
0 0.4890625 0.6671875 0.00546875 0.003125
0 0.378125 0.634375 0.01328125 0.01015625
0 0.44609375 0.6140625 0.00625 0.0046875
0 0.73125 0.74765625 0.0046875 0.00546875
0 0.81328125 0.7984375 0.00390625 0.00546875
0 0.43828125 0.73984375 0.00703125 0.00546875
2 0.85234375 0.9734375 0.0453125 0.05234375
0 0.84453125 0.9296875 0.00546875 0.00625
2 0.66796875 0.74921875 0.12109375 0.27265625
1 0.74609375 0.7234375 0.05078125 0.0328125
1 0.7734375 0.78671875 0.01640625 0.01328125
1 0.68125 0.590625 0.05 0.03125
1 0.384375 0.6234375 0.0421875 0.0265625
1 0.52421875 0.62578125 0.04765625 0.034375
1 0.515625 0.65859375 0.06171875 0.034375
2 0.540625 0.66171875 0.0828125 0.0609375
2 0.5578125 0.72421875 0.0375 0.0625
2 0.98671875 0.41171875 0.0265625 0.0453125
1 0.7453125 0.50625 0.034375 0.028125