1 0.4125 0.6125 0.2484375 0.0390625
2 0.25 0.61484375 0.05703125 0.02734375
2 0.178125 0.58125 0.07421875 0.04296875
1 0.85546875 0.51015625 0.0890625 0.11875
1 0.37109375 0.35 0.03828125 0.059375
1 0.27265625 0.31875 0.021875 0.04921875
1 0.178125 0.4765625 0.1046875 0.078125
1 0.38515625 0.51875 0.01796875 0.01796875
1 0.3140625 0.3625 0.01484375 0.04453125
1 0.3359375 0.40859375 0.07578125 0.06171875
1 0.26484375 0.39296875 0.0921875 0.02734375
1 0.23125 0.3 0.02109375 0.02890625
2 0.15703125 0.23125 0.034375 0.03125
2 0.27734375 0.27578125 0.11796875 0.0234375
1 0.70859375 0.65625 0.04296875 0.0203125
1 0.71328125 0.4828125 0.1265625 0.228125
1 0.6828125 0.35078125 0.0828125 0.06328125
2 0.6640625 0.334375 0.07578125 0.05546875
1 0.59375 0.33046875 0.04921875 0.0265625
2 0.60234375 0.3296875 0.02421875 0.0203125
2 0.36875 0.54140625 0.02421875 0.0265625
2 0.35546875 0.8390625 0.04609375 0.03984375
0 0.45546875 0.409375 0.00625 0.00390625
0 0.559375 0.40390625 0.00546875 0.00390625
0 0.6046875 0.45859375 0.0046875 0.00390625
0 0.15390625 0.409375 0.0109375 0.00703125
0 0.1796875 0.29453125 0.01328125 0.00859375