0 0.45390625 0.6090780006873711 0.0078125 0.006295451795397966
0 0.5796875 0.5091274767814619 0.00625 0.006286361436318444
0 0.6125 0.5058115792407898 0.0078125 0.006295451795397966
0 0.58984375 0.3957871394474443 0.009375 0.009429542154477666
0 0.55234375 0.15928655806535513 0.00625 0.006286361436318444
0 0.58828125 0.29735872980652395 0.0125 0.011010222872636888
0 0.70859375 0.34119002215739336 0.009375 0.006304542154477666
0 0.73828125 0.32695480533488064 0.0109375 0.009438632513557366
0 0.78671875 0.3930792542034125 0.015625 0.014153403590796199
0 0.7421875 0.4456820794371816 0.00625 0.004723861436318444
0 0.73515625 0.4105667360530399 0.00625 0.0031613614363184437
0 0.74453125 0.5409809438985622 0.009375 0.007867042154477843
0 0.81484375 0.5069781277399793 0.01875 0.011046584308955332
0 0.5609375 0.21392406109041726 0.009375 0.010992042154477666
0 0.52421875 0.15476268452878825 0.009375 0.01255454215447771
0 0.359375 0.18306546741168792 0.009375 0.00630454215447771
2 0.31953125 0.07782852156821818 0.04375 0.056504530054229285
0 0.71015625 0.7278996817983138 0.009375 0.006304542154477666