2 0.47734375 0.5734375 0.27265625 0.1546875
1 0.58203125 0.54375 0.01328125 0.0171875
1 0.31484375 0.49609375 0.03515625 0.015625
0 0.3453125 0.55625 0.00859375 0.00859375
0 0.31875 0.5421875 0.00859375 0.00703125
0 0.290625 0.52578125 0.0046875 0.0046875
0 0.35390625 0.51328125 0.0078125 0.00625
0 0.4 0.490625 0.00546875 0.0046875
0 0.49765625 0.51171875 0.00390625 0.003125
0 0.37265625 0.5921875 0.00546875 0.0046875
0 0.375 0.60078125 0.0046875 0.003125
0 0.36640625 0.61015625 0.0046875 0.00390625