1 0.6802674383776406 0.595111702709374 0.12504866689245625 0.15409227767481415
0 0.6117597778167625 0.5731523679556508 0.011674484396167806 0.014444445916316084
0 0.4958415287212736 0.5448413402808366 0.0066594357756486035 0.008030754809323425
0 0.4974283621675017 0.4697594947273404 0.010030097241038049 0.012827382213985139
1 0.38814413613907695 0.688224263331662 0.12636550542706698 0.1494593413771451
1 0.2751981580744872 0.5285268264010206 0.09915455223856355 0.10639882213985138
2 0.32730621268790006 0.5796553059826005 0.05508364767057934 0.06898810217691817
2 0.16391649932263147 0.4565476442797027 0.14924972749876284 0.05044148801910051
0 0.4110283582107728 0.7892064099736174 0.009948210085908293 0.011264882213985139
2 0.48846171868079385 0.6408532447273404 0.013236984396167628 0.014499009618646853
2 0.43867308062115296 0.6649430199550839 0.015045145861557075 0.01924107332097762