0 0.53984375 0.51484375 0.00546875 0.00390625
0 0.4828125 0.50859375 0.00546875 0.00390625
0 0.36328125 0.6 0.01015625 0.0078125
1 0.6234375 0.5171875 0.10390625 0.03125
1 0.690625 0.41015625 0.05 0.03359375
1 0.5609375 0.40859375 0.221875 0.06796875
2 0.5875 0.4109375 0.0984375 0.05078125
2 0.7515625 0.4890625 0.03046875 0.02890625
1 0.609375 0.5671875 0.34140625 0.12265625
1 0.55546875 0.54921875 0.121875 0.06015625
0 0.5859375 0.57265625 0.00546875 0.0046875
0 0.603125 0.55390625 0.0046875 0.00390625
1 0.19140625 0.58359375 0.196875 0.12578125
1 0.2359375 0.62890625 0.05703125 0.0390625
2 0.17109375 0.56484375 0.075 0.04765625
1 0.1390625 0.3421875 0.04921875 0.03125
1 0.18671875 0.3890625 0.06171875 0.025
2 0.15234375 0.36796875 0.065625 0.046875
1 0.55625 0.7390625 0.115625 0.02890625
2 0.54609375 0.75625 0.0609375 0.0328125
0 0.63515625 0.9703125 0.0078125 0.0078125