1 0.4445320608809137 0.6080035706093349 0.05457049756436803 0.08497717787060939
2 0.44856104180619016 0.600813153118849 0.02727161201270878 0.04170733893530461
1 0.08183896631807522 0.45493289771882245 0.02132162094116259 0.05864017095052709
0 0.02937466518298476 0.6428759080989458 0.011128414772652384 0.011383168973360825
0 0.09413659456613374 0.6449212277568785 0.003234094155801359 0.006377333992388756
0 0.12013207873782114 0.5868713058177683 0.00797614123370205 0.009693334980972069
0 0.14536567816862828 0.4382918843729497 0.009538641233702006 0.00975700197716627
0 0.22475712338008985 0.4967317840689384 0.011155688311602675 0.012945668973360825
0 0.22021744805413065 0.3095501190499104 0.014389782467404012 0.01932300296574958
1 0.41201698457872454 0.10031574600848625 0.03762845941492117 0.09833934091247101
0 0.4839368490270653 0.13954273068544704 0.007976141233702095 0.009693334980971979
0 0.47025440422264086 0.25252023315690497 0.011182961850553142 0.014508168973360736
1 0.6152317134754062 0.17635036950702096 0.05695911201270896 0.0429170118629981
0 0.57338117857237 0.11403871190236674 0.006359094155801337 0.006504667984777557
2 0.602006784903036 0.03948703946896488 0.011210235389503432 0.016070668973360746
2 0.0288819671321494 0.8052804076046541 0.019050008928453745 0.017951503954332537
2 0.6338540649413987 0.898514529583133 0.03492047077900686 0.03265067391627667
1 0.3186693957045195 0.930874679316303 0.06803297970746058 0.05117518083635879
0 0.3013767556886334 0.9823244327763441 0.012663641233702094 0.009884335969555024