1 0.5906806215957305 0.5633610644014578 0.07681185079830274 0.08452177678548622
1 0.42945396151961823 0.5983932938842358 0.044224843878220454 0.05098192496187508
1 0.5726296640676259 0.36984745374413147 0.05978085969555132 0.1262728656913195
1 0.26341778463759213 0.5537743909581943 0.07681185079830274 0.08452177678548622
2 0.8834265371090501 0.5510733910551034 0.06638368676785796 0.09676720364722229
0 0.6707249017475172 0.7046023538203814 0.009820668973360824 0.011155705547083273
0 0.6573123646756482 0.5289665741851037 0.006568334980972068 0.0079579703647223
0 0.7591401670333754 0.3795822103936452 0.008258168973360824 0.011119337955902786
0 0.6955259945999736 0.3536931640408675 0.00994800296574958 0.014280705547083272
0 0.4864480608350462 0.6729198619885065 0.008258168973360824 0.011119337955902786
0 0.4525240469948818 0.6080222138121176 0.013073002965749581 0.014353440729444422
0 0.3310045326604258 0.54281740074184 0.008130834980971979 0.007994337955902786
0 0.5578150889724857 0.4092918134515274 0.008258168973360824 0.011119337955902786
0 0.3732782628887623 0.44799455680201355 0.008258168973360736 0.011119337955902786
0 0.23621329748917344 0.6154028751906249 0.008258168973360736 0.011119337955902786
0 0.3248248113293378 0.6790276576756942 0.00813083498097189 0.007994337955902786
2 0.2147574501509118 0.5494330362847915 0.4085047915576744 0.601133927430417
2 0.6286793928130876 0.26766605148368006 0.12980419961943923 0.159123039703264
2 0.03984899756572311 0.38303005233670134 0.04081068380210835 0.08212282218833336