0 0.6551968254914102 0.6266767223614925 0.01603410308425506 0.023801175911805573
0 0.7064377715136507 0.5544192094437147 0.0032068206168510472 0.00476023518236115
0 0.7067826448904453 0.5794010256481243 0.004796594155801514 0.006359102773541636
0 0.6779854890462467 0.5738238260849646 0.0032068206168510472 0.0047602351823609725
0 0.6051383242735943 0.5864524190748606 0.004796594155801337 0.006359102773541636
0 0.5838945698093674 0.5955371315557981 0.006359094155801337 0.0063954703647222996
0 0.5984849496789837 0.5202280070307633 0.019159103084255058 0.023873911094166544
0 0.5957417792242884 0.4984257422131245 0.0031795470779005797 0.0031977351823611498
0 0.5876292702958347 0.5157950801690273 0.0031795470779005797 0.0031977351823611498
0 0.5456542301177929 0.5940843875397217 0.011182961850553142 0.014317073138263936
0 0.5159667301177929 0.5947753717721523 0.01126478246740419 0.019004573138263935
0 0.5418355292242885 0.49968042410885366 0.012800008928453722 0.0174784407294446
0 0.5410639618538483 0.45440429170003427 0.007976141233702095 0.009556837955902786
0 0.5360588620160041 0.4279690782691662 0.007948867694751626 0.007994337955902786
0 0.5603633867727705 0.46723094681027727 0.0032068206168510472 0.00476023518236115
0 0.5079826806042602 0.5153060773192356 0.0191045560063543 0.020748911094166544
0 0.48077529829901194 0.5081300101648955 0.004796594155801337 0.006359102773541636
0 0.36994511810508407 0.6387825577519441 0.0031795470779006686 0.0031977351823611498
0 0.3415337459461055 0.6558434243931941 0.006359094155801337 0.0063954703647222996
0 0.28467977394928273 0.6470145914712845 0.006359094155801337 0.0063954703647222996
0 0.22579965179030417 0.6647846261405553 0.02220228246740401 0.01925914627652787
0 0.17266674351047354 0.5769949918318749 0.012800008928453722 0.017478440729444423
0 0.2683861668045425 0.372505553952222 0.012800008928453722 0.017478440729444423
0 0.2438031781686283 0.43867606781993035 0.011182961850553053 0.014317073138263936
0 0.21634815422264086 0.26672898584795124 0.007976141233702095 0.009556837955902786
0 0.2873579038156038 0.09092824563159699 0.007948867694751626 0.007994337955902786