0 0.5966194566950063 0.5298589285424498 0.008385710085908294 0.011164820533113406
0 0.6230215044110141 0.5486233004083466 0.005015048620519024 0.0063863923198681505
0 0.5542538150173207 0.6514695040901282 0.014881371551297562 0.016034176959604095
0 0.555799704885984 0.5771825579301941 0.0066594357756486035 0.007994356426490868
0 0.777904835482393 0.32543951616432204 0.008140048620519025 0.006477320533113407
0 0.8542869510407968 0.25645984712227665 0.008140048620519025 0.006477320533113407
0 0.6794928324301753 0.6206861685133199 0.008303822930778536 0.009602320533113407
2 0.7604440185445083 0.3898740892047179 0.31952900723608924 0.2027518931112909
1 0.7587387556542096 0.30297348277822717 0.049986711894930556 0.06073892319868044
1 0.8312279093176826 0.2933460816828705 0.018252033016686653 0.02081260517284953
1 0.6038941253964848 0.33133050032920436 0.048424211894930555 0.06069345909205772
1 0.5453291943705343 0.642602969450392 0.040120388964152195 0.051091138558944316
1 0.5911440626424715 0.49996684006264774 0.0514673247398008 0.05922188730530316
1 0.6214523603584794 0.5188448721951013 0.05376680913596843 0.07332985141192587
2 0.6328778612629906 0.4949216388881488 0.08961577792830404 0.10245506175762475
2 0.7009284984181203 0.4953368275262354 0.07630355042954129 0.05682431301126591
1 0.5389485560837508 0.24180734758449507 0.03971095318850324 0.043278638558944316