0 0.42196421380284727 0.5523290929268183 0.01455357332097762 0.014635502965749581
0 0.2984399229660072 0.4377652327369755 0.02124008293962456 0.027390170950527093
0 0.2289756164352525 0.5898423858930054 0.008194445916315995 0.01125583498097189
0 0.2412970563611187 0.5058493878701718 0.008194445916315995 0.01125583498097189
0 0.10145078404378212 0.8138781106841344 0.009756945916315995 0.011319501977166269
0 0.12948899320694202 0.7054899491251476 0.019623019237293704 0.025764003954332714
0 0.38402030281773963 0.27226224954288947 0.01299107332097762 0.014571835969555113
0 0.42013141760852957 0.24635100695726325 0.016334328130301046 0.02094916996194396
0 0.41552825236225266 0.1765332554743885 0.01310020072563951 0.017696835969555114
0 0.38645831125526015 0.18004291604479225 0.01627976442797028 0.019386669961943916
0 0.31867061052962076 0.19449273520843344 0.011428573320977709 0.014508168973360736
0 0.22252973131086046 0.23673463193867272 0.01800595553496285 0.024137836958138335
0 0.18319935808255 0.354833374524299 0.013209328130301134 0.020821835969555204
0 0.1553719692451429 0.41237661908709156 0.01627976442797028 0.01938666996194378
0 0.08580102450995328 0.5002957717488299 0.016334328130301133 0.02094916996194396
0 0.13605651797134932 0.22616986364988403 0.013154764427970278 0.019259335969555112
0 0.16116315617578425 0.29134653608328587 0.008194445916315995 0.01125583498097198
0 0.11491314955236227 0.3387507766917457 0.008194445916315995 0.01125583498097189
0 0.05842753657567083 0.3208019313306504 0.011592264427970279 0.019195668973360735
0 0.1670609150766409 0.7273622905319101 0.013100200725639421 0.017696835969555024
0 0.17105149983036397 0.6578947075281045 0.018224210344286274 0.030387836958138337
0 0.20833819030438433 0.7775506329272559 0.016334328130301046 0.02094916996194378
0 0.17158970237010193 0.5976747905319101 0.017896828130301135 0.021012836958138336
0 0.1379761050025071 0.6416821171099251 0.008194445916315995 0.011255834980972068
0 0.35461050037851816 0.8680058310638202 0.011428573320977709 0.014508168973360824
0 0.59973206053747 0.6370263809872706 0.02441964664195524 0.02908000494291585
0 0.6257092618960816 0.49804213543589493 0.017896828130301044 0.021012836958138336
0 0.527157689208076 0.38527819718516226 0.01951389183263199 0.022639003954332715
0 0.5138814176085296 0.2501710267289267 0.017896828130301044 0.021012836958138336
0 0.6082464873013103 0.32599338049297905 0.014608137023308565 0.01619800296574958
0 0.6444369584453697 0.3650213884016444 0.014717264427970278 0.01932300296574958
0 0.7010316325925033 0.872733070720878 0.024419646641955416 0.02908000494291585
0 0.5843972040993825 0.8969279630024932 0.019623019237293704 0.025764003954332537
0 0.8622370389379235 0.5131564353593452 0.0178968281303014 0.021012836958138336
0 0.9322916225105203 0.36657986570141243 0.01142857332097762 0.014508168973360736
0 0.3886135443802191 0.36476808452386145 0.008303573320977708 0.01438083498097189
0 0.12406491634258525 0.4799487796574953 0.008194445916315995 0.011255834980972068
0 0.4648262924813026 0.7363658533069417 0.01142857332097762 0.014508168973360824
0 0.4402280526481036 0.925477432850706 0.013045637023308566 0.016134335969555026
0 0.22535456471382118 0.7383435528892 0.006468254809323426 0.006504667984777513
0 0.27552569030438434 0.7802883137636147 0.008085318511654283 0.008130834980972067
0 0.05114324919739179 0.7758395998097196 0.008194445916315995 0.011255834980972068
0 0.06880695355122828 0.6732876027754691 0.008194445916315995 0.01125583498097189
0 0.05377223059307028 0.6781515163116223 0.0031795637023308565 0.0016898339923887562