2 0.458247741613382 0.5196782583878152 0.19180661035393456 0.1823044816532356
2 0.8825406282756758 0.7111451583643742 0.12568181043863902 0.09288745764913067
2 0.7138607047816791 0.5102315772768725 0.04602513154179633 0.039317030054229284
2 0.5841207258989536 0.4415310533709634 0.04299113680346807 0.040861349336070066
2 0.6966963206090468 0.4703014688656162 0.1529877630835923 0.07898858411256367
2 0.6519368284309676 0.5465776225546082 0.02158657366340595 0.02199317466803503
2 0.747233917879389 0.5736855440993853 0.02480257892507769 0.023573855386194255
0 0.8522729444700969 0.2853320921075955 0.011574536831702887 0.011001132513557365
0 0.8988679524331917 0.21375252877768305 0.016535052616718816 0.0157159035907962
0 0.8182465549652058 0.3179355138487643 0.008267526308359408 0.007857951795398143
0 0.843747083904401 0.32667470959403816 0.009830026308359408 0.007867042154477666
0 0.7457268128577136 0.31985656215156205 0.008176521046687313 0.006295451795398144
0 0.6990778679640937 0.4843730592246958 0.011483531570031147 0.009438632513557366
0 0.9787793204678726 0.6203297817045493 0.013046031570031147 0.009447722872636889
0 0.6499824023767221 0.2716594357863248 0.00983002630835923 0.007867042154477666