0 0.26324291211804 0.8636397002287499 0.007957950668363623 0.012681837955902608
0 0.3509787221116767 0.8147099313270484 0.015861357336090797 0.020676175911805574
0 0.3965633947724042 0.7698870873872219 0.006340906667727175 0.0079579703647223
0 0.37079068809672283 0.7040627188461108 0.015861357336090797 0.020676175911805574
0 0.38965032344044964 0.7802069915475344 0.011101132001908987 0.014317073138263936
0 0.5090537567631774 0.6992816870266315 0.011101132001908987 0.014317073138263936
0 0.5501787434356771 0.741304879655937 0.007903406667727176 0.007994337955902786
0 0.5759952614178598 0.6094184468102772 0.011101132001909163 0.014317073138263936
0 0.510023721395588 0.44684701804868004 0.017460220003181703 0.023837543502986235
0 0.5301185927354968 0.49482992315892316 0.0047602253341818114 0.006359102773541636
0 0.7404282893857248 0.3688083645539577 0.011082950668363623 0.012754573138263937
0 0.07453111672499732 0.4280691421924653 0.011101132001909009 0.014317073138263936
0 0.04429927140354223 0.5162964940160764 0.011101132001909009 0.014317073138263936