0 0.4796875 0.5609375 0.00625 0.0046875
0 0.46484375 0.5453125 0.00546875 0.00390625
0 0.40234375 0.52109375 0.00390625 0.00390625
0 0.38515625 0.49609375 0.00390625 0.00390625
1 0.46796875 0.4921875 0.04140625 0.02265625
1 0.57109375 0.5265625 0.15390625 0.05546875
0 0.47421875 0.44765625 0.003125 0.00234375
0 0.4859375 0.43984375 0.00234375 0.00234375
0 0.4515625 0.4109375 0.00546875 0.0046875
0 0.44609375 0.3890625 0.003125 0.00234375
0 0.40859375 0.3984375 0.00390625 0.003125
0 0.4078125 0.40390625 0.00390625 0.00390625
0 0.4 0.40859375 0.003125 0.003125