0 0.40921249326957543 0.38422624409436823 0.00799435642649069 0.006522818511654283
1 0.979010516230829 0.7018255272962961 0.041978967538342 0.03494048439090349
0 0.8072086902209323 0.7048438559747513 0.022420569279472245 0.01951389183263199
2 0.8753964005666311 0.7415650951749782 0.2205518438900782 0.12320935462398896
1 0.7905811313663014 0.7503101233979464 0.017733069279472248 0.01935020072563951
1 0.8177202928864993 0.7442337381887365 0.014562605172849529 0.01767857332097762
2 0.5374237244649569 0.5525992765785059 0.03836381802583091 0.030997028855940557
1 0.269703712390763 0.3372098564380875 0.17079588479802066 0.07620537985173251
2 0.2294424252437445 0.3482912001774852 0.08270485141192578 0.052837312521204535
0 0.5380649189755383 0.4137004676854984 0.0032159282132454337 0.003234127404661713
2 0.5320485319994397 0.9775434351589517 0.046994671945039104 0.044913129682096556
2 0.9557107232113158 0.5781325669520098 0.017823997492717326 0.022475200725639334
2 0.9556401785424498 0.6561757213985135 0.017642141066226812 0.01622520072563951
1 0.6444643685006847 0.2347892724021546 0.07272209765100221 0.08526786660488854
0 0.3064331710871094 0.2315699808475243 0.014380748746358751 0.011428573320977709
2 0.5636954047897733 0.3825968006251229 0.02563649749271768 0.022748019237293703
2 0.5542198017284949 0.19105414136929583 0.02880696159934022 0.024419646641955416