0 0.32214590339781324 0.8366993635250166 0.014317073138263936 0.011592471463952592
0 0.23291778960635479 0.7329258542193917 0.011155705547083361 0.009884422249741042
0 0.3827723192416326 0.7196894919372294 0.006395470364722211 0.006541098428423453
0 0.27330509384291723 0.6536171898275336 0.007994337955902786 0.008176373035529316
0 0.5487778725282644 0.6611213589769026 0.011119337955902786 0.008321922249740866
0 0.32450326472072966 0.6019604904894873 0.006395470364722211 0.006541098428423453
0 0.39614187537805606 0.5884566085626178 0.01751480832062491 0.014863020678164496
0 0.4113122804882991 0.5681976124915593 0.011155705547083273 0.009884422249741042
0 0.35055596523381993 0.5452181848651347 0.020676175911805574 0.016571069892376045
0 0.41518150968673656 0.5328230386702417 0.01755117591180557 0.016425520678164496
0 0.34673932779100736 0.4820460967757936 0.011119337955902786 0.008321922249741043
0 0.546446427430417 0.35934053515558506 0.007994337955902786 0.008176373035529316
0 0.7396145459715281 0.3253164838744588 0.011155705547083273 0.009884422249741042
0 0.7887969283803475 0.3214615837506242 0.011119337955902786 0.008321922249741043
0 0.7258968848773615 0.3071850680348585 0.0143534407294446 0.01315497146395277
0 0.6966633265567364 0.2944688982663169 0.011119337955902786 0.008321922249741043
0 0.016800520704653328 0.6546147253928941 0.0034159407294444555 0.012645549214211727