1 0.17987591752371163 0.5620237920147849 0.21288692431676962 0.15378021049385407
2 0.1537548393085925 0.9067632890490354 0.041825401451278846 0.03603034190105418
0 0.2722122065464532 0.7183467292769343 0.016225200725639422 0.017824169961943782
0 0.4007166632625424 0.7799129234591661 0.01142857332097762 0.014508168973360824
0 0.528702831040708 0.36343503068325944 0.019459328130301046 0.021076503954332713
0 0.6197246459241652 0.445380050454923 0.008194445916316084 0.011255834980972068
0 0.5661780052726596 0.5449052065767024 0.008194445916315907 0.011255834980972068
0 0.532735533495628 0.6288199501509117 0.022638891832631992 0.02276633794672165
0 0.6262995720550334 0.25709880045492295 0.01142857332097762 0.014508168973360824
0 0.6182068190598085 0.2199980484777566 0.01142857332097762 0.014508168973360736
0 0.5749007631620259 0.250310289580508 0.008194445916316084 0.01125583498097189