0 0.4349880124033983 0.8193895592560606 0.012954641066226813 0.015843188311602675
0 0.4329063383467881 0.9358912666423868 0.02269335391920819 0.028506829545304768
0 0.3594173625616829 0.8816770994341023 0.012909176959604095 0.014280688311602674
0 0.3618494114536909 0.45485550081407417 0.012909176959604095 0.014280688311602674
0 0.34678904961692386 0.3402163023562017 0.016216033386094876 0.02058523538950343
0 0.3437131768930971 0.4762765332814783 0.011210284639736123 0.009565914772652385
0 0.38445418566858575 0.3989640109603439 0.016079641066226814 0.015897735389503433
0 0.40136890102884965 0.3892890020318902 0.01943196159934022 0.0237647824674041
0 0.3538610667056827 0.5026753920477762 0.017823997492717503 0.02217500892845372
0 0.3979664193712497 0.5409878697266419 0.021039925705962935 0.02535455600635448
0 0.3067898384132951 0.4698862114468113 0.00813074874635884 0.011073867694751627
0 0.5695877036152744 0.3949508465947286 0.014562605172849529 0.017432961850553052
0 0.6585556122324785 0.2558280710271834 0.01130121285298138 0.012690914772652384
0 0.735192320070895 0.3107689411575671 0.01612510517284953 0.01746023538950343
0 0.7897039753228867 0.35749789083325556 0.01612510517284953 0.01746023538950343
0 0.8282951138818312 0.39434332589844734 0.02581835391920819 0.028561376623205525
0 0.7584001510288496 0.38305699838173746 0.014471676959604097 0.014307961850553053
0 0.6841442971096414 0.3562138547124035 0.006477320533113407 0.007921594155801338
0 0.9116448229738889 0.43822396510355455 0.014471676959604097 0.014307961850553141
0 0.9027782883341529 0.42899896956778133 0.011255748746358662 0.011128414772652384
0 0.8974579540109857 0.5416489740320083 0.008130748746359018 0.011073867694751627
0 0.5397042561351921 0.8722770056853382 0.0193864974927175 0.02220228246740419
0 0.17709632673481257 0.4182163916407392 0.013000105172849486 0.017405688311602673