0 0.5142088991738442 0.510090651383267 0.0065228185116541935 0.007921594155801338
0 0.5207019466341062 0.4497843969190402 0.004905754809323426 0.006331820616851047
0 0.6422098696849314 0.347602513803013 0.011319445916316085 0.011128414772652384
1 0.4977332165043721 0.5979315706201463 0.06497521397248338 0.11668866801906326
1 0.3718626864673052 0.642341864044599 0.05056548439090332 0.061782979707460585
1 0.39920145806685153 0.507407756496117 0.13523812867060608 0.25064665665497754
2 0.39468757285764156 0.5348469638824432 0.08060021397248338 0.11696140340856669
2 0.4403795626908405 0.7240088754086847 0.03886409255827132 0.0397170649348082
1 0.5531474028020412 0.5954008599874092 0.22899310707105974 0.3865762483751469
1 0.5463592002623032 0.5353264306042602 0.09866073320977709 0.14226141233702022
0 0.5640749791182438 0.5725400584452818 0.0065228185116541935 0.007921594155801515
0 0.541101270588056 0.5862304115295368 0.004905754809323426 0.006331820616851047
1 0.6631969483633867 0.16509397687138205 0.18948911905195925 0.23910123051823945
1 0.7003993372007938 0.2230740722449994 0.05547123920022692 0.06811480032431154
2 0.6490153972749276 0.13954455195245993 0.07191469473518967 0.09182503571381498
1 0.4231944525397379 0.05280603125288337 0.048948420688572546 0.060193206168510205
1 0.46204118693064133 0.11310260308755038 0.044642866604888455 0.07104888555165915
2 0.44736856252120455 0.07349067816862828 0.06835318511654265 0.07927048863591428
1 0.7449802387368907 0.5818899646965174 0.06379465988879929 0.1275988944801128
2 0.7650744839275673 0.575285408690163 0.05250993030721922 0.07274775324641088
0 0.9686409719466678 0.7186966692434698 0.011319445916316085 0.011128414772652384