2 0.5633861038051069 0.07473040786949824 0.0686815334984459 0.06677048863591428
2 0.11130760360021914 0.4640370008107789 0.19874583085063086 0.27824555113509053
2 0.36584524628045556 0.538849634737585 0.14830056699689206 0.133731892044481
1 0.34436404446121 0.6307371258091312 0.06701202564056316 0.09796594155801355
0 0.5754319921466264 0.9240679346548595 0.00817637303552914 0.007948867694751626
0 0.48510024462782575 0.8826150458567895 0.006541098428423453 0.006359094155801159
0 0.5932573469851905 0.893885556813838 0.008176373035529316 0.007948867694751982
0 0.8359349985567672 0.9043765921206159 0.014717471463952591 0.014307961850553141
0 0.8229448469851907 0.897894767039538 0.009884422249741221 0.011101141233702094
0 0.7799568263070261 0.9143458814878788 0.011446922249741042 0.011128414772652206
0 0.911136205752696 0.884578335220757 0.009884422249741221 0.011101141233702094
0 0.8875895438420374 0.886512982136502 0.00981164764263518 0.009538641233702095
0 0.7765279193587661 0.8368794005626023 0.00824914764263518 0.009511367694751627
0 0.3315281741117678 0.2012581314911741 0.00824914764263518 0.009511367694751716
0 0.15670784077993755 0.5133063437487643 0.008249147642635134 0.009511367694751627
0 0.66457372891206 0.8231969557581778 0.006541098428423453 0.006359094155801159
0 0.7093703445039912 0.9357884590045888 0.011446922249741042 0.011128414772652206
0 0.8011276590196837 0.8459095271858077 0.00981164764263518 0.009538641233702095
0 0.9019966461994023 0.8961470807565302 0.009811647642634824 0.009538641233702095
0 0.8978185684491432 0.8851277601396792 0.006541098428423453 0.006359094155801515