2 0.6123118327100434 0.3124496205840493 0.11221019334818116 0.11066587468172653
1 0.3682180294000424 0.48718818061745683 0.037790901336727065 0.02543635200509069
1 0.18291687607413296 0.5440392593093647 0.05812158267027252 0.02723520934118149
1 0.13400720874440553 0.5711744713160463 0.0471113573360908 0.020857940006363408
1 0.1397406827657227 0.7281602679821827 0.06907726400381801 0.02892497867599957
1 0.06512194342772293 0.6946488813255913 0.025199994668999894 0.017478401336727067
1 0.6088083087603138 0.6828530272517764 0.07565452800763595 0.05712270401018138
1 0.6728435367599956 0.6797638425764132 0.05029090133672724 0.025581802673454314
2 0.6196469061107222 0.8085251892505039 0.4667907947167249 0.3741316747294515
2 0.10351392345635797 0.9051682106540462 0.055051126670908876 0.03188634667409076
2 0.05860886143376811 0.7392619473265457 0.0884272480108177 0.080705654678545
2 0.13142710140831473 0.5508892433163645 0.047238626670908876 0.031795440006363404
2 0.45614583808081444 0.5900853666056847 0.01580681333545435 0.01580681333545435