2 0.38125 0.3203125 0.090625 0.08828125
1 0.165625 0.56796875 0.07109375 0.059375
0 0.39765625 0.6125 0.009375 0.00703125
0 0.275 0.50234375 0.00859375 0.00625
2 0.6640625 0.47734375 0.06328125 0.04921875
0 0.4 0.909375 0.009375 0.00625
0 0.39296875 0.71484375 0.00703125 0.00546875
0 0.2453125 0.6125 0.00546875 0.0046875
0 0.30546875 0.5890625 0.00546875 0.0046875
0 0.36640625 0.5234375 0.00546875 0.00546875
1 0.38515625 0.58984375 0.03984375 0.0109375
0 0.4359375 0.296875 0.00546875 0.0046875
0 0.4015625 0.23828125 0.0046875 0.0046875
2 0.434375 0.34921875 0.03515625 0.01484375
2 0.31328125 0.3578125 0.01796875 0.01484375