1 0.6035969638824432 0.38998279435600747 0.27674550649282176 0.10640069604777799
2 0.7777299391256769 0.35417584697704924 0.06792388555165925 0.04375130642076393
2 0.8625316331193226 0.3764703806963896 0.09015344155801372 0.06457295269729171
1 0.14679003612414734 0.5903736929136459 0.12443871266133195 0.14971167211208342
1 0.703525231335609 0.6650756729651048 0.05437958279171564 0.07311149810013902
1 0.8158343165629566 0.6786316395301049 0.03697389448011279 0.06021145459715278
1 0.8847866883148982 0.48953407835968826 0.13310460064862326 0.1093048776591667
1 0.6519605515454228 0.48489655727378533 0.02225682954530477 0.02238414627652787
1 0.7625826314977646 0.6398769576343757 0.025872753246410873 0.050581881458888846
1 0.7289985641273246 0.5937643706284034 0.0983477711033185 0.0866297906531944
1 0.8094536773578493 0.596418551574202 0.10556025324641105 0.05243662860909737
1 0.8648621517903041 0.6907147186522924 0.028725017856907443 0.03502961664125017
2 0.958411554388092 0.7491649579187161 0.04448638555165942 0.043205792553055566
2 0.8197036103944463 0.7256157423036466 0.13371252678536152 0.054653745250347364
1 0.27511740787608885 0.40265810020809045 0.05054547077900686 0.032413762917777686
1 0.306219583202048 0.5909581872140628 0.1922728693163096 0.2778016109416669
1 0.3671553088523188 0.7268060746568754 0.1046250446422687 0.08833776101791671
2 0.3903609837712409 0.7406328385245837 0.0950864034085667 0.07874455547083344
1 0.4671143985438933 0.7314773504924309 0.05852161201270896 0.04197060087368065
2 0.45769848823546777 0.7336028949453477 0.03171365016215581 0.027289851823611145
2 0.6665003384770538 0.4578801155944102 0.033412517856907444 0.03513871941479181
2 0.618226074270299 0.13396918369868108 0.05873980032431163 0.05447060087368061
0 0.6004099139651687 0.6173447281515977 0.007921594155801338 0.006431837955902786
0 0.4889542167251123 0.6444501291777782 0.007921594155801338 0.006431837955902786
0 0.42886219643257284 0.5945942931217365 0.007921594155801338 0.006431837955902786
0 0.9242525629095084 0.5568858857303827 0.014253414772652207 0.011264808320624908
0 0.9212348827155807 0.6849927019347926 0.017405688311602673 0.012900043502986236