0 0.5750292883720839 0.5882193463308539 0.0110829703647223 0.006568248746358663
0 0.5575878684442019 0.610352759104693 0.009556837955902786 0.008085284639736123
0 0.557533970267813 0.6415800270513816 0.015843205547083274 0.009829641066226812
0 0.5957613220914242 0.673921165610326 0.00632273518236115 0.0033068564264908673
0 0.7116064872696534 0.7873735633404705 0.0063954703647222996 0.0064318564264908675
0 0.7027036127446187 0.7738422607540457 0.00632273518236115 0.0033068564264906895
0 0.6616980594579868 0.8233959798752334 0.0063954703647222996 0.0064318564264908675
0 0.5253975367565632 0.8373866205457485 0.00632273518236115 0.0033068564264908673
0 0.7078437480032298 0.6927968492338478 0.0095204703647223 0.006522784639736124
0 0.7319904160312506 0.723947560833188 0.00632273518236115 0.0033068564264906895
0 0.843345490119445 0.7115732444567097 0.0063954703647222996 0.00643185642649069
0 0.7823352549370839 0.706675144298425 0.0047602351823609725 0.0032613923198681503
0 0.905445446616459 0.696204308721617 0.0190409407294446 0.013045569279472247
0 0.8956392612053481 0.9457496676553901 0.011082970364721945 0.006568248746359018
0 0.43818782427562564 0.8137696126281899 0.015879573138263936 0.011392141066226814
0 0.7225952726045144 0.6221804723533859 0.020676175911805574 0.016216033386094963
0 0.7789173545764936 0.5933711622451138 0.0079579703647223 0.006477320533113407
0 0.9185071846486116 0.6200737177345323 0.015879573138263936 0.011392141066226814
0 0.6891807477188893 0.49473142227424366 0.006359102773541636 0.004869356426490867
0 0.8580937486688198 0.4731017778428045 0.0063954703647222996 0.00643185642649069
0 0.9909231260436462 0.41060544101235513 0.0126454703647223 0.006613712852981379