1 0.6247231154121327 0.5552884530051181 0.020930665340545218 0.053952670950527096
0 0.599133316756814 0.6399645419404228 0.01893181333545435 0.016389003954332716
1 0.35457479475649584 0.647584676844845 0.2396624840069997 0.061303550417741805
0 0.3698987080680878 0.4867280898867067 0.009447725334181811 0.006632001977166268
0 0.33442428473104246 0.46081684730108063 0.009447725334181811 0.006632001977166268
0 0.5481782494032241 0.4927513023205462 0.009447725334181811 0.006632001977166268
2 0.3256594540897232 0.6479812662744413 0.15517839600572697 0.048490532623244674
1 0.48510608473899663 0.5132985656664191 0.061464758672817865 0.047795512851581276
2 0.48504245007158764 0.5078298156664189 0.050345445337363515 0.03172484387822046
0 0.4099509960614062 0.4358539979856526 0.01729658800127254 0.010075336958138337
0 0.24396236939049737 0.411352699582258 0.009447725334181811 0.006632001977166268