0 0.6245743052862957 0.5394026083559655 0.011446835969555202 0.012690914772652384
0 0.6382494861226545 0.4724060231286179 0.011637836958138336 0.017378414772652385
0 0.6962874792025723 0.5062549176087309 0.01151050296574958 0.014253414772652384
0 0.7365795567691704 0.5343214163909149 0.011383168973360825 0.011128414772652384
0 0.9325791703818733 0.7894840235323597 0.008258168973360824 0.011073867694751627
0 0.5023040103429424 0.3551076546230874 0.013327670950527093 0.020530688311602673
0 0.5797923403809984 0.3720963315706044 0.013264003954332715 0.018968188311602675
0 0.5589108601154809 0.6735088271063775 0.0033796679847775124 0.00630454707790058
0 0.5244257721687593 0.6947974460189451 0.006632001977166268 0.009484094155801514
0 0.3969812044879929 0.6183013555165917 0.013327670950527093 0.020530688311602673
0 0.5918639870740566 0.8624991891190863 0.011637836958138336 0.017378414772652208
0 0.6784792608000528 0.7514310499139791 0.017887836958138337 0.017487508928453722
0 0.3922194031188489 0.46654794074393935 0.008194501977166358 0.009511367694751627