2 0.8340330697728202 0.3078870887184021 0.32846238504764 0.33416332655673636
2 0.6111172236582039 0.49195753666604114 0.10387040944452863 0.1305252610179167
2 0.7045712661072692 0.6749135473996175 0.47533738504764 0.3375818801277088
0 0.8516639138443327 0.7683518100330549 0.01414431323171641 0.014389808320624909
0 0.76867869702182 0.7999667923656244 0.010982951795397966 0.008067073138263936
0 0.3369575609922214 0.4881837989182289 0.0188409035907962 0.01606141109416672
0 0.40973198566025637 0.466180205928333 0.01418067466803503 0.020639808320624908
0 0.7495302838648583 0.4660827548465619 0.01572499394987581 0.01755117591180557
0 0.4086921813073344 0.37637282351951357 0.025136355386194253 0.024019381458888843
0 0.32355411202549367 0.3752298572388539 0.0157159035907962 0.015988675911805573
2 0.2884518832991242 0.501029944244826 0.10202610831306043 0.08205139342673604
2 0.6288324853656688 0.2665756769586453 0.02991475897699054 0.03975348423243066