1 0.5362095593438969 0.5712490185204518 0.05283820967712849 0.062101262917777865
1 0.5543517454473769 0.7261910916587156 0.036194365177646404 0.03986258700597212
1 0.5246490512811264 0.20575130508958375 0.04364730024766903 0.09934668977951393
1 0.5508562944567007 0.332786583774931 0.02696491439185813 0.042769381458888936
1 0.48684945243841804 0.3492460787409379 0.032923815963434674 0.03666485182361114
1 0.4085446699734295 0.3770788315907295 0.040299668320799495 0.02747168977951393
1 0.4172711606678045 0.46390668436427107 0.041862168320799496 0.027508057370694415
1 0.529445944785423 0.777898408813056 0.0752954065339754 0.07511040919430556
1 0.3594802011955639 0.798134907578785 0.034088209677128486 0.061664851823611144
0 0.40998950764848596 0.5253890450215974 0.010029971463952592 0.014280705547083272
0 0.4786624249358281 0.4583119542159032 0.009957196856846906 0.012718205547083273
0 0.5792660465236154 0.523866178664688 0.011665246071058632 0.015879573138263936
2 0.3950665208830523 0.4228089056789239 0.05861732878371626 0.0856478656913195
2 0.5219970862273143 0.21583481990722264 0.02227741439185813 0.042660278685347205
2 0.5273997553721743 0.8801271771460766 0.23791533870851378 0.23974564570784693
0 0.43231192555500064 0.7030601033422226 0.014790246071058633 0.015952308320624907