0 0.612399677751027 0.31173200525145833 0.01125574874635884 0.011064769334818082
0 0.6048994148189032 0.26883598058564007 0.01143760517284953 0.01731476933481808
0 0.6710820074553403 0.3946712272438223 0.01782399749271768 0.02207499466899989
0 0.7287042908414352 0.4143201085694136 0.014471676959604097 0.014226132001908986
0 0.554392264119258 0.49371834926004887 0.011346676959604096 0.014189769334818081
0 0.43863584962955915 0.8397131966104571 0.012954641066226813 0.015770450668363623
0 0.2887471613871839 0.9258608766311379 0.014653533386094875 0.020476132001908808
0 0.673337177751027 0.311022933243186 0.0033068564264906895 0.006286362667090905
0 0.6710305316702352 0.3391842959102768 0.0033068564264906895 0.006286362667090905
0 0.6355045571387713 0.2731689445815039 0.00486935642649069 0.006304544000636269
2 0.7723884431904331 0.33097125922982296 0.020903533386094963 0.020548857336090798
2 0.745127261216264 0.36098602323364093 0.024255853919208193 0.028397720003181703