0 0.6592639749157404 0.6637849995896676 0.02511817466803503 0.020748876623205348
0 0.6296946495837754 0.6835793023496113 0.014126132513557366 0.011182961850553142
0 0.660925947984769 0.5466384098980932 0.015697722872636887 0.012772735389503432
0 0.5790583244482022 0.5733315491032003 0.01726022287263689 0.012800008928453722
0 0.6496298996819713 0.6190901083559656 0.006277271077238922 0.004796594155801514
0 0.5073600655694076 0.4681843530809598 0.015697722872636887 0.012772735389503253
0 0.4477805324901162 0.4319917086008469 0.010982951795398144 0.008003414772652383
0 0.4859350383438487 0.545146273535655 0.01726022287263689 0.012800008928453722
0 0.5303122731203423 0.6537224326262645 0.014135222872636887 0.012745461850553141
0 0.5511878545024315 0.6165906254020942 0.02353749394987581 0.017596603084255057
0 0.5586038821207738 0.2800355166357962 0.014135222872636887 0.012745461850553141
0 0.45468049316430886 0.5438195527566483 0.012563632513557365 0.011155688311602675
0 0.4196287822937245 0.5611746481302656 0.02041249394987581 0.0175420560063543
0 0.39122652634179617 0.5130274744291595 0.014126132513557366 0.011182961850553142
0 0.3996561289975159 0.35069111566286154 0.02040340359079611 0.01597955600635448
0 0.35929474941082484 0.3952945036501527 0.009420451795398143 0.007976141233702005
0 0.33877823721238054 0.4941450608743231 0.02198408430895533 0.01913182954530477
0 0.3838094569617595 0.5808598567344078 0.020403403590796197 0.0159795560063543
0 0.3797986678323439 0.562822922887032 0.007857951795398055 0.007948867694751626
0 0.39815375809322767 0.6295428185849609 0.011001132513557365 0.011128414772652384
0 0.2773786915418614 0.8164779825468343 0.0188409035907962 0.01595228246740419