0 0.41221968077055554 0.4704192044386545 0.006468254809323426 0.006468254809323426
0 0.4306249403892024 0.4585466870154594 0.004905754809323426 0.006413691106992659
0 0.4671552066312712 0.39802833846673813 0.003234127404661713 0.003234127404661713
0 0.4957712799522489 0.38494798510869355 0.003234127404661713 0.003234127404661713
1 0.48420380817521724 0.4698041347458739 0.032886911069925695 0.04796627404661713
1 0.4314111356725462 0.5704291281224518 0.08547125244707061 0.16840774881887377
0 0.5298064848542395 0.4854762639646341 0.003234127404661713 0.003234127404661713
0 0.5356199752355927 0.49819451877395754 0.003234127404661713 0.003234127404661713
0 0.5710862492822099 0.4681449202252363 0.008085318511654194 0.008085318511654194
0 0.5946055948357061 0.4666196257601992 0.003234127404661713 0.003234127404661713
0 0.5920907192451429 0.42663946650437207 0.003234127404661713 0.003234127404661713
0 0.5866765329474737 0.4248859935462141 0.004796627404661713 0.0032886911069926585
0 0.5830976651614589 0.41537458429038693 0.003234127404661713 0.003234127404661713