1 0.38046875 0.634375 0.065625 0.11796875
1 0.26640625 0.6125 0.0703125 0.15703125
2 0.2109375 0.7484375 0.08125 0.11875
0 0.7390625 0.8234375 0.0234375 0.0203125
0 0.5921875 0.765625 0.01796875 0.0171875
0 0.5875 0.71875 0.01171875 0.009375
0 0.415625 0.67109375 0.02734375 0.015625
0 0.440625 0.559375 0.01171875 0.01171875
0 0.3609375 0.5625 0.015625 0.01171875
0 0.1796875 0.5765625 0.02109375 0.0140625
0 0.228125 0.4453125 0.01484375 0.01171875
0 0.34453125 0.42109375 0.0078125 0.00703125
0 0.27578125 0.4609375 0.00703125 0.00546875
2 0.32578125 0.50546875 0.05703125 0.06328125
0 0.2078125 0.35 0.040625 0.015625