0 0.40425414530117676 0.45838596484892413 0.018895445745273954 0.02587329528527036
0 0.3179984827333902 0.5170760682397463 0.020485216822512697 0.030633569892376044
0 0.7549712419067725 0.5873241782501062 0.02520907825883114 0.037101893713693636
0 0.7406269407753042 0.6364166497140589 0.02990566861791084 0.03888271753501123
0 0.9158410850945223 0.4572085310217558 0.015761355386194255 0.024165246071058633
2 0.9371757296101322 0.4148198238258267 0.06151019262201594 0.10127570967712848
2 0.7990434287732516 0.6641563519475893 0.04882838544042354 0.06944351282028158
2 0.6637144619507389 0.700138855462246 0.03933521077238851 0.0486943651776464
2 0.6082638926688981 0.699597354014504 0.056613614363184794 0.0651198858558109
2 0.4595966720357564 0.20900024090377206 0.15087267447164338 0.15698636228216234
2 0.7445625453759315 0.09419276241050603 0.12877950585373252 0.1184675177826803