0 0.47771321679807216 0.5884722891923776 0.004905754809323426 0.006413691106992659
0 0.49530748848243655 0.39822923510869357 0.006468254809323426 0.006468254809323426
1 0.7001735154394606 0.736255057881517 0.05321925843752062 0.09393353847458741
1 0.7375594427514551 0.6288344274816305 0.120952395460829 0.11190477767481415
1 0.7577876079977319 0.6991568511654279 0.03699405771188111 0.07620040145127885
1 0.7988689649839736 0.6427084437236993 0.0720585384745874 0.052455366604888455
1 0.7970113099044978 0.7631027892771955 0.04039187622353531 0.08412202885594056
1 0.8466194403043843 0.7984698596029485 0.03606647477225664 0.049637901451278846
1 0.8387474644358195 0.4415105314726473 0.07033234736759475 0.04771330290255769
1 0.8806323748727729 0.5188468469890767 0.03930060217691818 0.052872028855940556
1 0.6875396285009701 0.4260616023465542 0.05042164065150558 0.1031994110699257
1 0.6387698010036411 0.3218899683184706 0.2144295769491748 0.10736609981466554
1 0.4061482408446893 0.5546850770339928 0.16636413229880312 0.3397768065307547
1 0.49164176362536205 0.7719941173226788 0.05062004809323426 0.06419147477225647
2 0.5923932425739699 0.8435640716765151 0.06348214664195542 0.03030754809323426
1 0.3724453965571374 0.3102431070710597 0.034449411069925696 0.048020837748947984
0 0.6142484283234848 0.6433011768486583 0.006577382213984961 0.009593254809323427
0 0.6128421849469067 0.5939732994439966 0.0032886911069926585 0.004796627404661713
0 0.892477577327693 0.7844272069705432 0.01310020072563951 0.017624009618646852
2 0.9127231007413379 0.8766519125055062 0.02463790145127902 0.035193455534962934
2 0.7621899428362731 0.30429821895144277 0.04495040145127884 0.03590278366526398
2 0.7963640461943177 0.33365090225388705 0.03363095553496294 0.024583337748947987
2 0.63185763520921 0.04944204944399661 0.038536710344286365 0.030997028855940544
1 0.2945113363981856 0.5484400223173366 0.12108137023308556 0.16028771397248337
2 0.8079463207042711 0.830754080747008 0.10401786660488846 0.07385914065150559