0 0.49225717831241694 0.21190513466674235 0.013318871551297563 0.016353042093374803
0 0.46145091361309587 0.2520974951618512 0.018333920171816585 0.022876057878390376
0 0.5659613511977669 0.302432153153181 0.016607645861557073 0.01966005261671846
0 0.161564857529345 0.49603429486538503 0.024829581637205767 0.02792757892507769
0 0.38267297489677105 0.6030523213855058 0.013236984396167805 0.014790542093374803
0 0.35304302860567266 0.5311164082030914 0.008303822930778536 0.00983002630835923
0 0.4081466084338562 0.5059652187829047 0.013236984396167628 0.014790542093374803
0 0.40673459463904627 0.5687382345679203 0.013236984396167628 0.014790542093374803
0 0.3772484905006032 0.5892628371705213 0.008303822930778536 0.00983002630835923
0 0.41771968226914585 0.5391039424745455 0.008221935775648604 0.00826752630835923
0 0.4558714574839165 0.564309068825257 0.006659435775648781 0.008176521046687313
2 0.41397388455313794 0.557345708259561 0.13993668249628843 0.14367294724210708