0 0.4546765104913483 0.4166960358268703 0.014562605172849529 0.017596676959604096
0 0.37546403510195453 0.3174341702291795 0.017960389812585652 0.02706260517284953
0 0.20209106809233796 0.4445325646606187 0.03220474623907634 0.03372178213245362
0 0.32241793995823487 0.42066681881725376 0.04019910266556703 0.04019910266556703
0 0.2483690230277606 0.5201607019659218 0.014608069279472159 0.019159176959604098
0 0.4042315442731546 0.2424258100417651 0.00973871285298138 0.012772784639736124
0 0.44717155054136076 0.2984090370805116 0.02407399749271768 0.02255696159934022
0 0.47774560062050303 0.26880410510634245 0.009647784639735946 0.009647784639736123
0 0.11406719701786386 0.16439277210332376 0.017914925705962936 0.025500105172849487
0 0.7278509006996453 0.2455868801126601 0.014835389812585476 0.026971676959604098
0 0.7779227600291299 0.11020932125802922 0.009784176959604096 0.014335284639736079
0 0.8179627383215176 0.07775217392359626 0.014653533386094963 0.02072167695960414
0 0.2236177609535667 0.7258651326864496 0.014653533386094875 0.020721676959604095
0 0.2501969813283955 0.7798084866056578 0.011483069279472157 0.019068248746358662