1 0.328125 0.56640625 0.134375 0.06953125
0 0.340625 0.53515625 0.0046875 0.003125
0 0.44453125 0.51796875 0.00390625 0.00390625
0 0.47578125 0.51640625 0.003125 0.00234375
0 0.5265625 0.54921875 0.0125 0.0109375
1 0.4421875 0.73203125 0.05 0.03359375
0 0.41796875 0.77578125 0.00625 0.0046875
0 0.4109375 0.77109375 0.0046875 0.00390625
1 0.265625 0.69375 0.0671875 0.06875
0 0.30546875 0.6703125 0.00390625 0.003125
0 0.3578125 0.6828125 0.0078125 0.0046875
0 0.40546875 0.66171875 0.00546875 0.0046875
0 0.38046875 0.58671875 0.01171875 0.009375
0 0.415625 0.5984375 0.00390625 0.003125
0 0.64609375 0.6625 0.00703125 0.00703125
0 0.36640625 0.40546875 0.00625 0.0046875
0 0.378125 0.47734375 0.0046875 0.00390625
0 0.38515625 0.45234375 0.00390625 0.003125
0 0.48046875 0.31953125 0.0046875 0.0046875
0 0.45390625 0.23671875 0.00625 0.00546875
0 0.4859375 0.2609375 0.00859375 0.00546875
0 0.48515625 0.71171875 0.0125 0.0109375
0 0.4078125 0.7171875 0.003125 0.00234375
0 0.2703125 0.6140625 0.0046875 0.00390625
0 0.2046875 0.6140625 0.01484375 0.009375
0 0.31640625 0.609375 0.0046875 0.003125
0 0.221875 0.7078125 0.01875 0.0125
0 0.35625 0.8921875 0.01015625 0.00625
0 0.56640625 0.234375 0.0046875 0.0046875
0 0.4625 0.49609375 0.01015625 0.01484375
0 0.56484375 0.4734375 0.02109375 0.01640625