0 0.4043318957851175 0.713601131496195 0.011738020678164318 0.017569445916316085
0 0.4455434007475162 0.6326041026402545 0.026673815963434676 0.036810519237293705
0 0.34289143569370434 0.6260490569940909 0.009957196856846906 0.012827382213985139
0 0.3057189214256807 0.6203273358500314 0.02340326674922295 0.03357639183263199
0 0.5682810415657258 0.49260160681660564 0.023694365177646403 0.039826391832631994
0 0.6803550483901514 0.615044547290626 0.011519696856846905 0.012881945916316084
0 0.7179171685301966 0.4951759913928434 0.025038541356328815 0.035193455534962934
0 0.7065858703494421 0.403534128416152 0.02852741439185813 0.043115082939624474
0 0.665389443756475 0.24975685318840854 0.0168621683207995 0.027108137023308564
0 0.546299149504662 0.17747760382138075 0.021840766749222952 0.033521828130301135
1 0.8475596650155399 0.625585199290059 0.05865587014004525 0.12060516587924912
1 0.4937819634011821 0.3337474511889756 0.11265416542531544 0.14121033175849823
2 0.2828572719210187 0.42457089174781404 0.11036822745980875 0.19260914065150558
1 0.33503620202864254 0.4430282258685649 0.02340326674922295 0.03357639183263199
2 0.38566555645292205 0.26030500590563177 0.04124573821317572 0.04823909255827141