0 0.1261514693970381 0.1796901128415279 0.022529971463952726 0.014571646276527784
0 0.0595247415229446 0.21646210780753478 0.022457196856846863 0.013009146276527783
0 0.21348857196379994 0.7393580132021182 0.016207196856846906 0.012863675911805572
0 0.23908357734048344 0.8111245636389587 0.024165246071058542 0.016170513867708534
0 0.19693031059126043 0.8429915062682642 0.012863873035529272 0.0081034407294446
0 0.07644687593101342 0.10501611474138897 0.012791098428423431 0.006540940729444422
0 0.07479233064574312 0.12374793094579868 0.015988873035529295 0.008176175911805573
0 0.10730092369748308 0.04707698138263898 0.012863873035529317 0.008103440729444444
0 0.11591179032287155 0.06370143692972233 0.009738873035529316 0.00803070554708334
0 0.14641908167920042 0.029999237366562626 0.015988873035529316 0.008176175911805573
0 0.3134075285360473 0.02137238582729193 0.011374147642635179 0.009629573138263903
0 0.25814417804070927 0.2171745418874655 0.009666098428423453 0.006468205547083361
0 0.09110641956365387 0.4283633489738195 0.012936647642635135 0.0096659407294446
0 0.002038650228532999 0.4528165286853472 0.004077300457065998 0.006468205547083272
0 0.0009663018001095693 0.4645352786853472 0.0019326036002191387 0.0048329703647223
0 0.43391477357364855 0.1039511093261462 0.00981164764263518 0.009593205547083362
0 0.15616837758815247 0.7106504785328474 0.012863873035529317 0.0081034407294446
0 0.3628314464470713 0.7905419195466322 0.02274829528527027 0.01925914627652787
0 0.42688963834151944 0.8592932259673962 0.011446922249741042 0.011192073138263935
0 0.4622470955374485 0.8389995629733684 0.013082196856846907 0.012790940729444599
0 0.42034015529563024 0.42898747691732675 0.016207196856846906 0.012863675911805572
0 0.4100576267595829 0.4146704037790629 0.00646832382131759 0.0048329703647223
0 0.3914382134011821 0.36105444129812536 0.03390411910658777 0.02420121941479163
0 0.43126700082856956 0.3119272634864587 0.009666098428423453 0.006468205547083361
0 0.38766470409555714 0.2741538533422226 0.014644696856846906 0.012827308320625086
0 0.37269252150673393 0.29335779502159753 0.01449914764263518 0.009702308320624997
0 0.38069126613005044 0.22237314779513923 0.01293664764263518 0.009665940729444423
0 0.30128194024181826 0.41604910619201413 0.016207196856846906 0.012863675911805572
0 0.27501903908452646 0.5601257613022572 0.022748295285270358 0.01925914627652787
0 0.34680630190480805 0.5133066191097919 0.01293664764263518 0.0096659407294446
0 0.35356572415454907 0.5025145894745142 0.011301373035529316 0.008067073138263936
0 0.4030777266357484 0.46378005100552117 0.008103598428423453 0.006431837955902786
0 0.40059058147431265 0.4332203820275698 0.00803082382131759 0.004869337955902786
0 0.5319175483901514 0.6529178990294102 0.019477746071058632 0.01606141109416672
0 0.5451645651393744 0.6203781559632644 0.016207196856846906 0.012863675911805572
0 0.5572493422276796 0.579208295305938 0.01293664764263518 0.0096659407294446
0 0.4976046685301966 0.533240525454306 0.012791098428423454 0.006540940729444422
0 0.5545995312266436 0.5353491925323963 0.020676373035529317 0.008285278685347208
0 0.5855070829220548 0.49305324296923664 0.02423802067816432 0.01773301386770836
0 0.5561470686540311 0.485331008736806 0.019041098428423452 0.006686411094166544
0 0.5205392084387833 0.4438331865484727 0.020894696856846907 0.012972778685347209
0 0.5197772291169478 0.42660931895729204 0.009666098428423453 0.006468205547083272
0 0.2986192049241267 0.5739707089655559 0.013082196856846907 0.012790940729444599
0 0.33864704549466723 0.5373617149494795 0.00981164764263518 0.009593205547083272
0 0.33517313503175056 0.5951560311538892 0.019332196856846905 0.012936411094166544
0 0.43204167287342277 0.6983011745806254 0.019259422249741042 0.011373911094166545
0 0.39221503949881126 0.7137982348011114 0.012863873035529317 0.0081034407294446
0 0.5040751464042901 0.49506837822784766 0.015916098428423453 0.006613675911805572
0 0.49081316708245454 0.47755356990722264 0.012791098428423454 0.006540940729444422
0 0.4913782473139129 0.4486291361116324 0.009666098428423453 0.006468205547083272
0 0.44389327936461676 0.3262988880114935 0.009666098428423453 0.006468205547083272
0 0.365965178454994 0.3706288098392364 0.006395549214211727 0.003270470364722211
0 0.3555542173301235 0.3758611704965628 0.00334332382131759 0.00476023518236115
0 0.44465729694240935 0.5953580125365281 0.009666098428423453 0.006468205547083272
0 0.3933687787454443 0.5714834482319795 0.014353598428423453 0.006577308320624908
0 0.5883217138154668 0.5165816619471879 0.01293664764263518 0.0096659407294446
0 0.6245695829220547 0.49396243274875057 0.01918664764263518 0.009811411094166545
0 0.5315259042621729 0.5269911786646879 0.00959332382131759 0.004905705547083273
0 0.5052865818885974 0.5866019147969797 0.011228598428423452 0.006504573138263936
0 0.5054834809789746 0.6327502161837504 0.00803082382131759 0.004869337955902786
0 0.5040643761404103 0.6632189661837504 0.008030823821317413 0.004869337955902786
0 0.4099077694398193 0.48505563896142406 0.009738873035529316 0.008030705547083272
0 0.4243726838316775 0.4431590796908685 0.00490582382131759 0.004796602773541636
0 0.459580283707843 0.49325065187920175 0.006395549214211727 0.0032704703647223
0 0.5818576980997012 0.45386345640010467 0.029071069892376046 0.020967116641249995
0 0.5860229673301236 0.3812253901956949 0.01293664764263518 0.009665940729444423
0 0.5922558507047351 0.3649464267648269 0.009666098428423453 0.006468205547083361
0 0.5838633079006641 0.34363447121774354 0.009666098428423453 0.006468205547083272
0 0.5436385682397462 0.3340951638470491 0.012863873035529138 0.008103440729444421
0 0.6639981100103599 0.4534290049370838 0.009666098428423453 0.006468205547083272
0 0.6727566799027361 0.43329834289298663 0.006395549214211727 0.0032704703647223
0 0.6778594028144308 0.4748682470532993 0.009666098428423453 0.006468205547083272
0 0.6938097344936314 0.5018307905562853 0.00981164764263518 0.009593205547083272
0 0.6699527034763847 0.5270847104841673 0.012791098428423454 0.0065409407294446
2 0.5941715692732036 0.2398555077868755 0.24805231803034927 0.23209037385944464
0 0.625102468158693 0.6840243882958339 0.019550520678164318 0.017623911094166545
0 0.5694110862318236 0.7546810739912853 0.012863873035529317 0.008103440729444421