1 0.6386265288172513 0.3683007754311662 0.07871710957707698 0.12700345574818694
1 0.6234110373419633 0.6576714904849782 0.033712526785361165 0.05309076674922295
0 0.5486349541432106 0.551761784736791 0.011128414772652384 0.011446922249740865
0 0.5707611444834082 0.4488016046291673 0.007976141233702095 0.009738873035529139
1 0.5575168506519184 0.4012716331652145 0.030505706168510116 0.04825771753501122
1 0.515976007306896 0.2726714441662505 0.05519778896022594 0.12122433664159918
0 0.5240027414785834 0.2159676798982269 0.008003414772652383 0.011301373035529316
1 0.45016800081407415 0.36968768527491036 0.04516822402541774 0.083287688998964
2 0.20087711282678306 0.3174187481379732 0.08592168344033872 0.18198205417661048
1 0.37085482752000515 0.5685018668302763 0.18043534253094826 0.23009853060296184
1 0.52440829586338 0.4614985037195444 0.032450035713814884 0.07020549214211727
1 0.45874061120522525 0.5952698821317572 0.03974433847375849 0.0408818651776464
1 0.3281473559302195 0.730708614349077 0.03360343262955982 0.04684076674922295
1 0.31907195941821637 0.39954850558157123 0.23548530681713337 0.16396841645877275
1 0.4730173453769126 0.538857216292157 0.035465941558013726 0.06410104135632899
2 0.4704105426169691 0.5090241670779453 0.20338191882984216 0.20306514970954978
1 0.30455944602553575 0.42467478411761855 0.047938668019063255 0.06312073821317572
1 0.23996115787608882 0.40759213792272553 0.04802048863591431 0.06780823821317572
2 0.27600775203189015 0.4030159538861602 0.10158186525911965 0.0952825748547749