0 0.5342587290806425 0.5372371714063627 0.024256371551297562 0.016443455534962938
0 0.5448055619610437 0.8128820121505356 0.021131371551297563 0.016334328130301046
0 0.3957428629564119 0.6618502470895932 0.02253009724103805 0.013263891832631991
0 0.42534515377501475 0.676140925582714 0.014471935775648781 0.00830357332097762
0 0.4203677267057933 0.685324952624556 0.014635710085908294 0.01142857332097762
0 0.3391962918346557 0.698866608252186 0.016198210085908292 0.011483137023308564
0 0.27084908355776977 0.7339112416472975 0.012909435775648782 0.008249009618646852
0 0.2656005823145743 0.48496531015895183 0.013073210085908293 0.011374009618646852
0 0.5614187726127788 0.6239658450901601 0.014553822930778537 0.009866073320977619
0 0.55695260063194 0.5536260632389947 0.01134693577564878 0.008194445916316084
0 0.49860999264830974 0.8986086918247829 0.018006371551297563 0.016225200725639155