0 0.796875 0.590625 0.0140625 0.01796875
0 0.75546875 0.59921875 0.0140625 0.01875
0 0.75703125 0.40625 0.015625 0.02890625
0 0.7984375 0.31015625 0.009375 0.0140625
0 0.92578125 0.47421875 0.00703125 0.01015625
0 0.95625 0.48828125 0.0125 0.009375
0 0.67109375 0.56171875 0.009375 0.0109375
0 0.63671875 0.57109375 0.0125 0.0140625
0 0.6296875 0.47265625 0.01015625 0.01796875
0 0.69921875 0.39453125 0.00859375 0.01328125
0 0.7671875 0.26484375 0.0125 0.01640625
0 0.565625 0.58828125 0.01484375 0.01328125
0 0.60390625 0.40390625 0.01328125 0.01640625
0 0.54375 0.3703125 0.009375 0.0140625
0 0.46640625 0.29609375 0.01640625 0.01953125
0 0.3640625 0.334375 0.01328125 0.01875
0 0.30234375 0.34375 0.01484375 0.0203125
0 0.6765625 0.45859375 0.01171875 0.02421875
0 0.559375 0.46640625 0.01015625 0.01328125
0 0.51796875 0.471875 0.00859375 0.0109375
0 0.40078125 0.4609375 0.01484375 0.0203125
0 0.2671875 0.36953125 0.01640625 0.0203125
0 0.26875 0.29453125 0.0171875 0.01171875
0 0.36015625 0.28125 0.0125 0.0140625
0 0.18046875 0.52265625 0.015625 0.01875
0 0.85078125 0.42734375 0.01875 0.01875
0 0.5984375 0.4703125 0.0140625 0.015625
0 0.46796875 0.56171875 0.0109375 0.009375