0 0.571875 0.2456546849469068 0.0171875 0.01935020072563933
0 0.37890625 0.18129955218476748 0.0125 0.014499009618646853
0 0.23359375 0.644186476501537 0.003125 0.004796627404661713
0 0.54453125 0.32160954973769673 0.0078125 0.009647818511654282
0 0.58125 0.6343898027329217 0.00625 0.008030754809323425
1 0.21484375 0.5964037409295073 0.1015625 0.10979664065150559
1 0.6375 0.16367550944901083 0.10625 0.12714783175849825
0 0.13671875 0.3803819260460501 0.0078125 0.009647818511654282
0 0.27578125 0.5122445065386039 0.0046875 0.004851191106992658
0 0.39453125 0.6268476651614588 0.00625 0.008030754809323425
0 0.346875 0.39179310808254997 0.00625 0.006468254809323426