0 0.28984375 0.67734375 0.01328125 0.02421875
0 0.28515625 0.646875 0.015625 0.021875
0 0.1359375 0.584375 0.02578125 0.0375
0 0.1734375 0.5390625 0.01328125 0.015625
0 0.1578125 0.5515625 0.01015625 0.0203125
0 0.2546875 0.7234375 0.01015625 0.015625
0 0.4390625 0.7125 0.01328125 0.0234375
0 0.35703125 0.5671875 0.01953125 0.028125
0 0.6296875 0.11328125 0.00859375 0.0140625
0 0.58125 0.14453125 0.00859375 0.01796875
0 0.6109375 0.14921875 0.00703125 0.0109375
0 0.603125 0.64296875 0.0078125 0.0125
2 0.06171875 0.44765625 0.021875 0.02265625