0 0.27540191657480734 0.5942284069678514 0.006286361436318444 0.00643185642649069
0 0.24386609114464655 0.5100041711536164 0.01573408430895542 0.019204641066226814
0 0.18086209709657486 0.46418921747183495 0.02521816861791084 0.038227425705962936
0 0.2791496061717612 0.487106228754606 0.020539758976990452 0.039653533386094966
0 0.3639154916121847 0.41746366699698123 0.02677157825883114 0.036710389812585655
0 0.4520154553114395 0.31179267702611113 0.006304542154477666 0.009556856426490689
0 0.5252166059753695 0.3502808640148451 0.015743174668035032 0.02076714106622681
0 0.601343289620395 0.28870085484364505 0.020439765027114733 0.022466033386094784
0 0.37472066052468317 0.5741539361973113 0.01260908430895542 0.019113712852981378
0 0.4381155400131783 0.5527813898790926 0.015734084308955332 0.019204641066226814
0 0.48533545277735674 0.6263947346271008 0.007876132513557366 0.011164820533113406
0 0.7419137474659172 0.2939840852476038 0.015752265027114732 0.022329641066226813