1 0.5359375662342195 0.5193740355030776 0.02249504809323426 0.06356453301668666
1 0.43199407758214703 0.24488861261772765 0.055654777674814325 0.11988977611928178
1 0.46834332766696496 0.5711988070998036 0.06666171034428636 0.033126760515449584
1 0.4687376864673052 0.6718162827895442 0.02296627404661713 0.032396420171816584
1 0.5239013908211416 0.777643558908826 0.060054590196018685 0.20122166327441154
2 0.4910293487183572 0.6402320901164904 0.09268355172143128 0.153023180687266
2 0.48022580189106734 0.8221438314100631 0.12160715988879929 0.13270403663473118
1 0.49790686441227183 0.9041717593837959 0.03870040145127884 0.03634029172311415
1 0.4246007952676454 0.7700999745580868 0.015535719962933214 0.042924484396167625
1 0.3288145801140357 0.7292083016727368 0.05972222958157998 0.057717324739800804
0 0.3458185416394483 0.6801909475342938 0.006522818511654283 0.008140048620519025
1 0.576329442457755 0.6041518272261917 0.018060519237293703 0.025900758706427142
1 0.5812451209508758 0.6332627951140161 0.013482146641955416 0.028780097241038048
1 0.7201587988110244 0.5469645262308236 0.025873019237293703 0.0263101944820761
0 0.6927431269413254 0.5658030574384879 0.0065228185116541935 0.008140048620519025
1 0.617373560791924 0.39497157903521396 0.04760417549789597 0.06799972749876275
1 0.8704812026245559 0.43007135458866885 0.04489583774894825 0.035105340343633176
2 0.9052455830244426 0.3983610091566532 0.047385920688572725 0.06174972749876275
0 0.42301346949959695 0.590658136023476 0.006577382213985139 0.009702548620519025
0 0.42717517984388315 0.6205094103337354 0.0032886911069926585 0.0048512743102595126
0 0.4389757753973795 0.6234673139972087 0.004796627404661713 0.0033706614653892684
0 0.453774885378846 0.6452980483933765 0.003234127404661713 0.0032887743102595125
0 0.4606523679556508 0.6635943470138954 0.0032886911069926585 0.0048512743102595126
0 0.4435318445420059 0.7539360639972086 0.004851191106992658 0.004933161465389269
0 0.27353929227242046 0.798834726932936 0.00970238221398514 0.009866322930778538
0 0.24276546350914718 0.654514838873295 0.006577382213985139 0.009702548620519025