0 0.44375 0.91875 0.01015625 0.02109375
0 0.559375 0.7375 0.0234375 0.0234375
0 0.5296875 0.52578125 0.0109375 0.01171875
0 0.5078125 0.45625 0.01328125 0.015625
0 0.46484375 0.5375 0.0078125 0.009375
0 0.65703125 0.4296875 0.02109375 0.021875
0 0.60546875 0.44765625 0.02109375 0.02890625
0 0.56796875 0.428125 0.02421875 0.03125
0 0.6078125 0.42109375 0.00859375 0.0109375
0 0.67890625 0.41796875 0.009375 0.009375
0 0.76875 0.43125 0.00859375 0.0125
0 0.8296875 0.53203125 0.01484375 0.028125
2 0.92109375 0.525 0.05390625 0.08046875
0 0.74296875 0.703125 0.01328125 0.015625