0 0.4923447281515977 0.5886684702256076 0.02703527868534721 0.0215496683207995
0 0.5387105818750699 0.5646102320124319 0.034847778685347205 0.021913541356328815
0 0.5232687262517366 0.6404107526905964 0.015879573138263936 0.011665246071058632
0 0.5692917007005215 0.7360293136916324 0.014317073138263936 0.011592471463952592
0 0.6273418964639591 0.8107531778358215 0.026962543502986235 0.018424668320799496
0 0.46654268151447964 0.45456745202864257 0.01907730832062491 0.01493579528527036
0 0.4802233218070837 0.43750623056468985 0.014353440729444422 0.01315497146395277
0 0.40616822596739627 0.447994274402218 0.02540004350298606 0.018351893713693813
0 0.39157839589527815 0.4259929958661708 0.012754573138263937 0.011519696856846905
0 0.4290400686729517 0.32179349338497143 0.019077308320625087 0.01493579528527036
0 0.5919745201359724 0.2320845223353035 0.020639808320624908 0.015008569892376223
0 0.5443734747331253 0.2702780351555851 0.012718205547083273 0.009957196856846906
0 0.5740454037790629 0.4026346168347855 0.014317073138263936 0.011592471463952592
0 0.6312928996950002 0.30846293176476286 0.012754573138263937 0.011519696856846905
0 0.660257620344063 0.5112411753546221 0.020676175911805574 0.016571069892376045
0 0.6179239967689588 0.47332595244292736 0.01751480832062491 0.014863020678164317
0 0.5669076638470492 0.5327951517809735 0.0095204703647223 0.00668664764263518
0 0.5119837745043754 0.5251860130296786 0.015988675911805573 0.016352746071058633
0 0.5534082082999657 0.5240387359413733 0.015879573138263936 0.011665246071058632
0 0.57021384859257 0.506831965263209 0.009484102773541636 0.005124147642635179
0 0.550046818957292 0.514028035155585 0.0095204703647223 0.00668664764263518
0 0.6245915708571532 0.45737346671095097 0.0095204703647223 0.00668664764263518
0 0.6961756301277087 0.44152583478408153 0.020676175911805574 0.016571069892376045
0 0.6382735175705212 0.5075725198541041 0.0095204703647223 0.00668664764263518
0 0.7176187915062158 0.65716795140947 0.009593205547083272 0.00981164764263518
0 0.4581515661075005 0.5980820115819364 0.015879573138263936 0.011665246071058632
0 0.4556071411456255 0.5559672861890423 0.006359102773541636 0.004978598428423453