0 0.5893848375793119 0.6492053776557329 0.024583337748947897 0.034040807326946344
0 0.5900495256910796 0.6077581840781681 0.008194445916316084 0.01134693577564878
0 0.5858530990120573 0.5934500226127788 0.008249009618646852 0.012909435775648782
0 0.49164923122604254 0.5791208497274288 0.008194445916316084 0.01134693577564878
0 0.5144890197006298 0.5302263263216804 0.009756945916316085 0.011428822930778538
0 0.4642509175237116 0.5792503245126582 0.00813988221398514 0.00978443577564878
0 0.5147544037287135 0.4778006891665507 0.01455357332097762 0.014799484396167628
0 0.6250346501005165 0.5696750079134578 0.0065228185116541935 0.008140048620519025
0 0.7020584523701019 0.6277165592475102 0.008249009618646852 0.012909435775648603
0 0.731520263077208 0.5909092780398458 0.014662700725639511 0.017924484396167627
0 0.7423883304077359 0.5038187138154945 0.008194445916316084 0.01134693577564878
0 0.5325892005560033 0.6618824400710619 0.008085318511654194 0.008221935775648781
0 0.3314359283234848 0.639600247059324 0.014717264427970278 0.019486984396167806
0 0.3335911614484438 0.8244256264125376 0.011428573320977709 0.014635710085908471
0 0.5152280526481036 0.9349105042954132 0.008085318511654194 0.008221935775648604