0 0.45228139826631697 0.6975172970746054 0.016643844499482086 0.02214773538950343
0 0.5838417673729047 0.6763571375769588 0.018133569892376043 0.020612508928453722
0 0.6098584578196109 0.6885395377391145 0.019768844499482085 0.02220228246740419
0 0.6329385469424093 0.5958980702065186 0.011738020678164318 0.017378414772652385
0 0.5885378835840085 0.5419548640380084 0.010029971463952592 0.014226141233702094
0 0.6214231581911143 0.5409651083559656 0.008394696856846906 0.012636367694751627
0 0.6578529638154669 0.5142350129823482 0.019768844499482085 0.02220228246740419
0 0.5879899199779386 0.5872946375769588 0.011519696856846905 0.012690914772652384
0 0.5467142566195378 0.5334059784863493 0.008394696856846906 0.012636367694751627
0 0.4798884756022911 0.558041739850435 0.022893844499482084 0.02225682954530477
0 0.4988439909037721 0.4700195884704632 0.015226893713693812 0.025245461850553142
0 0.48332599876165483 0.5010241266199101 0.011738020678164318 0.017378414772652385
0 0.4436834559575839 0.47922126460720127 0.018351893713693813 0.025300008928453722
0 0.5370823914418914 0.5723321107915975 0.00824914764263518 0.009511367694751627
0 0.5564145882987381 0.5601593932590017 0.010029971463952769 0.014226141233702094
0 0.4727994135677978 0.609522419233584 0.016571069892376045 0.02058523538950343
0 0.4621187787454442 0.5702417309219813 0.01493579528527036 0.01899546185055314
0 0.35692401054847916 0.5457308802733581 0.01671661910658786 0.023710235389503433
0 0.2729107295312326 0.5700666327089902 0.014863020678164496 0.017432961850553142
0 0.28408151592516273 0.6156109577900679 0.00824914764263518 0.009511367694751627
0 0.23914785153330453 0.6570484354689337 0.01159247146395268 0.014253414772652384
0 0.21166286042464472 0.592454101459402 0.008394696856846906 0.012636367694751627
0 0.21790005190480805 0.5089012617678275 0.02005994292790536 0.028452282467404187
0 0.3190794081911143 0.5356876785690747 0.014863020678164496 0.017432961850553142
0 0.4388996025667618 0.5651451278377262 0.00824914764263518 0.009511367694751627
0 0.32589018031702083 0.5741189330333016 0.006613873035529317 0.007921594155801338
0 0.6206611788692789 0.5237503348170153 0.008540246071058633 0.015761367694751626
0 0.6095824377606189 0.4594423729664622 0.004978598428423453 0.006331820616851047
0 0.6031505012428543 0.4632395288106608 0.004978598428423453 0.006331820616851047
0 0.5110743172062889 0.42566561647364043 0.011592471463952592 0.014253414772652384
0 0.5130691567433723 0.4835599370904914 0.004978598428423453 0.006331820616851047
0 0.5328893511190198 0.511271879866321 0.008321922249741043 0.011073867694751627