1 0.3296875 0.39453125 0.0984375 0.07265625
1 0.5875 0.69765625 0.0546875 0.06328125
0 0.12890625 0.13984375 0.01796875 0.0140625
0 0.11640625 0.175 0.01171875 0.0109375
0 0.04296875 0.41328125 0.0140625 0.01015625
0 0.384375 0.45 0.0125 0.0109375
0 0.32890625 0.58984375 0.0078125 0.00625
0 0.43359375 0.740625 0.00625 0.00390625
0 0.534375 0.65703125 0.00390625 0.003125
0 0.62734375 0.58671875 0.0046875 0.00390625
0 0.66171875 0.45234375 0.00625 0.00390625
0 0.63671875 0.51796875 0.00390625 0.003125
0 0.434375 0.4703125 0.00703125 0.0046875