0 0.26161670745374244 0.6135289628859484 0.04196200692008221 0.03517863680346807
0 0.09650104342329757 0.5913824051487324 0.016261669961943913 0.01653505261671846
0 0.12406231072350313 0.510761736704646 0.01281833498097198 0.008540542093374803
0 0.07992765015309938 0.4792163341161624 0.011255834980971957 0.008449536831702886
0 0.3580380627006695 0.5149920233245874 0.014571835969555113 0.01331904735504672
0 0.27403974749136106 0.42395822867096394 0.016007001977166268 0.01028505261671846
0 0.3503197687087182 0.7236312759554234 0.017633168973360737 0.0119385578783902
0 0.6411078892786846 0.5635862309488641 0.01626166996194378 0.01653505261671846
0 0.7785216590503479 0.4776171808218071 0.017633168973360824 0.011938557878390377
0 0.6704478793928527 0.612281336182301 0.011255834980972068 0.008449536831702886
0 0.7653876476816415 0.5308863939901041 0.050220175893442943 0.04657116311182748