0 0.48828657304918777 0.4199306203179036 0.015788641233702095 0.009920637023308565
0 0.5103933981302656 0.4339757621505356 0.007921594155801515 0.0065228185116541935
0 0.5239746570587194 0.45162705362034783 0.009511367694751627 0.00813988221398514
0 0.5103348969124497 0.47535473029937014 0.009511367694751627 0.00813988221398514
0 0.539455381084137 0.5333681269413255 0.017378414772652385 0.01153770072563951
0 0.5116031164736404 0.5480109802993702 0.011128414772652384 0.011319445916316085
0 0.43479910876300265 0.48677089073632357 0.014280688311602674 0.01299107332097762
0 0.4269787004831721 0.5755060085223385 0.015815914772652383 0.011483137023308564
0 0.440201449265356 0.6173487681409854 0.012636367694751627 0.008249009618646852
0 0.7560912763750288 0.7330035723094873 0.011128414772652384 0.011319445916316085
0 0.5588129017804183 0.7924802321134686 0.015843188311602675 0.013045637023308566