1 0.5996018267177649 0.38994233152566415 0.11485072625188959 0.07300148801421243
1 0.48132226357770264 0.41483386816039547 0.09629814732681172 0.048663229307785015
1 0.5010201135494677 0.3842046658764034 0.10998121572854594 0.06963082654882316
1 0.42690226115862817 0.6404413777713339 0.07204159997176518 0.033372421980838854
1 0.3444236901260583 0.665793259838081 0.09848227360693614 0.0861632293077852
1 0.3181727322900202 0.7286993735874624 0.06450211575678066 0.03765048620519007
0 0.2798459796591843 0.7314868588881414 0.018188557878390375 0.01808825870642732
0 0.2469648612009805 0.6942668198785608 0.01809755261671846 0.016525758706427317
0 0.1901912164344175 0.6660875881959265 0.01966005261671846 0.016607645861557073
1 0.06893013743875259 0.6218163670287418 0.08405575256024875 0.07917624491161739
2 0.16296179504185299 0.740999056988262 0.32592359008370597 0.23726314111185864
1 0.28827458773521875 0.9210882694490194 0.10160727360693614 0.08632700361804453
1 0.3885931061510702 0.9103787415207154 0.12680469468185845 0.06428158525525021
2 0.437311327211875 0.9163930461341282 0.15360938936371688 0.12332239258219672
0 0.3738711825158992 0.9625553951841883 0.01139252630835923 0.00838571008590847
0 0.3299314667167662 0.9547329291053863 0.011574536831702975 0.011510710085908472
0 0.3222932719643206 0.9387770584586 0.01139252630835923 0.00838571008590847