1 0.6251656137914583 0.07881181906831583 0.04967399810013902 0.055381012820281586
1 0.7512982348011115 0.39046844892827065 0.0689331443766669 0.07812930810555194
1 0.6626169412981253 0.3773927142297516 0.08699346656499998 0.11642982878371626
1 0.567612912612778 0.361483077959656 0.03997168977951393 0.0408818651776464
1 0.2953645446403479 0.7949313945422632 0.14208231648875014 0.20327916542531527
1 0.44629453105698 0.9623093314743126 0.028779616641250172 0.02943494292790554
0 0.3735473620790286 0.9617871007047348 0.007994337955902786 0.00817637303552914
1 0.060599193197986415 0.35224955066195374 0.03568423328250003 0.05785104135632881
1 0.21555237091274382 0.9276946987188737 0.017914851823611144 0.032050520678164315
2 0.20803081164218828 0.9405585717544029 0.029942073138263935 0.012320217535011224
0 0.8024341218626743 0.8737689464470713 0.012900043502986236 0.017769696856846907
1 0.9730161127446187 0.7094045777547683 0.026527438829583617 0.06678939371369381
1 0.9184747363197229 0.7518318263070262 0.01609777868534721 0.021040246071058633
1 0.9277614301832994 0.8820094778786027 0.024201219414791808 0.03390411910658777
1 0.9404601455140285 0.82276075641465 0.025618249050069153 0.02772689371369381
1 0.6240966891139238 0.23449889288963338 0.024092116641249994 0.02921661910658786
1 0.5969717978713891 0.27877758581753886 0.016170513867708357 0.024165246071058633
2 0.5580528086049654 0.20015189557572052 0.3908146764804865 0.40030379115144105
1 0.5526035488213197 0.2542527748165028 0.01148301386770818 0.023946922249741043
1 0.5056012622521877 0.25096726302967853 0.012972778685347209 0.020894696856846907
1 0.574042790937535 0.26811406762057377 0.01609777868534721 0.021040246071058633
1 0.946744553474063 0.7231417460755678 0.027217116641249817 0.0293621683207995
2 0.8530692482875702 0.8315236344125779 0.2560370201359724 0.2710189371369374
1 0.764844509305487 0.9388695616247176 0.03833645459715278 0.037684090570540715
1 0.8948768482113202 0.9140428819313786 0.025945557370694417 0.04178939371369381
1 0.8203307898906953 0.9034371757689069 0.024455792553055744 0.04484161910658777