0 0.22394669672805173 0.9393055805773718 0.014508168973360736 0.01142857332097762
0 0.17668703615764797 0.9665203558051154 0.017696835969555114 0.013100200725639156
0 0.16270286022702396 0.5275942650609424 0.016134335969555113 0.013045637023308566
0 0.304511016843095 0.4849578756753813 0.014444501977166357 0.009866073320977619
0 0.3112504481737454 0.5546255349312084 0.01125583498097198 0.008194445916316084
0 0.4540507604173044 0.4597545229503088 0.016261669961943958 0.016170637023308565
0 0.38440410528410807 0.5119320926430894 0.013009335969555202 0.012936509618646851
0 0.4701824377936221 0.5110268462712865 0.014571835969555025 0.01299107332097762
0 0.7901500865010277 0.4371652826537737 0.017696835969555024 0.01310020072563951
0 0.5543664368050389 0.5092857861971527 0.016134335969555026 0.013045637023308566
0 0.6159750988583175 0.489593334290387 0.014571835969555025 0.01299107332097762
0 0.6554925380976332 0.5978522675928313 0.014444501977166268 0.009866073320977619