0 0.59609375 0.6311797909518397 0.0078125 0.011255834980972068
0 0.53515625 0.569600303803421 0.0078125 0.009693334980972069
0 0.0484375 0.8355263231179737 0.0078125 0.011255834980971713
0 0.07578125 0.656287150684572 0.0078125 0.011255834980972068
0 0.13359375 0.6265877218253795 0.0078125 0.00813083498097189
0 0.4671875 0.14346356813787695 0.0078125 0.01281833498097198
0 0.52578125 0.1934198057805873 0.0125 0.011446835969555114
0 0.48203125 0.22488998167403024 0.0078125 0.008130834980971979
0 0.48515625 0.08648139768164144 0.0078125 0.011255834980971957
0 0.4515625 0.06285023809982085 0.0078125 0.008130834980971956
0 0.31875 0.4416994327763442 0.009375 0.012882001977166269