0 0.33808377788832333 0.8327720137235467 0.025163632001908985 0.01478992570596276
0 0.35890590257004995 0.7224028150563301 0.01731476933481808 0.01143760517284953
0 0.07143426925527632 0.577273205331134 0.02207499466899989 0.017823997492717503
0 0.038994486592957935 0.5442872090920577 0.011046588001272672 0.009693248746358662
0 0.06765583593254856 0.499011813011266 0.017314769334818125 0.01143760517284953
0 0.0277484512651395 0.5033212282923877 0.022038632001908996 0.014698997492717681
0 0.05938025926959385 0.4714180104248413 0.02049431333545444 0.016216033386094963
0 0.2532404419557747 0.33326009553943103 0.01731476933481808 0.01143760517284953
0 0.49703425326227607 0.5380769423325032 0.012609088001272539 0.00973871285298138
0 0.5446825072804116 0.4058243834778724 0.020494313335454352 0.016216033386094786
0 0.8655018952498675 0.6402354535487674 0.011082950668363623 0.012818248746358663