0 0.4796875 0.5427823653332576 0.0234375 0.03730257892507769
0 0.5328125 0.4247827942301005 0.015625 0.02434755261671846
0 0.4296875 0.6047139469597586 0.0125 0.021040542093374626
0 0.36015625 0.5889454628153612 0.0078125 0.00983002630835923
0 0.4375 0.5879814732681178 0.0078125 0.00983002630835923
0 0.4671875 0.5037730732398829 0.0078125 0.00983002630835923
0 0.4609375 0.47684655219319544 0.0109375 0.014699536831702886
0 0.425 0.46615968117474293 0.0109375 0.019387036831702887
0 0.3703125 0.4567244970162282 0.009375 0.011483531570031147
0 0.41640625 0.4430029022355478 0.0078125 0.01295502630835923
0 0.5578125 0.59655137841685 0.0109375 0.016262036831702888
0 0.60078125 0.6271790231128259 0.009375 0.014608531570031147
0 0.68671875 0.6782780625047776 0.009375 0.014608531570031147
0 0.6078125 0.6893072967903493 0.0109375 0.014699536831702886
0 0.58046875 0.44318345471109194 0.0125 0.014790542093374803
0 0.546875 0.41778934158514713 0.0078125 0.00983002630835923
0 0.725 0.542226441415738 0.0109375 0.014699536831702886
2 0.71328125 0.8415439019531992 0.1015625 0.11841534200867017