0 0.5497286335197691 0.4067784613342675 0.012636367694751627 0.008394696856846906
0 0.48975539001259083 0.5096530583149489 0.017351141233702093 0.010175520678164319
0 0.4784672881461517 0.4452823432611369 0.01746023538950343 0.01642552067816432
0 0.4327065491032003 0.5560957187778655 0.02058523538950343 0.016571069892376045
0 0.39025026785361216 0.4978679958661708 0.012636367694751627 0.008394696856846906
0 0.48334352312861795 0.635053318654031 0.017432961850553142 0.014863020678164496
0 0.5057543112780649 0.6199355868509961 0.011073867694751627 0.008321922249741043
0 0.42941968221922744 0.6813504299027361 0.015843188311602675 0.013227746071058633
0 0.37966909820969585 0.6531740800265705 0.017405688311602673 0.013300520678164318
0 0.4239434293798537 0.457204454509842 0.03812729139585791 0.037684090570540715
0 0.023976431408448583 0.5673137785360473 0.0174602353895034 0.01642552067816432
0 0.013268982139797233 0.4466202888751295 0.011210235389503397 0.016134422249741043
0 0.022193968747116623 0.4204023912324944 0.01592500892845374 0.017915246071058634