0 0.5451107950177155 0.5782889978632743 0.02908000494291585 0.02507559471009326
0 0.5858339541052444 0.5398943557981344 0.03864600593149916 0.03030912628012423
0 0.5923014714054501 0.6217435952747906 0.019259335969555025 0.013592063140062116
0 0.6647441571847248 0.7083643637612292 0.017760502965749582 0.015063557878390199
0 0.7454795040286948 0.7678766006776369 0.029016337946721472 0.023513094710093264
0 0.48263601684309504 0.44801693991429675 0.02094916996194396 0.016808068401734034
0 0.49118334589256796 0.4271584083442656 0.017760502965749582 0.015063557878390199
0 0.41798326783167816 0.4564811582736786 0.027390170950527093 0.021859589448421347
0 0.39690676387734547 0.4389142266754125 0.016070668973360736 0.01184755261671846
0 0.4070709896570577 0.32320592668952997 0.021012836958138336 0.018370568401734032
0 0.5495065459691176 0.1864809294615402 0.024074169961943958 0.016990078925077735
0 0.5117001398473381 0.23880156363417235 0.014508168973360824 0.01175654735504672
0 0.5779856675276671 0.3665023584289703 0.017760502965749582 0.015063557878390376
0 0.6117783942959625 0.25411647951801 0.014508168973360824 0.01175654735504672
0 0.6974306872993304 0.4535179690652534 0.022639003954332538 0.02002407366340577
0 0.6438135973754427 0.42531664533126035 0.017824169961943782 0.016626057878390377
0 0.606180946196579 0.5011202821347285 0.012882001977166269 0.010103042093374804
0 0.548527613687065 0.5083937268165869 0.019514003954332716 0.019842063140062295
0 0.5910825282118015 0.49573483212061104 0.0176968359695552 0.013501057878390376
0 0.6034724402650801 0.47308628739640035 0.009629667984777513 0.0067960315700311465
0 0.584418692736538 0.4859426031672983 0.01125583498097189 0.008449536831702886
0 0.6454570104173044 0.4079926374387526 0.01125583498097189 0.008449536831702886
0 0.7152774204934166 0.37260189803268345 0.024201503954332716 0.02011507892507769
0 0.6732756042955248 0.4564910506211671 0.011319501977166269 0.010012036831702886
0 0.7960657999606313 0.5871656559957784 0.012945668973360825 0.011665542093374804
0 0.5137480484777566 0.5965608557275471 0.017696835969555024 0.013501057878390376
0 0.4994653725843136 0.5535388978209219 0.006504667984777513 0.006614021046687313