1 0.603125 0.47109375 0.1015625 0.05
1 0.56328125 0.5359375 0.07890625 0.053125
0 0.48828125 0.57265625 0.01015625 0.00703125
0 0.475 0.37109375 0.00703125 0.00703125
1 0.84140625 0.4890625 0.0375 0.021875
1 0.83359375 0.5234375 0.02265625 0.021875
1 0.8375 0.559375 0.0390625 0.0359375
0 0.58125 0.8765625 0.01171875 0.00859375
1 0.28515625 0.73984375 0.02421875 0.01953125
1 0.215625 0.47109375 0.08984375 0.0703125
0 0.34375 0.5015625 0.00625 0.0046875
0 0.43828125 0.4875 0.0046875 0.0046875
0 0.3 0.37109375 0.0078125 0.0078125