0 0.5879997954497523 0.6899497008967997 0.017596603084255057 0.02373750892845372
0 0.41407532588856155 0.6203071769508123 0.0128545560063543 0.020530688311602673
0 0.48031220616521486 0.5199020280064726 0.011182961850553142 0.014253414772652384
0 0.4979769930968459 0.5469457690780187 0.008003414772652383 0.011073867694751627
0 0.5449848120921391 0.2851082422926575 0.012772735389503253 0.015843188311602675
0 0.527224567774182 0.2525957512211113 0.014362508928453721 0.017432961850553052
0 0.5526552159077428 0.1872883510589555 0.012800008928453722 0.01740568831160272
0 0.7390027824608134 0.968649625004943 0.019186376623205346 0.025327282467404188
0 0.5292155361175568 0.3666582512211113 0.008003414772652383 0.011073867694751716
0 0.5113928364418683 0.42011053368851536 0.011128414772652384 0.011128414772652384
0 0.44273256533855 0.33690829586337995 0.0064136412337020944 0.009484094155801337
0 0.4417740373353728 0.32676568263285516 0.008030688311602674 0.012636367694751715