1 0.48046875 0.6234375 0.16640625 0.11484375
2 0.55703125 0.8796875 0.04296875 0.05546875
1 0.5796875 0.78671875 0.0140625 0.0578125
1 0.7875 0.62265625 0.0234375 0.0203125
1 0.70390625 0.465625 0.07265625 0.0296875
1 0.7015625 0.4296875 0.02109375 0.0171875
2 0.7125 0.4515625 0.0546875 0.046875
2 0.7828125 0.375 0.0171875 0.00859375
2 0.80078125 0.65078125 0.021875 0.046875
2 0.8453125 0.425 0.04921875 0.084375
2 0.8921875 0.4453125 0.01484375 0.02109375
2 0.93046875 0.47265625 0.01875 0.01015625