1 0.5708986814130872 0.6006287004161811 0.033703385343726744 0.07732621941479181
1 0.5546384294239048 0.6799161569131948 0.025218176002545434 0.019331881458888846
1 0.5519765060868597 0.652517855526424 0.014335220003181704 0.023764808320624907
1 0.6017310580839961 0.6325878684442019 0.023982940006363408 0.04742051386770836
2 0.5723253687539506 0.6561156342117713 0.05085452267663584 0.07460126291777787
1 0.4446174447405875 0.5547323593261462 0.08061474801081765 0.08154224715020852
1 0.4901833887253154 0.4433233870615629 0.06544428134945371 0.12024107123840296
1 0.3588703014003606 0.5019690756068058 0.0705488573360908 0.021949041603125073
1 0.32030778807286026 0.5440286358272919 0.02881589067472685 0.06002961664124999
1 0.37176919605345204 0.40229638392743083 0.02541817067154515 0.03651938145888885
1 0.3986402313812706 0.3623078167730906 0.02705339600572696 0.04280574905006951
1 0.41899763737268003 0.29951752925402814 0.030232940006363406 0.04756598423243066
1 0.52673631735359 0.1614382606366671 0.03339430267345413 0.05076371941479172
1 0.4815521813733163 0.30565973290125037 0.12589198002863497 0.213810539703264
0 0.47907207137172547 0.2938864315144795 0.0031977253341818113 0.00632273518236115
0 0.5750658240372255 0.2875292883720838 0.006304544000636269 0.0048329703647222114
0 0.572967522040089 0.308568486985313 0.0047602253341818114 0.006359102773541636
2 0.3979686167249973 0.4388339491819101 0.08909995735199913 0.13953658510611114
2 0.5732300566915898 0.19688610457649353 0.10296246268299925 0.12267639342673622
0 0.6490663980346802 0.27050674895316024 0.0047602253341818114 0.006359102773541636
0 0.7699345233927246 0.45530193588288254 0.011101132001908987 0.014317073138263936
0 0.7909224694461766 0.8494337955902784 0.009484088001272716 0.009593205547083272