0 0.61328125 0.4578125 0.01796875 0.0140625
0 0.22421875 0.51796875 0.01171875 0.009375
0 0.18515625 0.52890625 0.01171875 0.009375
0 0.2359375 0.5375 0.0109375 0.00859375
1 0.47421875 0.640625 0.3703125 0.15
1 0.409375 0.48203125 0.46640625 0.20234375
0 0.7359375 0.5796875 0.01640625 0.0078125
0 0.71796875 0.60546875 0.0203125 0.01328125
0 0.81328125 0.5765625 0.0109375 0.00859375
2 0.7921875 0.6734375 0.10390625 0.08359375
1 0.54609375 0.2546875 0.26171875 0.0921875
2 0.5234375 0.5484375 0.1171875 0.07578125