2 0.3083977504502259 0.8666145480084163 0.1521091338757694 0.13476192431676956
2 0.5059001922187685 0.8119741441100666 0.14931832654882307 0.1112698606144388
2 0.4058359944573321 0.9187821940173995 0.058624727498762755 0.04727679328391084
2 0.1599060187675916 0.9305009771345091 0.17589411465389254 0.05293157095872516
0 0.4492241463117829 0.8804810966498046 0.01940509724103805 0.013154764427970278
0 0.34421574174379865 0.8481448010036411 0.03543953301668683 0.021512901451278665
2 0.19392473541222058 0.6835515660645836 0.06512038896415202 0.05218254809323426
0 0.27740562075832803 0.6336755624363866 0.027545145861556986 0.01967758293962447
0 0.19772476481086274 0.6067162475529292 0.024256371551297472 0.016443455534962938
0 0.2857703194242755 0.5543328028177397 0.024256371551297562 0.016443455534962938
0 0.20457455110690984 0.4984672379342824 0.017760710085908293 0.01153770072563951
0 0.2670468956344144 0.4360193124363866 0.01134693577564878 0.008194445916316084
0 0.3434522653766896 0.40047862731984374 0.017760710085908293 0.01153770072563951
0 0.26619372455808676 0.3898709987340556 0.014635710085908294 0.011428573320977709
0 0.5572568950685876 0.6270336597191634 0.020967597241038048 0.013209328130301045
0 0.5724580919255128 0.49892601788653135 0.017760710085908293 0.01153770072563951
0 0.5933128245126582 0.46375984420273386 0.02918953301668683 0.021294646641955416
0 0.4937001696059896 0.20582334783093098 0.021131371551297563 0.016334328130301133