2 0.43370513243296427 0.25504486261772763 0.04865767589344294 0.04620661465389251
2 0.3609096195813831 0.1904224406368888 0.1606085306460784 0.1534193283578454
0 0.3943322732317046 0.1305870952048731 0.006377333992388756 0.0034525486205190248
0 0.48938478806045216 0.20573093735752845 0.008003500988583313 0.005096935775648781
0 0.6241855523949082 0.2806191519659925 0.017633168973360824 0.011838258706427318
0 0.6296715484405755 0.2621967005865115 0.011255834980972068 0.008385710085908294
0 0.5808904916342241 0.385152843734535 0.014508168973360824 0.011674484396167806
0 0.5561398424325269 0.4664913749421995 0.009629667984777513 0.006741322930778537
0 0.6007374180219587 0.4321882960185272 0.006377333992388756 0.0034525486205190248
0 0.6779511754363325 0.47131607304232015 0.020821835969555023 0.013564533016686652
0 0.6841547544858054 0.451372065240404 0.008130834980972067 0.008221935775648781
0 0.7063361606075848 0.40264131614491516 0.008130834980972067 0.008221935775648781
0 0.7177604333449977 0.510822308342999 0.017696835969555024 0.013400758706427141
0 0.7913690296946763 0.5762669239014028 0.017633168973360824 0.011838258706427318
0 0.45587590418179413 0.35911156490171975 0.038582338935304605 0.028527791723113972
0 0.4847158285923624 0.39726334011649045 0.03552100593149898 0.02992651741285455
0 0.4951095005314727 0.42275466304726894 0.014508168973360824 0.011674484396167806
0 0.4335472594287212 0.461625733264514 0.03057883794672147 0.023430855947465367
0 0.4934780163488034 0.49750900158187966 0.014508168973360824 0.011674484396167806
0 0.5416754358164557 0.5132878098133371 0.019195668973360825 0.011920145861557074
0 0.5742624427365379 0.5477380529159321 0.012818334980971891 0.00846759724103805
0 0.5822632851318839 0.5910343515364511 0.012945668973360825 0.01159259724103805
0 0.49154278463759216 0.5839411465389256 0.04027217292769336 0.03173467887824373
0 0.4314992811775511 0.5644231846439951 0.04027217292769336 0.03173467887824373
0 0.39454310923844077 0.5375397800760107 0.0354573389353046 0.028364017412854638
0 0.41530393680503896 0.5113424502478272 0.02088550296574958 0.015127033016686654
0 0.41063368285070617 0.49238773236000277 0.027326503954332716 0.020142081637205676
0 0.40289943729933053 0.5130311030067892 0.008067167984777513 0.006659435775648781
0 0.3770717663488034 0.4914084085247132 0.008130834980971979 0.008221935775648781
0 0.3801928132693232 0.31928442503305654 0.024074169961943958 0.016853307326946253
0 0.3772680845238614 0.4196971828349726 0.038327670950527096 0.02227779172311415
0 0.29286125102576427 0.4144940264579661 0.024074169961943958 0.016853307326946166
0 0.31127035281265014 0.5027719544316988 0.017633168973360737 0.011838258706427318
0 0.5573441981737455 0.57257760063194 0.03057883794672165 0.02343085594746519
0 0.6338523014435061 0.6709166033454734 0.012818334980972068 0.00846759724103805
0 0.5471136468046014 0.7232802855030777 0.024201503954332716 0.019978307326946165
0 0.6451492401885304 0.7759725955435574 0.03207767095052709 0.021950243102595125
0 0.6133235786295435 0.7984717152858326 0.024201503954332716 0.019978307326946342
0 0.6456678464240405 0.8843616276557331 0.030451503954332715 0.020305855947465545
0 0.7144391151699399 0.5823697597224801 0.020758168973360823 0.012002033016686653
0 0.6966998113293379 0.7209852023955338 0.02432883794672147 0.02310330732694634
0 0.7753115840667508 0.832687342264197 0.009693334980972069 0.008303822930778536
0 0.45478422535978275 0.6958336369279872 0.024074169961943958 0.016853307326946166
0 0.40844773623419767 0.7448576351189649 0.03370383794672147 0.0235946302577247
0 0.3643939887056556 0.754242601197767 0.03370383794672147 0.0235946302577247
0 0.3526314763483659 0.6951575282669884 0.03689250494291585 0.025320904567984213
0 0.30973436912427255 0.5798700429663095 0.009693334980971979 0.008303822930778536
0 0.29302968878220526 0.5142893085701417 0.008003500988583134 0.005096935775648603
0 0.37705452030313613 0.5101174649471483 0.020821835969555114 0.013564533016686831
0 0.3995516028126501 0.5073985786965297 0.0032523339923887563 0.0032887743102595125