2 0.63125 0.46953125 0.07109375 0.0828125
0 0.56640625 0.4984375 0.01484375 0.025
0 0.559375 0.525 0.01484375 0.02578125
0 0.5484375 0.3921875 0.0109375 0.0171875
0 0.55859375 0.32578125 0.01015625 0.01171875
0 0.534375 0.3359375 0.00859375 0.01484375
0 0.46171875 0.36328125 0.00859375 0.01328125
0 0.45390625 0.4015625 0.0078125 0.01015625
0 0.4375 0.415625 0.0203125 0.03984375
0 0.4390625 0.46640625 0.01875 0.028125
0 0.37734375 0.47109375 0.00859375 0.0171875
0 0.29453125 0.31953125 0.009375 0.01640625
0 0.27265625 0.26796875 0.00859375 0.01484375
0 0.44453125 0.275 0.00625 0.00703125