0 0.403125 0.51484375 0.00703125 0.00859375
0 0.28125 0.975 0.0125 0.0140625
0 0.725 0.68515625 0.01875 0.0203125
0 0.6171875 0.60703125 0.0140625 0.0234375
0 0.64296875 0.30078125 0.0078125 0.009375
0 0.77578125 0.59765625 0.0171875 0.01171875
0 0.7890625 0.6421875 0.01484375 0.01328125
0 0.62109375 0.79453125 0.01171875 0.01796875
0 0.665625 0.74375 0.009375 0.01015625
0 0.696875 0.75546875 0.0140625 0.0203125
0 0.328125 0.6296875 0.01015625 0.0140625
0 0.4875 0.49140625 0.01015625 0.01796875
0 0.47890625 0.5640625 0.0046875 0.00703125