1 0.4933158373647258 0.23981389123040672 0.05866702267663584 0.0744466209411625
1 0.3999016446928624 0.19990986566286154 0.060138616008908664 0.06666139448011292
1 0.39742153469127156 0.18815020535443602 0.06822383601209037 0.09023526217486459
2 0.5747101933481812 0.11938438879477475 0.06769657733927233 0.04492276217486459
1 0.8550714973742709 0.31642657872793534 0.04611247867599957 0.06954093262955982
0 0.8311885547024074 0.27773622564368017 0.017442038669636162 0.02217500892845372
0 0.7963772026973167 0.23963620778677272 0.012663632001909165 0.014280688311602674
2 0.9260732460216353 0.4395697982891261 0.1478535079567294 0.2120205332781829
0 0.7430902127227702 0.42616799715403564 0.00792158800127254 0.009511367694751627
0 0.7360226000556793 0.4229202662287591 0.007903406667727353 0.007948867694751626
0 0.25073163208145083 0.604254672076253 0.014262494668999893 0.017432961850553142