0 0.6309115871028814 0.5551367245688338 0.030414851823611144 0.03263271753501122
0 0.6739381545415621 0.3830048593911874 0.016061411094166544 0.019477746071058632
0 0.5171406810427078 0.5143919081911144 0.019295513867708357 0.02431079528527036
0 0.4745537907501037 0.4999869598865255 0.02405574905006951 0.02765411910658777
0 0.4734452324294788 0.5140858471900783 0.01922277868534721 0.02118579528527036
0 0.4913243698722912 0.4500404638154668 0.008030705547083272 0.009738873035529316
0 0.4996278323532287 0.4285828407799375 0.022747822188333443 0.038518844499482084
0 0.5148352582650343 0.4122664820124319 0.014498911094166544 0.01940497146395277
0 0.5266806416237844 0.439809285155585 0.025872822188333443 0.03866439371369381
0 0.5495550971708676 0.42937905335255006 0.025872822188333443 0.03866439371369381
0 0.184199588052812 0.6024763748975561 0.019259146276527785 0.022748295285270358
0 0.332838416225069 0.5198543118296055 0.017623911094166722 0.019550520678164318
0 0.38947158235322876 0.4337134505809005 0.009629573138263936 0.011374147642635179
0 0.4459222573151038 0.3889424520286425 0.008139808320625086 0.014426373035529317
0 0.46527166935920106 0.39584526943981935 0.008067073138263936 0.011301373035529316
0 0.5621297919843747 0.324999768406362 0.02896145459715278 0.03724744292790545
0 0.5403457109623261 0.32211236290584405 0.008067073138263936 0.011301373035529316
0 0.57744566745934 0.3375532723353035 0.012900043502986059 0.017769696856846907