0 0.645678649228232 0.8085294679993661 0.0221113573360908 0.021458920171816588
0 0.6438439765675046 0.7646566372666713 0.0221113573360908 0.021458920171816588
0 0.452646264560823 0.8038851543408416 0.031504538669636165 0.023512743102595123
0 0.36674457988545983 0.8634848043862702 0.015770450668363623 0.013318871551297563
0 0.5602758565404604 0.9596172551999242 0.012627269334818081 0.01159259724103805
0 0.5810605238701878 0.987285231794176 0.012663632001908986 0.01471759724103805
0 0.5868950899109132 0.6874080625268706 0.012645450668363622 0.01315509724103805
0 0.5888848512492311 0.6507711996820003 0.01736931333545435 0.01652575870642714
0 0.4886848565802312 0.6627179217536963 0.020494313335454352 0.01668953301668665
0 0.4275104519016864 0.7470652662812007 0.014207950668363622 0.013236984396167628
0 0.3154002558880052 0.8420325282669884 0.02049431333545453 0.01668953301668665
0 0.5881950552594125 0.5756893125268705 0.017405676002545258 0.01965075870642714
0 0.4145570132479584 0.6510157818850331 0.01893181333545435 0.016607645861557073
0 0.3675007472549582 0.5969557236535756 0.015770450668363533 0.013318871551297563
0 0.2752228879296851 0.5327084379233554 0.0221113573360908 0.021458920171816588
0 0.28823251261141164 0.42238509158682847 0.022093176002545345 0.019896420171816587
0 0.28350010662000213 0.3588172365438743 0.0252363573360908 0.02162269448207601
0 0.4865405539067771 0.7126360345985665 0.026780676002545432 0.020142081637205676
0 0.4660382445894581 0.5935208644267499 0.015788632001908987 0.014881371551297562
0 0.4618416405951852 0.5510877029613607 0.014207950668363622 0.013236984396167628
0 0.42332512794400257 0.43493708050555197 0.0252363573360908 0.0216226944820761
0 0.3019415712921837 0.3191339388278665 0.0252363573360908 0.02162269448207601
0 0.22670521395609294 0.3355158553816384 0.015861357336090797 0.021131371551297563
0 0.23577058394336622 0.42979812188998173 0.01893181333545444 0.016607645861557073
0 0.4322841466422738 0.20245212912607102 0.0221113573360908 0.021458920171816498
0 0.49537810988227815 0.8936779946844748 0.023710220003181702 0.02466580732694652
0 0.4788831425843674 0.6317169052453528 0.01894999466899989 0.018170145861557074
0 0.5392313912715029 0.4840064235627185 0.012663632001908986 0.01471759724103805