0 0.7746856701783171 0.7992661391610706 0.03383134449948209 0.023403266749223127
0 0.47567662778853104 0.6559334003287223 0.024383569892376045 0.021404119106587773
0 0.5172305810555187 0.6945079028099217 0.014717471463952591 0.014717471463952591
0 0.32153912965055786 0.44295174917143054 0.024456344499481995 0.02296661910658777
0 0.2860960893276863 0.502106271297337 0.022821069892376134 0.021331344499482086
0 0.28654339143738217 0.39454848242220747 0.021258569892376133 0.021258569892376133
0 0.33028908333183027 0.32954422063538324 0.03383134449948209 0.02340326674922295
0 0.3899316029765374 0.25436659222317043 0.02096747146395277 0.015008569892376134
0 0.48362594499482003 0.2408007059530748 0.017696922249741044 0.011738020678164407
2 0.5358048751024439 0.22296254259467396 0.23158825599585597 0.18540676881613755
2 0.34608524958571524 0.16657333974197103 0.04342466832079959 0.02852741439185813
2 0.14037890508623324 0.13516486621110374 0.25592897642635143 0.10546671174404305
2 0.02809507485477487 0.10109161910658786 0.04847604135632886 0.03655823821317572
2 0.21535748035529284 0.08798595926284367 0.09335189371369372 0.029293701819245576