0 0.2516604737400411 0.24279502069628128 0.03367631802583091 0.030260244317957152
0 0.30084446832976475 0.3523024342511177 0.02287521034569906 0.03475682954530477
0 0.3993010372135256 0.4876826010523649 0.07226745658477522 0.06841480925276536
0 0.5386530422280904 0.5338872195578955 0.02443771034569906 0.03478410308425506
0 0.5937614617323541 0.923327594963285 0.021085389812585474 0.0269170560063543
0 0.7164775477048739 0.8965486810014115 0.014608069279472247 0.01899546185055314
0 0.6595228540522223 0.9197855835991993 0.014517141066226813 0.01587046185055314
0 0.8634434759181193 0.8959873936627435 0.030869566772189928 0.0411431972400564
0 0.9252244103995707 0.9486544719902323 0.016216033386094963 0.020585235389503253
0 0.9680520710618389 0.7930726736945155 0.020523100158284534 0.06126478246740419
0 0.5709246699664822 0.7142292844927037 0.028852425705962935 0.025490923701106106
0 0.4641230890085275 0.7850582073830308 0.01961381802583091 0.03001478246740419
0 0.4579509600164946 0.5942286558409033 0.06610838479802066 0.07143071509696383