2 0.3567765109603439 0.385342310791924 0.17605575973923263 0.156056570958725
2 0.27504922402871296 0.4098487482707195 0.020748876623205438 0.025709328130301225
2 0.5349696948077197 0.38765632285764157 0.03891822402541756 0.08255952885594056
2 0.5918742597425279 0.3521206161415523 0.04174321509696384 0.06548115626060227
2 0.6412258287378212 0.6149405638719669 0.14639553327818292 0.1565823606144388
2 0.5764133064166869 0.6556722020764019 0.027026150162155815 0.02749008293962447
0 0.5739952386392095 0.43592269726707833 0.0063863676947516265 0.008030754809323425
0 0.5897662889635211 0.3833160524392215 0.0031795470779007575 0.003234127404661713
0 0.6086060178602027 0.46840038056952266 0.004769320616851047 0.004851191106992658
0 0.5801304159937637 0.5322892657787326 0.0031795470779005797 0.003234127404661713
0 0.5685247142894803 0.5701885698624167 0.004769320616851047 0.004851191106992658
0 0.6730873035740178 0.4018602105139223 0.004796594155801514 0.006413691106992659
0 0.5009514306042602 0.5451587988110245 0.0031795470779005797 0.003234127404661713
0 0.5068099184293956 0.6125918354715133 0.0031795470779005797 0.003234127404661713
0 0.45125539367262935 0.5707837921876024 0.0031795470779005797 0.003234127404661713
2 0.44807762094445786 0.43934281922944446 0.01597955600635448 0.020858137023308566
0 0.5245328011383859 0.31380959509016015 0.0063863676947516265 0.008030754809323425
2 0.5068037844992943 0.38901792621568615 0.014417056006354479 0.02080357332097771
0 0.47749811404459896 0.36610621587139985 0.0031795470779005797 0.003234127404661713
0 0.41671279829901203 0.5343998588851582 0.0031795470779005797 0.003234127404661713