0 0.5759430036944166 0.4056359305757244 0.012772784639736124 0.010030097241038049
0 0.5664005191338229 0.42726194708406784 0.011164820533113406 0.008385710085908294
0 0.6422272332404455 0.4248529200602748 0.02393760517284953 0.018415807326946164
0 0.64722462179939 0.4621482021724505 0.02076714106622681 0.01668953301668665
0 0.6677213267348125 0.38674208842306906 0.017596676959604096 0.014963258706427318
0 0.7053122549480579 0.38790179669995506 0.009556856426490689 0.006741322930778537
0 0.6891166051063425 0.4497809989839472 0.00794889231986815 0.005096935775648781
0 0.6862750984424248 0.3521247489839472 0.01598871285298138 0.013318871551297563
0 0.590303368896396 0.33446361544686204 0.014380748746358663 0.011674484396167806
0 0.5791505717202476 0.43520059984302983 0.020721676959604095 0.015127033016686654
2 0.6441691326199426 0.679827025103229 0.6165536318285199 0.43950282903521404
0 0.04163253668480014 0.3014053697422752 0.02076714106622681 0.01668953301668674
0 0.4672559769722394 0.48879366858993684 0.057568459092057725 0.048260437584671044
0 0.47079250244077553 0.4221008135469827 0.014426212852981379 0.013236984396167628
0 0.4635566639609734 0.4154380557450666 0.012772784639736124 0.010030097241038049