1 0.4404712988110244 0.5076973078689634 0.06264882213985139 0.0940954336450254
1 0.4883383691367772 0.5582103922761147 0.059613102176918176 0.05189884328594587
1 0.5809698132389947 0.5256337207313375 0.031324411069925694 0.0470477168225127
1 0.5475571125133553 0.5086371182720095 0.07630952885594056 0.03793633723582168
1 0.5131077014434295 0.46195301581268156 0.022638891832631992 0.02200226502711473
1 0.500287753713015 0.40811039832623897 0.028035719962933036 0.04234203610435365
1 0.45812753556418057 0.40913708802138854 0.019786710344286362 0.02979658430895533
1 0.4207093811176768 0.41169900663929937 0.10603672359113023 0.12871587334017515
1 0.3570164141499686 0.3331472806434045 0.019895837748947987 0.03292158430895533
2 0.3522842741314351 0.3542728469001831 0.05051092068857255 0.059656801131468117
2 0.5068949069783925 0.48543142242853976 0.08268850362819702 0.08640110831306061
2 0.4256325272114781 0.6421859373574585 0.035739092558271325 0.03926248789975162
1 0.41683788056952265 0.6141063891528568 0.015372028855940556 0.03758181323171659