1 0.5027181951985258 0.4276775718379623 0.07763890507947586 0.12159435633066593
1 0.5656522156169459 0.48123321997152313 0.07520338584218215 0.09656708279171564
0 0.589104584584087 0.5698320698093674 0.009811509618646852 0.012663641233702094
0 0.36637641271438814 0.5534196858792659 0.00813988221398514 0.009511367694751627
1 0.572658706083117 0.16880140381889905 0.03277778366526398 0.04429547077900677
1 0.6088863827621394 0.18222297565356604 0.02910714664195524 0.028615923701106105
1 0.6494568190598085 0.18307636364085722 0.04862103847458741 0.050818206168510204
0 0.9408233412075091 0.5145040470844913 0.01142857332097762 0.014253414772652384
1 0.7279487966576539 0.8195984703785602 0.026036710344286184 0.03012387662320535
1 0.42068936816453306 0.853850334012827 0.09606152286549072 0.11254663879807011
0 0.4816318465649866 0.7184934866106147 0.008085318511654194 0.007948867694751626
0 0.4861507101746502 0.6114485998411394 0.008085318511654194 0.007948867694751626
0 0.32922360917885835 0.7453577698887976 0.011319445916315996 0.011128414772652384