0 0.546875 0.6234375 0.01640625 0.028125
0 0.55859375 0.50703125 0.00859375 0.01171875
0 0.38203125 0.415625 0.00703125 0.01015625
0 0.29375 0.6359375 0.01328125 0.02265625
0 0.3515625 0.6640625 0.01015625 0.015625
0 0.21484375 0.578125 0.01484375 0.03046875
0 0.23984375 0.52890625 0.015625 0.01328125
0 0.275 0.528125 0.0109375 0.0140625
0 0.7328125 0.43671875 0.009375 0.0140625
0 0.77421875 0.52890625 0.00703125 0.0125
0 0.46328125 0.56328125 0.00390625 0.00703125
0 0.49453125 0.57265625 0.0296875 0.04375
0 0.55078125 0.40625 0.00546875 0.00859375
0 0.534375 0.42734375 0.00546875 0.00859375
0 0.5265625 0.47734375 0.0109375 0.01484375
0 0.49296875 0.4828125 0.003125 0.00546875
0 0.3859375 0.47109375 0.0046875 0.00625
0 0.365625 0.4515625 0.0046875 0.00625