1 0.4440585738983257 0.18257088339431538 0.05582410266556703 0.039698846674090585
2 0.5551551982715051 0.17839300807604194 0.08426735141192587 0.050963610677908555
2 0.40369799835064735 0.1461515780553611 0.0454321719450391 0.05832157733927246
1 0.4117234470178639 0.16578282538986105 0.06042067445232178 0.03662839067472694
1 0.846895102732074 0.4389059834499946 0.05100021034569906 0.034956802673454135
0 0.3619912538274307 0.5051629513844522 0.008039820533113407 0.007903406667727176
0 0.569941179995612 0.7983060660804963 0.012818248746358663 0.011082950668363623
2 0.6051452426111666 0.877648668085587 0.028761497492717503 0.022202264003817973
0 0.17367552922945975 0.10127324069063526 0.011255748746358752 0.011064769334818125
0 0.41529209857543903 0.5534555480585428 0.009693248746358662 0.011046588001272718
0 0.5416643819615338 0.5346066454089511 0.008085284639736123 0.009465906667727352