1 0.21345493532216414 0.48472095452587266 0.12123301285158128 0.06162836729005079
1 0.3846640904553605 0.4310424843837102 0.1448615138401645 0.06645222267624522
0 0.49523683452386147 0.4035674450579029 0.009629667984777513 0.006304542154477666
0 0.49782066505620914 0.3903043757760621 0.009629667984777513 0.006304542154477666
0 0.5093019931170988 0.365377098648699 0.008067167984777513 0.006295451795398055
0 0.5211799106075847 0.3693515263417962 0.012882001977166269 0.009447722872636889
0 0.5495887534972221 0.4148185624461497 0.012882001977166269 0.009447722872636889
0 0.5665414901513494 0.35165094193464486 0.012882001977166269 0.009447722872636889
0 0.6276965074515548 0.4340185352205907 0.011192167984777512 0.0063136325135573655
0 0.6061889219762913 0.42373956537301594 0.0032523339923887563 0.003143180718159222
0 0.6264178503411922 0.4793128545024315 0.015879667984777513 0.00634090359079611
0 0.46965585577839963 0.5041759782353901 0.0032523339923887563 0.003143180718159222
1 0.6466295326604258 0.5536315984523072 0.06188718775644109 0.10033634328594587
1 0.7876153355124446 0.40995484220579137 0.039410009885831696 0.04709316861791084
0 0.7226243468811511 0.4634702067653678 0.006377333992388756 0.0031613614363184437
0 0.7591812707974277 0.49804973984465917 0.0032523339923887563 0.003143180718159222
0 0.7598232579458465 0.4371304205628184 0.004814833992388756 0.0031522710772389217
0 0.6994149985543062 0.39225828209733277 0.012882001977166269 0.009447722872636889
0 0.6790215855124446 0.4093230622497579 0.012882001977166269 0.009447722872636889
0 0.7303294175276671 0.40337304409938535 0.0032523339923887563 0.003143180718159222
0 0.7357172544858053 0.42058781517662414 0.0032523339923887563 0.003143180718159222
0 0.8127400109115961 0.4514974475919856 0.006441000988583312 0.004723861436318444
0 0.813732166539084 0.39917187831014483 0.006377333992389112 0.0031613614363184437
0 0.8806450939154015 0.450330378211949 0.004814833992389111 0.0031522710772389217
0 0.7817274328507062 0.47631109523085347 0.0032523339923887563 0.003143180718159222