2 0.2745822810660079 0.6499695113022572 0.3496338103407547 0.6887417237831948
0 0.2336136546389047 0.06252275626826409 0.014699169961943958 0.015952308320624997
0 0.23006023171121132 0.09215570488149324 0.012818334980971891 0.008103440729444467
0 0.26934556619789163 0.08759614466100717 0.00813083498097189 0.007994337955902786
0 0.2774127341826692 0.08152798261690997 0.01125583498097189 0.008067073138263891
0 0.2468458250951402 0.044844946997708544 0.006441000988583134 0.004832970364722233
0 0.25995332015222433 0.06860975531833355 0.006504667984777601 0.006395470364722234
0 0.263149962928131 0.1820728432742363 0.03414950692008221 0.03357621941479172
0 0.24475013140720012 0.17304268218006963 0.00969333498097189 0.00803070554708336
0 0.30157313437294964 0.1602894154625697 0.01125583498097189 0.008067073138263891
0 0.31234880828922623 0.12613262100965303 0.004814833992388756 0.003234102773541636
0 0.35988038289007485 0.16868445013184058 0.024265170950527094 0.020858013867708358
0 0.36967453555181323 0.23538164086128505 0.02094916996194396 0.01609777868534721
0 0.3448681951336338 0.2684298769935767 0.01125583498097198 0.008067073138263936
0 0.324624679316303 0.3430298334905906 0.016070668973360736 0.011301175911805572
0 0.25383072376536486 0.525931946047778 0.011383168973360735 0.011192073138263935
0 0.46057547228249013 0.5377819018792017 0.017760502965749582 0.014462543502986236
0 0.49844022821398914 0.5105115402719449 0.012882001977166269 0.009665940729444423
0 0.3576640365032154 0.6260975598392364 0.012945668973360736 0.011228440729444423
0 0.4445353423209837 0.7587119977188893 0.008067167984777513 0.006431837955902786
0 0.27314582057215386 0.8579456654625698 0.014508168973360736 0.011264808320625264
0 0.36616099152268095 0.8397788533422226 0.05621550790866543 0.03877286569131968
0 0.2767244653252268 0.9620337534184724 0.029016337946721472 0.022529616641249816
0 0.29118743821355164 0.300024062689028 0.01125583498097189 0.008067073138263936