1 0.7108957788106608 0.591615726016576 0.08280459172016955 0.09284677956950453
0 0.8627683758091311 0.33355701530599013 0.009565914772652206 0.011374147642635179
0 0.7663667086008468 0.4099804282501062 0.007948867694751626 0.008176373035529316
0 0.7296712779998819 0.4578207688206469 0.007948867694751626 0.00817637303552914
1 0.6059667711000231 0.5378614873891154 0.038318206168510116 0.04862159057054054
1 0.7816543380634261 0.6586897560003653 0.054297762174864775 0.069661836641599
1 0.8443901172844193 0.624492384412578 0.055778441558013724 0.06504711124870503
0 0.7802594334370434 0.6235698933039181 0.0031795470779005797 0.0032705492142117267
1 0.5681570795420094 0.4770716906561031 0.11062958279171564 0.07696922249741008
0 0.4112169273479635 0.847957887098665 0.011128414772652384 0.01144692224974122
0 0.3557173551095547 0.5800105618296054 0.009565914772652385 0.011374147642635179
0 0.4210779334403387 0.15865779259918317 0.012745461850553141 0.014644696856846861
1 0.2871472183433748 0.10078113420318102 0.05281708279171564 0.07427656203449332
0 0.3578314598186629 0.38756835070473505 0.007976141233702095 0.009738873035529316
1 0.6712627142828897 0.3815707919800106 0.1220500982129911 0.19459337014004524
2 0.6053940267820659 0.5050489873891154 0.07175799756436803 0.08608735731976366
2 0.7460775279998819 0.4570566354460353 0.3433559025944925 0.44064654052775937
0 0.9466384098980931 0.6142568976471443 0.007976141233702095 0.009738873035529139