1 0.4953125 0.790625 0.05390625 0.10625
1 0.4484375 0.63203125 0.05703125 0.12734375
0 0.42578125 0.53046875 0.00546875 0.00859375
0 0.41328125 0.52734375 0.00625 0.0078125
0 0.38984375 0.515625 0.0046875 0.00703125
0 0.39375 0.50546875 0.00859375 0.01171875
0 0.43515625 0.48203125 0.0078125 0.01015625
0 0.37890625 0.4640625 0.00859375 0.0125
0 0.453125 0.41171875 0.00703125 0.01015625
0 0.44375 0.43125 0.00234375 0.003125
0 0.49453125 0.415625 0.00546875 0.0140625
0 0.515625 0.559375 0.00234375 0.003125
1 0.5625 0.40078125 0.0890625 0.0515625
1 0.43359375 0.26640625 0.0421875 0.03203125
0 0.48203125 0.32734375 0.003125 0.0046875
0 0.51328125 0.296875 0.00234375 0.00390625
0 0.4578125 0.29375 0.003125 0.0046875
0 0.41640625 0.3453125 0.00859375 0.01171875
0 0.43203125 0.36484375 0.00859375 0.01015625
0 0.42734375 0.31796875 0.0015625 0.003125
0 0.44296875 0.31328125 0.00234375 0.003125
0 0.471875 0.2453125 0.00390625 0.00546875
0 0.42421875 0.2421875 0.00390625 0.00625
0 0.47109375 0.18359375 0.00234375 0.0046875
0 0.49375 0.275 0.00234375 0.003125