0 0.53671875 0.6968702880728602 0.0171875 0.017387494668999894
1 0.5265625 0.6569083594048148 0.0703125 0.03050566000954511
1 0.45390625 0.7920004273949518 0.0671875 0.10703179734245402
0 0.43125 0.7972055480585427 0.0078125 0.009465906667727175
2 0.50078125 0.698014617401315 0.0578125 0.1022352093411815
0 0.47578125 0.648504966064588 0.0078125 0.009465906667727175
0 0.55859375 0.3838435767424965 0.0078125 0.009465906667727175
1 0.53359375 0.4069901754057694 0.0453125 0.06458975867281787
2 0.53828125 0.4031384694064057 0.01875 0.026780676002545432
1 0.5859375 0.39822425007954176 0.046875 0.05054544000636341
1 0.5015625 0.3894299580680878 0.034375 0.04414998933799978
2 0.51015625 0.3762487054025877 0.0359375 0.05510567067154515
1 0.65546875 0.6685645694223141 0.0203125 0.020548857336090798
1 0.9328125 0.08585425612663053 0.0078125 0.007903406667727219