1 0.73984375 0.57265625 0.1015625 0.0453125
1 0.63671875 0.73125 0.06640625 0.0328125
1 0.51640625 0.65859375 0.0546875 0.01796875
1 0.5171875 0.8125 0.0234375 0.0203125
1 0.27109375 0.64765625 0.146875 0.0359375
1 0.36953125 0.596875 0.02734375 0.01640625
2 0.3984375 0.61484375 0.128125 0.07109375
1 0.46015625 0.59609375 0.02265625 0.06015625
2 0.23203125 0.60625 0.11640625 0.09140625
1 0.29921875 0.4796875 0.0453125 0.0484375
0 0.4375 0.55859375 0.00703125 0.00625
0 0.41015625 0.56328125 0.00390625 0.003125
0 0.409375 0.5734375 0.00390625 0.003125
0 0.3453125 0.49375 0.0078125 0.00546875
0 0.353125 0.40234375 0.00859375 0.00625
0 0.22421875 0.4265625 0.009375 0.0078125
1 0.51875 0.3640625 0.02734375 0.021875
0 0.42890625 0.32109375 0.00859375 0.00625
1 0.64296875 0.946875 0.04140625 0.0640625
1 0.43125 0.69140625 0.04609375 0.01796875