0 0.55078125 0.49765625 0.00703125 0.01171875
0 0.759375 0.4125 0.015625 0.01796875
0 0.596875 0.65078125 0.0078125 0.01015625
0 0.61484375 0.58046875 0.01015625 0.01328125
2 0.63671875 0.64609375 0.08984375 0.07109375
0 0.390625 0.4921875 0.01171875 0.02109375
0 0.275 0.3265625 0.0109375 0.0171875
0 0.6625 0.39765625 0.0296875 0.046875
0 0.7625 0.61640625 0.0171875 0.02265625
0 0.86796875 0.540625 0.00859375 0.01484375
0 0.86171875 0.490625 0.00546875 0.00703125
0 0.1296875 0.9125 0.00859375 0.0109375
0 0.1125 0.94296875 0.0078125 0.01171875
0 0.2171875 0.8859375 0.0140625 0.03125
0 0.2109375 0.96796875 0.01015625 0.03203125
0 0.2203125 0.84609375 0.01171875 0.03125
0 0.19921875 0.79765625 0.009375 0.01796875
0 0.12578125 0.61640625 0.015625 0.03125
0 0.1140625 0.278125 0.00703125 0.01015625
0 0.21171875 0.11796875 0.01171875 0.01953125
0 0.14921875 0.0515625 0.00625 0.01015625