1 0.484375 0.50234375 0.0234375 0.01875
1 0.4078125 0.378125 0.09609375 0.06640625
1 0.33359375 0.446875 0.04375 0.046875
1 0.36640625 0.43671875 0.01640625 0.0125
1 0.328125 0.41484375 0.02109375 0.02265625
1 0.3515625 0.403125 0.0203125 0.0109375
1 0.3734375 0.41953125 0.0140625 0.0125
1 0.3921875 0.43125 0.01484375 0.00859375
1 0.48984375 0.4625 0.04140625 0.04140625
1 0.45390625 0.453125 0.04140625 0.0265625
1 0.49453125 0.62734375 0.028125 0.01171875
1 0.6625 0.54921875 0.19140625 0.103125
1 0.51875 0.36484375 0.02890625 0.02265625
1 0.57421875 0.3078125 0.09296875 0.0359375
1 0.63203125 0.31015625 0.01640625 0.015625
1 0.653125 0.3171875 0.01484375 0.0125
1 0.67421875 0.34765625 0.059375 0.040625
1 0.4796875 0.359375 0.0234375 0.05390625
1 0.36484375 0.3078125 0.05546875 0.0328125
1 0.4390625 0.2765625 0.0171875 0.01875
1 0.67734375 0.64765625 0.03984375 0.025
1 0.634375 0.63515625 0.0359375 0.01953125
1 0.58828125 0.7421875 0.03046875 0.01953125
1 0.646875 0.40859375 0.13671875 0.0734375
2 0.62890625 0.33359375 0.04140625 0.03203125
2 0.51875 0.69375 0.3625 0.47734375
2 0.77578125 0.73984375 0.028125 0.02890625
0 0.51640625 0.47578125 0.00546875 0.0046875
0 0.48359375 0.41015625 0.00625 0.00625
1 0.5578125 0.38515625 0.0265625 0.0171875
1 0.5375 0.409375 0.03046875 0.0140625
0 0.525 0.325 0.00546875 0.00390625
0 0.54921875 0.32109375 0.0046875 0.003125
0 0.43046875 0.2359375 0.0046875 0.00390625
0 0.47734375 0.19609375 0.003125 0.003125
0 0.46328125 0.14765625 0.0046875 0.003125
1 0.40390625 0.15625 0.05625 0.02265625
1 0.3453125 0.1859375 0.0359375 0.0265625
1 0.5765625 0.06328125 0.034375 0.028125
1 0.3671875 0.13046875 0.03828125 0.03203125
1 0.9421875 0.3296875 0.0203125 0.02578125
2 0.975 0.359375 0.04765625 0.03828125
1 0.55859375 0.57734375 0.03671875 0.01640625
1 0.50859375 0.571875 0.02890625 0.02578125
1 0.459375 0.55703125 0.0234375 0.01953125
1 0.76484375 0.565625 0.0265625 0.0328125
0 0.6140625 0.44140625 0.01171875 0.0078125