0 0.7804042294967619 0.22891854308191042 0.034012901451278846 0.03609463025772479
0 0.6620336862128511 0.29126913613907696 0.036755955534962935 0.025320904567984304
0 0.5152454770496913 0.4081368108334492 0.07287699400955017 0.07712242198083885
0 0.46394089347709444 0.559771231909777 0.036755955534962935 0.025320904567984213
0 0.04661449502104055 0.6526060215967261 0.03045139183263198 0.02343085594746519
0 0.07330842587641409 0.781437028494131 0.020912700725639423 0.01825203301668683
0 0.04962787841615204 0.7226319165537719 0.01767857332097771 0.01496325870642714
0 0.0701958056433285 0.9375641977614364 0.04484127404661713 0.033542840343633175
0 0.2703074553653268 0.6112496019907365 0.027599210344286272 0.03107958163720568
0 0.19691957378431385 0.5020217661696591 0.03195932813030113 0.021950243102595125
0 0.4012623334029607 0.4788354924252265 0.07578373920022674 0.07103619629109836