0 0.3821833244482022 0.54784200342286 0.02979658430895542 0.01995967292769336
0 0.5001475292686625 0.5422538952101835 0.014126132513557366 0.01151050296574958
0 0.572498731358648 0.3525427963890471 0.010982951795397966 0.008258168973360736
0 0.3408623910977643 0.29555926182581704 0.023519313231716587 0.015017504942915849
0 0.31934646028140923 0.3581693497725385 0.017251132513557366 0.011637836958138336
0 0.39036696652792513 0.20836566794759653 0.03292158430895542 0.020087006920082206
0 0.44204764119596013 0.22657715707318155 0.01572499394987581 0.01782416996194396
0 0.4469396742752515 0.26154240608459844 0.015697722872636887 0.013136669961943959
0 0.5901872428697212 0.7065936264271032 0.015688632513557364 0.01157416996194378
0 0.5029826795398089 0.7609402282139891 0.012545451795398144 0.008321835969555024
0 0.4332185836215844 0.4551159925484452 0.0062681807181594 0.0033796679847775124
0 0.4271549359827166 0.4874019105332227 0.04708407825883114 0.0378475098858317
0 0.6008196949597069 0.5193973739556453 0.009420451795397966 0.008194501977166268
0 0.5772958365484506 0.5055086288985612 0.009420451795397966 0.008194501977166268
0 0.5265054961893709 0.5060153062748789 0.01726022287263689 0.013200336958138336
0 0.5177208486486989 0.4735529747539481 0.0062681807181594 0.0033796679847775124
0 0.5170845235131258 0.364177974753948 0.006277271077238922 0.004942167984777512
0 0.5349260084860111 0.3415708042977125 0.006277271077238922 0.004942167984777512