1 0.1484375 0.4359375 0.0859375 0.0484375
2 0.021875 0.54140625 0.04375 0.0703125
2 0.078125 0.4796875 0.0703125 0.05703125
2 0.11875 0.43359375 0.04296875 0.034375
1 0.1421875 0.35703125 0.0484375 0.05390625
0 0.3671875 0.42109375 0.00859375 0.00546875
1 0.58046875 0.7609375 0.17890625 0.11015625
1 0.7390625 0.59375 0.05625 0.0328125
2 0.7875 0.64765625 0.10859375 0.14140625
1 0.74765625 0.8046875 0.0890625 0.04375
1 0.41875 0.06640625 0.11640625 0.05859375
0 0.62734375 0.18515625 0.31640625 0.228125
2 0.75390625 0.82734375 0.04375 0.03515625