0 0.49140625 0.57734375 0.0203125 0.0125
0 0.55 0.73828125 0.0125 0.0109375
0 0.49453125 0.53515625 0.021875 0.0125
0 0.23203125 0.5390625 0.009375 0.0078125
0 0.228125 0.515625 0.0109375 0.0078125
0 0.10859375 0.37578125 0.0125 0.0109375
0 0.1609375 0.38515625 0.009375 0.0078125
0 0.17890625 0.39453125 0.009375 0.0078125
0 0.15703125 0.3734375 0.0125 0.0109375
0 0.14765625 0.39609375 0.009375 0.0078125
0 0.11484375 0.44140625 0.009375 0.0078125
0 0.04453125 0.41484375 0.0125 0.0078125
0 0.4046875 0.2875 0.0125 0.0078125
0 0.503125 0.29296875 0.009375 0.0078125
0 0.63359375 0.2890625 0.009375 0.009375
0 0.60546875 0.36328125 0.009375 0.0078125
0 0.62734375 0.28125 0.009375 0.00625