1 0.8640625 0.637398027450631 0.0890625 0.06197383601209037
1 0.83125 0.6917037194461766 0.0765625 0.03682838534372675
2 0.88515625 0.6751434754534944 0.0703125 0.06800566000954511
2 0.740625 0.8508054521005409 0.0625 0.04760225334181811
1 0.715625 0.8411395507638136 0.2109375 0.11807948002863497
2 0.62109375 0.8087895800843142 0.090625 0.04949201734563573
1 0.5171875 0.8528930214035423 0.0453125 0.11771475867281786
2 0.56484375 0.9346766340308623 0.2203125 0.13064673193827545
2 0.27421875 0.6453783240372255 0.0671875 0.04609429734245403
1 0.36015625 0.409659547382225 0.00625 0.0031977253341818113
1 0.31484375 0.4263197887094071 0.078125 0.04465906667727211
1 0.234375 0.38866470003181675 0.0328125 0.03163180800445433
2 0.23203125 0.44098117803149856 0.1046875 0.0949681493475449
2 0.31015625 0.22939024470877079 0.046875 0.04742044000636332
1 0.3359375 0.2328152367122706 0.1109375 0.07004087468172662
2 0.73359375 0.21009863609958632 0.109375 0.09033519334818116