1 0.37421875 0.70390625 0.28203125 0.15703125
1 0.384375 0.59453125 0.234375 0.14609375
1 0.2640625 0.4875 0.13984375 0.0875
2 0.16015625 0.7609375 0.0890625 0.08828125
1 0.5015625 0.98046875 0.04140625 0.0203125
0 0.584375 0.64296875 0.00703125 0.00625
0 0.53515625 0.60546875 0.00703125 0.00703125
0 0.5359375 0.61796875 0.0078125 0.00625
0 0.5078125 0.6140625 0.009375 0.00703125
0 0.6109375 0.5390625 0.00703125 0.0046875
0 0.2515625 0.59609375 0.01171875 0.009375
0 0.18046875 0.68828125 0.01015625 0.00703125
2 0.309375 0.65 0.0796875 0.06015625
1 0.2484375 0.31015625 0.04921875 0.040625
0 0.365625 0.32578125 0.00625 0.00625