1 0.5073531495911434 0.750091703003074 0.13484639077317445 0.102966287293461
1 0.5216402996365719 0.6642806885751039 0.10122166327441154 0.05656251324684405
1 0.5426831399802049 0.7073759241471336 0.05533595318850324 0.044042665879248946
1 0.7048888116223594 0.5467409805930703 0.06528416327441153 0.05530754809323426
2 0.7538055099496226 0.24057033694633975 0.12087242198083885 0.07440477767481415
0 0.8321828154675467 0.21278758812746612 0.022857645861557075 0.01951389183263199
1 0.4056656603337355 0.39282732922660946 0.04497166327441171 0.054598219962933035
1 0.32817250339090204 0.5121527373013103 0.08024742198083885 0.07298612141421187
1 0.35753461329509617 0.8633332913849943 0.05730788896415202 0.051909729581580064
1 0.6210969877870698 0.5160118249654403 0.04456222749876275 0.046785719962933216
1 0.22565169097557308 0.572085787208643 0.12539614767057933 0.07144346878180681
1 0.335797974896771 0.612852141747814 0.05320024310259504 0.03305060217691817
1 0.344794516619885 0.6501066050873251 0.07244156603337357 0.043080366604888454
0 0.3788596573930594 0.7475346765942044 0.016607645861557073 0.019295637023308564
0 0.4401280280398458 0.7367856603521356 0.014635710085908115 0.01142857332097762
0 0.39893646200647226 0.6975247529104068 0.011428822930778538 0.009756945916316085
0 0.4393191225673503 0.6765475647986392 0.011428822930778538 0.009756945916316085
0 0.6155850514455941 0.7095262119887489 0.01471759724103805 0.01299107332097762
0 0.41664518317365695 0.5724602655242785 0.01134693577564878 0.008194445916316084
0 0.38904912765573296 0.5984696940173995 0.011428822930778538 0.009756945916316085
0 0.38637118498267925 0.6220436032732266 0.011510710085908293 0.011319445916316085
0 0.3300326537750148 0.6521874602594682 0.00978443577564878 0.00813988221398514
0 0.34820612166283915 0.6554662276826634 0.01134693577564878 0.008194445916315907
0 0.2074339574839165 0.5828968016366133 0.01471759724103805 0.01299107332097762
0 0.2552573038204433 0.5694865768643569 0.014799484396167805 0.01455357332097762
0 0.1134925277011615 0.522780246371803 0.01134693577564878 0.008194445916316084
0 0.18185078131920612 0.6174454164274034 0.017924484396167763 0.014662700725639511
0 0.09934921980838834 0.7009424519067657 0.016280097241038027 0.013045637023308566
0 0.26066185605900694 0.6726115768643568 0.01628009724103805 0.013045637023308566
0 0.6286737924004826 0.46643841090028965 0.01956887155129756 0.01627976442797028
0 0.3400450616223594 0.5594816050873251 0.01956887155129756 0.01627976442797028
0 0.36615386024287844 0.5648313039988659 0.011428822930778538 0.009756945916316085
0 0.7107415846894234 0.2999924661651 0.029517081637205678 0.02754464664195542
2 0.26169208955066353 0.6624007631620259 0.4799839868825586 0.5283234736759482
0 0.4141177267057933 0.6586433021847674 0.01956887155129756 0.01627976442797028