1 0.32416003278954414 0.43734190947513385 0.06799308344622812 0.07686402837152997
0 0.26645151062699124 0.7097457583797773 0.006741322930778537 0.009556856426490689
0 0.32958891847433586 0.6155805697416905 0.006577548620519025 0.0064318564264908675
0 0.3487206987774892 0.562600322248973 0.006577548620519025 0.00643185642649069
1 0.4348042836940554 0.45837817201154624 0.03173467887824373 0.03992631802583091
1 0.2398359424459111 0.39597877507282464 0.0436548247398008 0.05899456677218975
1 0.19373222636710902 0.44191941237812776 0.048014776119281864 0.05288095909205772
0 0.25162993554850616 0.42693325837977714 0.0032887743102595125 0.0032159282132454337
1 0.4880421483479479 0.503775588546309 0.09793288896415202 0.052773310503983595
0 0.5161273682719372 0.1289514332943173 0.009866322930778538 0.00964778463973608
0 0.6477369736535755 0.35594217913768217 0.008303822930778536 0.009602320533113407
0 0.7177550610565325 0.7513850597790677 0.010030097241038049 0.012772784639736124
1 0.8564014812283492 0.7692592183962718 0.040775486205190246 0.06359113855894431
0 0.7060861414505429 0.5287288097790677 0.006577548620519025 0.00643185642649069
1 0.4235436363621602 0.6167589733443297 0.09165631275401331 0.17115959765100222
2 0.44573513964152056 0.48779288737181015 0.05837242198083885 0.07190374373179384
2 0.33330041666531357 0.5669612133151999 0.2769740943003619 0.3731265775927424
0 0.1040865502023987 0.47817281261555455 0.006659435775648781 0.00799435642649069