0 0.61875 0.62109375 0.009375 0.0125
0 0.64921875 0.62421875 0.01484375 0.02109375
0 0.62109375 0.6671875 0.003125 0.00546875
0 0.58828125 0.55 0.00390625 0.00546875
0 0.63828125 0.54765625 0.003125 0.00546875
0 0.64140625 0.55546875 0.003125 0.0046875
0 0.56640625 0.4953125 0.0046875 0.009375
0 0.6015625 0.44375 0.0078125 0.01171875
0 0.57890625 0.43828125 0.00625 0.00859375
0 0.653125 0.125 0.01328125 0.02109375
0 0.71171875 0.075 0.0078125 0.01171875
0 0.3390625 0.2984375 0.003125 0.00546875
0 0.36171875 0.31484375 0.00703125 0.0125
0 0.37265625 0.30625 0.00390625 0.00703125