0 0.59921875 0.51796875 0.0171875 0.0234375
0 0.575 0.47421875 0.01875 0.03125
0 0.64765625 0.48515625 0.00859375 0.015625
0 0.7390625 0.4375 0.01015625 0.01328125
0 0.80859375 0.378125 0.015625 0.02265625
0 0.47109375 0.5484375 0.0109375 0.01640625
0 0.4546875 0.5359375 0.01015625 0.01328125
0 0.465625 0.60703125 0.0140625 0.021875
0 0.4453125 0.621875 0.009375 0.01328125
0 0.3453125 0.590625 0.0125 0.01640625
0 0.25546875 0.43828125 0.01171875 0.01875
0 0.29296875 0.48203125 0.0078125 0.0125
0 0.4203125 0.4484375 0.009375 0.0140625
0 0.32734375 0.396875 0.00859375 0.0125
0 0.52109375 0.36015625 0.01328125 0.0171875
0 0.4859375 0.4015625 0.0109375 0.0140625
0 0.54453125 0.4484375 0.00703125 0.009375
0 0.53828125 0.5015625 0.01328125 0.01328125
0 0.5359375 0.4625 0.00859375 0.0140625
0 0.51875 0.44609375 0.0046875 0.0078125
0 0.5265625 0.465625 0.00546875 0.00859375
0 0.4703125 0.396875 0.00625 0.00859375
0 0.45390625 0.32890625 0.0140625 0.01796875
0 0.51875 0.38125 0.00703125 0.00859375
0 0.659375 0.29921875 0.009375 0.009375
0 0.609375 0.54921875 0.009375 0.0140625
0 0.56875 0.55390625 0.0046875 0.00625