1 0.7384421091772811 0.8371483977931845 0.30353172249741006 0.12153539627312888
1 0.6729561962331652 0.7370091349416033 0.19967897642635143 0.10170837452429886
1 0.607470399085868 0.9214849526223698 0.12293669396136267 0.12821252471457925
1 0.7409742578533736 0.941740397298893 0.024529119106587772 0.02439250494291585
1 0.9086904507812792 0.9766459323935957 0.1002568651776464 0.04307352076024671
1 0.9313488548340552 0.9926039244477494 0.04607878742738762 0.014792151104501272
1 0.38249590032872227 0.46083265961900166 0.24499578453190338 0.17061488342154743
1 0.511004044042416 0.4910215198088446 0.20433224317557439 0.13464820851668763
1 0.6391996645967459 0.46427463049297907 0.12580482878371627 0.08934102570316256
1 0.7485425853987449 0.5350102362341976 0.12714900496239867 0.08471719269935693
1 0.787365336846487 0.48122866163334904 0.034922963606069855 0.046649506920082295
1 0.8199252797743923 0.5106270015572368 0.02689213978475209 0.04164367193911023
1 0.9099637748119935 0.43475952132890033 0.03107021753501158 0.03089717292769336
1 0.3666268436709125 0.3377625741437381 0.08187073821317573 0.050122016805913994
1 0.2732149838699495 0.22400913885875498 0.08906680810555186 0.0706891847906915
1 0.22474540467194845 0.28831437798434006 0.04505994292790536 0.029907675893442943
1 0.4280309164587727 0.24981158798390254 0.20684512117350257 0.22208454152049334
1 0.6014492615774273 0.5243380385919248 0.04960189371369381 0.026973676882026253
1 0.5149744524384181 0.3586228552841081 0.07478598428423418 0.06542868182494202
1 0.5807621182780183 0.34804745262236975 0.027945217535011224 0.030769838935304605
1 0.7435168294028889 0.36013757022658643 0.026455492142117086 0.032268671939110226
2 0.3517319753883849 0.9555111482502952 0.05309076674922295 0.03491351087441501
0 0.5315691011145105 0.46378785775556597 0.017915246071058634 0.016325336958138335
1 0.3917381596343472 0.37465507908665396 0.029216619106587773 0.024583505931498984
0 0.33886787075921776 0.3779591512160446 0.011301373035529316 0.008258168973360736
0 0.15570430624352505 0.27926303015178683 0.008176373035529271 0.00813083498097189
2 0.9691483378799444 0.5837673657014124 0.03866439371369381 0.02652800790866543
2 0.7430458327126577 0.3207713226980443 0.5139083345746845 0.32745110973273234