1 0.59453125 0.8828125 0.04140625 0.01796875
1 0.45390625 0.89375 0.03984375 0.015625
1 0.5640625 0.81015625 0.02265625 0.01171875
1 0.49140625 0.72890625 0.0171875 0.0359375
1 0.50703125 0.7421875 0.03515625 0.0109375
1 0.6828125 0.64765625 0.028125 0.01875
1 0.59453125 0.58828125 0.03984375 0.01328125
1 0.58984375 0.55703125 0.03046875 0.0125
1 0.309375 0.40546875 0.025 0.01484375
1 0.2921875 0.4125 0.0171875 0.01328125
1 0.28984375 0.42890625 0.03671875 0.0140625
0 0.52265625 0.70625 0.00703125 0.00390625
0 0.55546875 0.75 0.0078125 0.00625
0 0.46640625 0.78671875 0.00546875 0.0046875
1 0.51015625 0.48515625 0.0421875 0.01640625
1 0.590625 0.49765625 0.034375 0.01328125
1 0.32109375 0.3359375 0.0203125 0.01484375
2 0.4265625 0.9125 0.0625 0.04921875
0 0.5078125 0.85625 0.00703125 0.0046875
0 0.578125 0.81953125 0.00546875 0.0046875
0 0.62265625 0.821875 0.00546875 0.0046875
1 0.928125 0.6484375 0.040625 0.0171875
1 0.675 0.603125 0.028125 0.01875
1 0.33125 0.4765625 0.0359375 0.00859375
0 0.31796875 0.4953125 0.00625 0.00390625
0 0.275 0.459375 0.0078125 0.00703125
0 0.43828125 0.49921875 0.00625 0.00546875
0 0.42109375 0.48671875 0.00625 0.0046875
0 0.4078125 0.471875 0.00625 0.00390625
0 0.37109375 0.47421875 0.0078125 0.0046875
0 0.453125 0.57578125 0.00703125 0.00546875
0 0.4078125 0.5765625 0.00546875 0.00390625
0 0.32265625 0.56640625 0.01015625 0.00703125
1 0.3953125 0.50234375 0.0359375 0.0171875
2 0.46484375 0.5796875 0.375 0.3609375
2 0.79296875 0.37890625 0.1125 0.0734375
1 0.73359375 0.36953125 0.02578125 0.0203125
1 0.76328125 0.37421875 0.0171875 0.00859375
0 0.44609375 0.3625 0.00859375 0.00625
0 0.3484375 0.3453125 0.01015625 0.0078125
0 0.3671875 0.3296875 0.00703125 0.00546875