1 0.40130540322871566 0.6193760875746531 0.08982878742738745 0.05203658510611113
0 0.38855930831494884 0.49003342648048653 0.0016352746071058633 0.0015988675911806638
0 0.4195738678682428 0.4790238445085073 0.0032705492142117267 0.0031977351823611498
0 0.3956119830458892 0.4393612792540281 0.004833049214211726 0.003234102773541636
0 0.36959529259918317 0.42702428020395866 0.011301373035529316 0.008067073138263936
0 0.27059486642050073 0.42002743816399324 0.0032705492142117267 0.0031977351823609724
0 0.2374934220448532 0.391883601158021 0.013009422249741043 0.011228440729444423
0 0.26758118238393547 0.3839808353904516 0.011301373035529316 0.008067073138263936
0 0.2892100874701687 0.25543826130225716 0.014571922249741043 0.011264808320625087
0 0.6840517065767566 0.24116539427975753 0.01449914764263518 0.009702308320624997
0 0.2357766408227188 0.8149580784565975 0.011301373035529316 0.008067073138263936
0 0.12328310298104661 0.7114492591180557 0.006541098428423453 0.0063954703647222996
0 0.21636305314766235 0.963104637727153 0.004833049214211726 0.0032341027735419913
0 0.2090578213446274 0.9856154173624307 0.011301373035529316 0.008067073138263936
0 0.21340071898726257 0.976331336340382 0.0032705492142117267 0.0031977351823613276
0 0.20829584202279183 0.9683915497712501 0.0032705492142117267 0.0031977351823613276
0 0.19897434595173324 0.9838165280197572 0.00646832382131759 0.0048329703647223
1 0.5209114660917784 0.8724309652338199 0.14993584160399784 0.13615831838861112
1 0.5114658455374486 0.840145142095556 0.024019696856846906 0.013045513867708535
2 0.5562474985567671 0.902973103626563 0.06704625889134022 0.06555357123840296
2 0.4940964090196839 0.84365134859257 0.044006865177646404 0.04004442496187508
1 0.452685850914132 0.9099478426086464 0.0387371683207995 0.02743532218833309
0 0.31988615943396864 0.9905412663362505 0.0032705492142117267 0.0031977351823613276