2 0.134375 0.578125 0.16953125 0.13046875
0 0.0625 0.54296875 0.00546875 0.00859375
0 0.1390625 0.46640625 0.0140625 0.0203125
0 0.16328125 0.453125 0.00546875 0.00859375
0 0.2328125 0.31015625 0.0109375 0.0140625
0 0.25546875 0.321875 0.0109375 0.0171875
0 0.33671875 0.51953125 0.0234375 0.0328125
0 0.37734375 0.5015625 0.0265625 0.034375
0 0.4 0.6046875 0.01640625 0.03125
0 0.3921875 0.6765625 0.0140625 0.01875
0 0.4453125 0.56328125 0.01953125 0.028125
0 0.4765625 0.5921875 0.01796875 0.025
0 0.49765625 0.59296875 0.01328125 0.015625
0 0.4875 0.51171875 0.01015625 0.01484375
0 0.4078125 0.49453125 0.00859375 0.01171875
0 0.5234375 0.61875 0.02421875 0.03046875
0 0.55390625 0.59140625 0.02421875 0.03046875
0 0.5828125 0.53359375 0.0265625 0.0359375
0 0.5578125 0.559375 0.021875 0.0296875
0 0.51015625 0.46484375 0.01015625 0.01953125
0 0.45859375 0.43984375 0.00390625 0.00703125
0 0.4234375 0.3828125 0.00546875 0.00859375
0 0.3703125 0.3953125 0.01015625 0.01328125
0 0.39453125 0.25703125 0.0078125 0.00859375
0 0.52109375 0.26796875 0.01171875 0.0171875
0 0.75234375 0.51640625 0.0203125 0.02109375
0 0.86640625 0.46640625 0.021875 0.0234375
0 0.9921875 0.453125 0.01484375 0.0359375
0 0.84140625 0.4203125 0.02578125 0.03671875
0 0.95234375 0.26875 0.009375 0.01640625
0 0.7 0.40390625 0.01015625 0.01484375
0 0.609375 0.18984375 0.0140625 0.021875
0 0.75546875 0.66953125 0.02109375 0.02890625
0 0.75859375 0.7125 0.021875 0.02890625
0 0.690625 0.70703125 0.01953125 0.03359375
0 0.70390625 0.6046875 0.0125 0.0265625
0 0.13046875 0.97109375 0.009375 0.01640625
0 0.0359375 0.86328125 0.0125 0.01484375