0 0.51171875 0.3375 0.01640625 0.0234375
0 0.42578125 0.34765625 0.01796875 0.0234375
0 0.3078125 0.34140625 0.0109375 0.0140625
0 0.33203125 0.2265625 0.0140625 0.0234375
0 0.46796875 0.15859375 0.0140625 0.02265625
0 0.6 0.14296875 0.0140625 0.02265625
0 0.61953125 0.18828125 0.015625 0.025
0 0.69375 0.19765625 0.01015625 0.01640625
0 0.634375 0.2203125 0.01328125 0.0203125
0 0.50234375 0.11328125 0.0109375 0.015625
0 0.4546875 0.1109375 0.01484375 0.02109375
0 0.48828125 0.35703125 0.01015625 0.01484375