1 0.5175078164429853 0.5890150503210163 0.12200669530200425 0.16767051542127548
1 0.4122209228694761 0.5809240864418683 0.029534387305303157 0.0489284237011061
1 0.7290985343105316 0.6239742516182625 0.05567098997087019 0.08842730032431163
1 0.6711389332943172 0.5205668335991993 0.025772889812585475 0.026998876623205346
1 0.8527178907370224 0.6198788611953393 0.2116889724198927 0.24419783360249453
1 0.769704465426771 0.4910214297835955 0.07622753087881247 0.0434966298696164
1 0.7690201553184988 0.43394926947517 0.026045674452321775 0.03637387662320535
1 0.7560380851810968 0.28911801054671626 0.14868886724704336 0.225919392044481
1 0.867725742940371 0.2652731818121904 0.18693301332783535 0.19847623051823948
1 0.9356968414493029 0.3469692410649557 0.10307483887551357 0.16109323295387137
0 0.4869972655059132 0.4556025324641088 0.00486935642649069 0.006331820616851047
0 0.7360174387045937 0.41305038838773767 0.004914820533113406 0.007894320616851047
2 0.8613283611118512 0.6731811391985165 0.06101170783841638 0.05728639448011297
1 0.9106727947353729 0.5622669585975515 0.15273986975432585 0.20412621266133185
1 0.976582602732074 0.4461704001555652 0.018596887305303157 0.04873750892845372
2 0.44403321252377703 0.6158718307598254 0.06372753087881229 0.043278441558013546