2 0.3073531495911433 0.7570758569014236 0.042754066033373575 0.04204365626060227
2 0.4558702939823623 0.947559469245143 0.06930992198083885 0.0726041754978958
0 0.5454783485957752 0.8951214608076224 0.009702548620519025 0.006577382213985317
0 0.5744731298034396 0.8659324686121707 0.011428822930778538 0.009756945916316085
0 0.4418952459276701 0.7406373466498046 0.01965075870642714 0.017842264427970277
0 0.6730390253263123 0.6558630094490108 0.013073210085908293 0.011374009618646852
0 0.6762835340327396 0.6729686638955146 0.009702548620519025 0.006577382213985139
2 0.6635788161449152 0.6694989235141614 0.043415807326946165 0.024910719962933214
0 0.6808438020114209 0.5060986224257022 0.009702548620519025 0.006577382213985139
0 0.7483555286056727 0.5248734150766409 0.013073210085908293 0.011374009618646852
0 0.65891349106643 0.3863317594490108 0.006495661465389269 0.004905754809323426
0 0.7452327713695834 0.330877878416152 0.006495661465389269 0.004905754809323426
0 0.7465971975342938 0.2971750010114903 0.017924484396167804 0.01466270072563942
0 0.6549795855939347 0.32620279130017626 0.0032887743102595125 0.003234127404661713
0 0.6889827713695834 0.3328421717000628 0.019486984396167806 0.014717264427970278
0 0.765275276457966 0.25034464103002374 0.006413774310259512 0.003343254809323426
0 0.2482360198992454 0.5251190179713493 0.009702548620519025 0.006577382213985139
0 0.34660492084918504 0.46063487731984376 0.012991322930778537 0.009811509618646852
0 0.4630188941640764 0.6060614500078492 0.017924484396167627 0.014662700725639511