1 0.4816012519494114 0.38396657085715324 0.1511454240133631 0.10192878875333342
1 0.5253603426161841 0.3842036134102088 0.053488626670909055 0.03248649810013884
2 0.48389045794877505 0.38870862224392405 0.039426126670908876 0.03215918977951393
1 0.713857579248913 0.6386586433298269 0.1525079293443632 0.08477765634451409
2 0.7091518979153676 0.6401120405562853 0.059793170671545326 0.03731946846486114
1 0.20053306528486586 0.3617954044446529 0.05032726400381797 0.029288762917777867
1 0.25345971264322836 0.17860235115802103 0.014335220003181704 0.023764808320624997
0 0.2868171053071376 0.199696754368403 0.011064769334818082 0.011192073138263892
0 0.8304563752785026 0.4233447274860076 0.023655676002545433 0.01929551386770818
0 0.745645570615866 0.39167519376666726 0.014189769334818081 0.011264808320624996
0 0.6475796932686393 0.4917641531134727 0.014189769334818081 0.011264808320624908
0 0.5436541672501857 0.6253195758911463 0.036282945337363516 0.03052395459715278
0 0.7691899692473221 0.6516684428167367 0.023637494668999892 0.01773301386770836
1 0.7433723565802313 0.6541933775622576 0.026798857336090796 0.02093074905006951
1 0.7206342905792767 0.6606972974901395 0.023637494668999892 0.01773301386770836