0 0.5013462992123238 0.8854518632638669 0.02361931333545435 0.015897720003181348
0 0.5870672652371407 0.7016666619191856 0.04104317067154532 0.0364102146721816
0 0.6860042045671865 0.7247308972390498 0.04885567067154532 0.03650112133990877
0 0.6769104678946867 0.7677996445735497 0.04722044533736351 0.030232940006363406
0 0.32544687054427834 0.8976535132877295 0.025218176002545344 0.019040901336727246
0 0.2870030832272776 0.7778046372931382 0.020457950668363624 0.012736357336090798
0 0.4503110578851416 0.8407393472708666 0.04885567067154532 0.03650112133990859
0 0.5494132712444586 0.648205854591049 0.04097044533736351 0.030160214672181596
0 0.45291953190645884 0.6836990066040938 0.014171588001272717 0.009538632001908987
0 0.4318717825827766 0.61285979527373 0.011064769334818082 0.011064769334818082
0 0.5071615892345955 0.7213439099300032 0.014207950668363622 0.012663632001908986
0 0.5781751652610033 0.5260126812540037 0.026798857336090796 0.020621582670272608
0 0.5739325605904126 0.5549643845878672 0.014226132001908986 0.014226132001908986
0 0.6429092799172766 0.601811565245095 0.01729658800127254 0.009574994668999892
0 0.629318947247004 0.6285286065802312 0.014189769334818081 0.011101132001908987
0 0.7588353666056846 0.4403280778962776 0.030014764003817973 0.028470445337363516
0 0.7788649612508219 0.5986672892266413 0.04100680800445424 0.033285214672181596
0 0.38035364123173193 0.7439103479471842 0.014189769334818081 0.011101132001909163
0 0.3641292045671864 0.7284762519494115 0.017332950668363534 0.012699994668999893
0 0.3161996872215506 0.8196466919557747 0.009465906667727175 0.00792158800127254
0 0.23950082721995977 0.8322563272995016 0.020567038669636162 0.02211135733609062
0 0.26240143053791504 0.9452557666295472 0.014189769334818081 0.01110113200190881
0 0.5737278539942731 0.03550585992204904 0.02681703866963616 0.022184082670272564
0 0.5975193426559551 0.07194279925209465 0.014226132001908986 0.014226132001909008
0 0.5699472313017286 0.22614904125559449 0.014189769334818081 0.011101132001908987