1 0.37421875 0.58103675670824 0.1140625 0.19773315027015242
0 0.309375 0.8303348630615094 0.00625 0.011155754809323426
0 0.33671875 0.6851959778522995 0.00625 0.006468254809323426
0 0.34296875 0.6221329826616229 0.003125 0.006359127404661713
0 0.51328125 0.47808042621568614 0.0046875 0.004851191106992658
1 0.5828125 0.5117585109694092 0.0453125 0.04376984736759475
0 0.45546875 0.8127803192294445 0.00625 0.006468254809323426
0 0.46875 0.8069941106992568 0.0046875 0.006413691106992659
0 0.44765625 0.8039137507177901 0.0046875 0.006413691106992659
0 0.24140625 0.5787425920101172 0.00625 0.006468254809323426
0 0.215625 0.6723735409216581 0.0125 0.014499009618646853
0 0.15546875 0.9155853383819201 0.00625 0.009593254809323427
0 0.33359375 0.8358681004476377 0.003125 0.0047966274046615355
0 0.32265625 0.8393924045313217 0.0046875 0.006413691106992303
0 0.39375 0.7832813029873756 0.003125 0.004796627404661713
0 0.38203125 0.9188095752198944 0.0046875 0.006413691106992303