1 0.4690152497951122 0.41105980126627645 0.1829324321745384 0.17540447994174038
1 0.4085015889179108 0.3162042908414352 0.0796190334984459 0.06785274122451135
1 0.45445829011798383 0.47165632046660644 0.022893844499482084 0.02251149749271768
2 0.4340195115819364 0.4569800550272002 0.05120293507002245 0.06078438730530315
2 0.5182554245260527 0.36164247446495695 0.08634422249741007 0.11173913354437941
0 0.6487113660062159 0.2817313171013941 0.01471747146395277 0.014471676959604097
0 0.13239489144189134 0.5671146068222022 0.011446922249740999 0.011255748746358662
0 0.06687486104381724 0.3445970976510021 0.014717471463952725 0.014471676959604097
0 0.07101224338497143 0.4237306681841154 0.014644696856846861 0.012909176959604095
0 0.21666299938082742 0.2527315095669114 0.006613873035529317 0.00799435642649069
0 0.21117067059711117 0.3370610454602888 0.011446922249741042 0.01125574874635884
0 0.08059060463367644 0.36924775666391757 0.006541098428423431 0.00643185642649069
0 0.3675641815553659 0.08657897532288676 0.009884422249741042 0.01121028463973608