0 0.3246085874656595 0.7097026015287954 0.027290246071058632 0.0168621683207995
0 0.3562224605011887 0.7189705936709124 0.024238020678164496 0.01827911910658777
0 0.41133810772953916 0.8813464691876411 0.04200771753501122 0.03157963978475209
0 0.4605547036767632 0.8501178939185815 0.01784247146395277 0.014863020678164317
0 0.4464023124442688 0.8642702851510758 0.023946922249740866 0.012029119106587771
0 0.2752464423042237 0.7378061767978549 0.017769696856846907 0.013300520678164318
0 0.2961282148444149 0.5501263943328663 0.027363020678164495 0.018424668320799496
0 0.4421920396991899 0.6567124962759463 0.03234161910658777 0.024892992142117265
0 0.92904126054397 0.4478599586391619 0.017696922249740864 0.011738020678164318
0 0.8945057487571457 0.4930247553721744 0.020821922249740867 0.011883569892376045
0 0.8914877566150287 0.4617019807650685 0.01293664764263518 0.009957196856846906
0 0.37925743031251163 0.39340982154500603 0.01293664764263518 0.009957196856846906
2 0.5492255595487847 0.9797561980951919 0.02609161910658777 0.024601893713693812