1 0.5472036766303997 0.5832343808757274 0.22587584138279587 0.14654071345960346
1 0.29150056057049056 0.3603366862363852 0.038057592636437224 0.1279631739162766
0 0.2385179645688411 0.30397128110318894 0.006522784639736124 0.009629667984777513
0 0.20860314403572772 0.3129934540308824 0.00486935642649069 0.006441000988583134
0 0.3347708389420205 0.2945870108372339 0.009602320533113407 0.008194501977166358
0 0.4803955760098967 0.33157106319496105 0.01286371285298138 0.013009335969555114
0 0.4868418043022844 0.2977544787082807 0.012818248746358663 0.011446835969555202
0 0.5166142208370472 0.34726238878439286 0.008039820533113407 0.00813083498097189
0 0.45841865828799966 0.7382348986702245 0.00969324874635884 0.011319501977166269
0 0.42980792498104703 0.7292564880998208 0.02251149749271768 0.02276633794672165
0 0.6238845339148202 0.7369549470736191 0.009693248746358662 0.011319501977166269
0 0.7461877797581853 0.8513610038799706 0.00973871285298138 0.012882001977166269
0 0.7245795527194387 0.8967199248304976 0.008176212852981379 0.012818334980971713
0 0.716366235947249 0.9376314263133725 0.006522784639736124 0.009629667984777513
0 0.6941288377548862 0.7364336822448715 0.011392141066226814 0.016070668973360826
0 0.29049668705524095 0.5289275187458993 0.012772784639736124 0.009884335969555024