0 0.55625 0.5421875 0.00546875 0.00390625
0 0.3796875 0.52578125 0.0046875 0.00390625
1 0.6515625 0.77109375 0.08203125 0.0359375
1 0.54765625 0.7859375 0.08515625 0.096875
1 0.60703125 0.8171875 0.065625 0.02109375
1 0.5484375 0.84453125 0.0375 0.059375
1 0.65859375 0.8640625 0.07265625 0.02265625
1 0.68203125 0.915625 0.0421875 0.0265625
1 0.359375 0.8453125 0.03359375 0.059375
1 0.421875 0.896875 0.04375 0.028125
1 0.37109375 0.7046875 0.08984375 0.03046875
1 0.28515625 0.6421875 0.06328125 0.18828125
1 0.5375 0.471875 0.29765625 0.0984375
1 0.7203125 0.5875 0.053125 0.0375
2 0.76875 0.6921875 0.0171875 0.05703125
1 0.321875 0.39765625 0.03984375 0.025
0 0.58203125 0.67734375 0.0078125 0.0046875
0 0.5375 0.66640625 0.00390625 0.00390625
0 0.6609375 0.9546875 0.0140625 0.01015625
2 0.74140625 0.990625 0.02890625 0.01875
2 0.24765625 0.75078125 0.02578125 0.03828125
2 0.26875 0.7875 0.01640625 0.02734375
2 0.03828125 0.5875 0.02421875 0.03125
1 0.55234375 0.36875 0.13359375 0.08671875
2 0.71796875 0.8859375 0.0515625 0.08671875