1 0.10188505207667828 0.5687274367678579 0.09914657200827234 0.06494852076024671
2 0.033425406070951284 0.5237704224334019 0.05546929734245413 0.06941584486680377
2 0.07147993674408734 0.5729546803420673 0.050490896005727 0.044224843878220454
1 0.10367536608845047 0.655478020265955 0.05855793467536326 0.06641817885919252
0 0.34245550807604197 0.5738446541817941 0.009465906667727175 0.008194501977166268
1 0.5371380153564534 0.19211844619657908 0.20628745735199913 0.1458403765014653
1 0.727364668045816 0.36697781923800327 0.0645352146721816 0.043235346843970034
2 0.7742845740372256 0.3056384126219322 0.13315904002227175 0.1694105276803289
1 0.7137363306810902 0.13528215026464252 0.10063634667409058 0.05876218775644104
1 0.4359542534611305 0.9587236729648744 0.13366702267663583 0.07884919467652338
0 0.6498429361075406 0.8182909684397005 0.36887945870463457 0.2945855771094877
2 0.7173607700111357 0.11122256775512848 0.050490896005727134 0.044224843878220545