2 0.22578125 0.42890625 0.03671875 0.03984375
2 0.16015625 0.37109375 0.121875 0.13125
0 0.1078125 0.41171875 0.003125 0.00625
0 0.1828125 0.4890625 0.00390625 0.0078125
0 0.2609375 0.60390625 0.009375 0.01328125
0 0.24453125 0.61171875 0.00546875 0.01015625
0 0.35625 0.54765625 0.00859375 0.01171875
0 0.4296875 0.51171875 0.00390625 0.0078125
0 0.40078125 0.559375 0.00390625 0.00703125
0 0.4421875 0.62578125 0.01015625 0.0171875
0 0.42421875 0.634375 0.0046875 0.0078125
0 0.38046875 0.6625 0.00625 0.00703125
0 0.48125 0.65703125 0.01015625 0.01484375
0 0.546875 0.71640625 0.009375 0.0140625
0 0.32421875 0.434375 0.0203125 0.03203125
0 0.36015625 0.45546875 0.02265625 0.0296875
0 0.38515625 0.4609375 0.00859375 0.0109375
0 0.4171875 0.39765625 0.0171875 0.02734375
0 0.45390625 0.4484375 0.00859375 0.0125
0 0.47265625 0.49140625 0.00859375 0.015625
0 0.50625 0.5171875 0.00625 0.01171875
0 0.54765625 0.51796875 0.00859375 0.01015625
0 0.53515625 0.4328125 0.0234375 0.03359375
0 0.5125 0.3796875 0.02265625 0.03359375
0 0.48515625 0.34921875 0.021875 0.02890625
0 0.4625 0.37265625 0.0125 0.0171875
0 0.44375 0.37109375 0.015625 0.02421875
0 0.4625 0.3609375 0.0046875 0.00703125
0 0.440625 0.340625 0.0046875 0.00703125
0 0.28125 0.36953125 0.01171875 0.02109375
0 0.37421875 0.3515625 0.015625 0.03359375
0 0.3640625 0.2734375 0.01171875 0.0203125
0 0.44765625 0.2765625 0.009375 0.015625
0 0.528125 0.49765625 0.01796875 0.02578125
0 0.62421875 0.55390625 0.00625 0.01171875
0 0.6671875 0.46484375 0.0140625 0.01953125
0 0.7234375 0.5484375 0.01640625 0.028125
0 0.74140625 0.51484375 0.0140625 0.02109375
0 0.8234375 0.53203125 0.01484375 0.0265625
0 0.54765625 0.64296875 0.009375 0.0171875
0 0.67421875 0.6046875 0.0171875 0.02109375
0 0.78359375 0.6625 0.00625 0.009375
0 0.6359375 0.38203125 0.0109375 0.02109375
0 0.678125 0.33046875 0.0171875 0.0296875
0 0.68359375 0.2890625 0.01796875 0.0296875
0 0.628125 0.2859375 0.01796875 0.0328125
0 0.51796875 0.26328125 0.00625 0.0078125
0 0.45703125 0.2578125 0.00390625 0.00703125
0 0.45859375 0.3375 0.01015625 0.0171875
0 0.45703125 0.359375 0.003125 0.00390625