1 0.5515625 0.68203125 0.06953125 0.05859375
0 0.296875 0.7640625 0.00859375 0.00703125
0 0.38125 0.69453125 0.00546875 0.00546875
0 0.43046875 0.671875 0.00625 0.00625
1 0.5234375 0.578125 0.03671875 0.0265625
1 0.59765625 0.75859375 0.05390625 0.03671875
1 0.55703125 0.8078125 0.04765625 0.040625
0 0.5671875 0.75 0.003125 0.00234375
1 0.47578125 0.53203125 0.04375 0.090625
0 0.83046875 0.46796875 0.00859375 0.0078125
0 0.60390625 0.36484375 0.0078125 0.00703125
0 0.221875 0.3375 0.01171875 0.009375
1 0.19375 0.20625 0.0578125 0.0328125
0 0.434375 0.32734375 0.00703125 0.00625
1 0.3734375 0.6046875 0.1578125 0.07109375
2 0.49375 0.5703125 0.0640625 0.05
2 0.42734375 0.6859375 0.3390625 0.22890625
0 0.5296875 0.89609375 0.00703125 0.00625
0 0.4484375 0.99296875 0.009375 0.0078125
1 0.96953125 0.19609375 0.06015625 0.05625