1 0.5015625 0.57421875 0.04453125 0.0375
1 0.309375 0.61015625 0.1359375 0.0484375
1 0.41484375 0.5984375 0.0140625 0.0125
2 0.396875 0.584375 0.05234375 0.0265625
1 0.57734375 0.36640625 0.08515625 0.078125
0 0.74921875 0.50234375 0.00703125 0.00546875
0 0.6421875 0.5453125 0.0046875 0.0046875
0 0.7796875 0.6546875 0.00546875 0.0046875
1 0.0375 0.559375 0.06640625 0.03359375
0 0.0421875 0.65 0.00859375 0.00546875
0 0.2796875 0.79921875 0.0078125 0.00546875
1 0.11328125 0.8375 0.1015625 0.02578125
2 0.09765625 0.8859375 0.146875 0.12109375