0 0.3265625 0.5619501696406211 0.009375 0.007976141233702095
0 0.50078125 0.547022419233584 0.0140625 0.011182961850553142
0 0.6234375 0.45853839204118574 0.0140625 0.011182961850553142
0 0.20546875 0.5215552203719697 0.034375 0.024037517856907442
0 0.20859375 0.5645785174498703 0.009375 0.007976141233702095
0 0.25859375 0.6060762706962812 0.0125 0.008030688311602674
0 0.4546875 0.18137409983454894 0.0171875 0.01123750892845372
0 0.64296875 0.20419181127806488 0.01875 0.014389782467404012
0 0.6296875 0.191459986196987 0.009375 0.00797614123370205
0 0.54921875 0.16349289894104452 0.009375 0.00797614123370205
0 0.60625 0.3449571331127319 0.0203125 0.012854556006354389
0 0.68046875 0.22984637621287307 0.0234375 0.017596603084255057
0 0.68984375 0.21751001744657508 0.0078125 0.0063863676947516265
0 0.71015625 0.2866145734529295 0.0109375 0.008003414772652383
0 0.721875 0.23603787499505707 0.0234375 0.02072160308425506
0 0.7578125 0.2679151663909149 0.0125 0.009593188311602673
0 0.68984375 0.3526662674465751 0.0171875 0.01123750892845372
0 0.7609375 0.3148447134688156 0.00625 0.006359094155801337
0 0.0984375 0.5345307329538714 0.01875 0.01126478246740419
0 0.73046875 0.894000379459284 0.0171875 0.011237508928454076
0 0.7109375 0.7663157102224047 0.0171875 0.017487508928453722
0 0.69921875 0.7254861586802772 0.0171875 0.017487508928453722
0 0.6921875 0.7050509277550006 0.0140625 0.017432961850553142
0 0.79921875 0.7342629151730989 0.009375 0.007976141233702095
0 0.8171875 0.7462953108710279 0.009375 0.007976141233702095
0 0.71484375 0.6804463940697806 0.0125 0.011155688311602675
0 0.79609375 0.5888958680951981 0.0203125 0.020667056006354302
2 0.7015625 0.9097740150142384 0.2375 0.18045196997152324
2 0.3828125 0.1449632670428333 0.0734375 0.03409435633066597