0 0.5011632621505356 0.4974978772676849 0.027271828130301046 0.02062158267027243
0 0.5004390650530932 0.5662842399347758 0.01606150961864685 0.01268181333545435
0 0.4485268462712865 0.4449637706079118 0.011210318511654193 0.00793976933481808
0 0.4171677188666248 0.44220239727882066 0.011319445916316085 0.011064769334818082
0 0.40426098029937024 0.4978438699475024 0.008085318511654194 0.007903406667727176
0 0.4611806136944816 0.42684047927277546 0.011210318511654193 0.00793976933481808
0 0.4312822933687288 0.37638649327659357 0.009647818511654194 0.007921588001272717
0 0.48092019482000764 0.4101978719366848 0.01606150961864685 0.01268181333545435
0 0.4122222693221117 0.34534557861236614 0.009647818511654194 0.007921588001272717
0 0.39410718638248715 0.318983073281366 0.011210318511654282 0.00793976933481808
0 0.374821473042976 0.3262415899506841 0.008085318511654283 0.007903406667727264
0 0.3418899219545169 0.3008330572883657 0.011210318511654282 0.00793976933481808
0 0.4960268396478645 0.39517230860123026 0.006413691106992659 0.0047602253341818114
0 0.5162872651457604 0.4605882232654577 0.008030754809323425 0.006340906667727175
0 0.6456225902808367 0.5161376945815039 0.012772818511654193 0.007957950668363623
0 0.5469767591553106 0.5336984592616396 0.008085318511654194 0.007903406667727353
0 0.5065104387447399 0.15823538259868494 0.011264882213985139 0.009502269334818125
0 0.5344172170525263 0.3978518659293669 0.017624009618646852 0.012699994668999893
0 0.4803001467267734 0.3476796906031393 0.020858137023308566 0.015861357336090797
0 0.520825976123019 0.6129410639322304 0.022529764427970278 0.01900453866963616
0 0.6388021606065896 0.5670189419160039 0.01606150961864685 0.01268181333545435
0 0.416262439377712 0.28199160327818434 0.019295637023308564 0.015843176002545346
0 0.6397818180483181 0.5279291699156857 0.011210318511654193 0.00793976933481808