1 0.5771685072342011 0.6417527748165028 0.11203773531769165 0.16268839867609247
1 0.591911595737827 0.48760893031702085 0.05007708271265763 0.07093323821317572
0 0.6044436749358282 0.4204749342459623 0.004978598428423453 0.006468323821317412
1 0.6786110750596627 0.4663460523190929 0.14209341645877274 0.238925566996892
1 0.7447219185256874 0.3896700823028822 0.10444355913900907 0.16701202564056317
0 0.19359822022109846 0.4584010432183557 0.00824914764263518 0.009738873035529316
0 0.15008796877335637 0.5160166441279784 0.009884422249740999 0.011374147642635179
0 0.1472369505763913 0.5388548306457431 0.0032705492142117267 0.0032705492142117267
1 0.22381883705137473 0.8382875963615088 0.09789815260503384 0.09342897642635144
1 0.3007088227833511 0.8417528906133217 0.03412244292790545 0.029653266749222952
0 0.25670841976403247 0.9056548788264976 0.00490582382131759 0.004905823821317767
1 0.2287587783266503 0.5240966637726856 0.05396406203449331 0.05396406203449331
1 0.228429138541898 0.48339888916557977 0.04527826674922295 0.03485018899896399
2 0.22308882113072123 0.5032212375940032 0.05247433664159917 0.05545378742738745
1 0.30996365901517464 0.0990902016143578 0.11494010339082213 0.09110449710451587
2 0.1843344203877142 0.20907313130769692 0.04415241439185813 0.04415241439185813
1 0.5538163587675056 0.0025448413991100995 0.051382717535011224 0.005089682798220199