1 0.5516597207040332 0.570300947984769 0.06703438730530316 0.04881929508134384
1 0.4587758872387961 0.5189879119786115 0.049528638558944314 0.03778180113146803
1 0.3787056055020539 0.6395953277678519 0.03725595909205772 0.045521578258831144
0 0.4826081923325033 0.5058475625443455 0.009556856426490868 0.006304542154477666
0 0.7679379385715797 0.5403145078968359 0.009556856426490689 0.006304542154477666
0 0.49794500197855707 0.7644867643397436 0.012772784639736124 0.009447722872636889
0 0.4180625883467881 0.9452413397699043 0.009647784639735946 0.009429542154477843
1 0.3245770127991097 0.9796789305217676 0.06216503087881238 0.04064213895646489
0 0.6071561805875139 0.920564568398078 0.006386392319867973 0.004723861436318444
0 0.8660274122451138 0.7705337939029936 0.014426212852981735 0.012581813231716588
0 0.9187886993921325 0.7583428661117007 0.009602320533113584 0.007867042154477843
2 0.617454553773559 0.4691384237842723 0.08408549498543501 0.044231789031219645
2 0.5602294239901033 0.35476230639602546 0.024164925705962757 0.025136355386194253