0 0.26640625 0.375049325703715 0.0140625 0.017514808320625085
0 0.2578125 0.43071809745520817 0.0078125 0.007994337955902786
0 0.27734375 0.4599510025654512 0.01875 0.023873911094166544
0 0.32265625 0.474521342421215 0.03125 0.04916485182361115
0 0.44765625 0.4145806851267705 0.0109375 0.017442073138263937
0 0.41640625 0.3918705369503816 0.0109375 0.017442073138263937
0 0.43515625 0.31643412585621494 0.0078125 0.009556837955902786
0 0.45078125 0.32075794994440937 0.015625 0.026926175911805572
0 0.48046875 0.28334821571197877 0.0109375 0.017442073138263937
0 0.33125 0.2586963206697219 0.0140625 0.020639808320625085
0 0.48828125 0.141760127756076 0.0109375 0.014317073138263891
0 0.5421875 0.12253669586034677 0.0109375 0.017442073138263892
0 0.5359375 0.157838416225069 0.0125 0.020603440729444422