0 0.028125 0.5421875 0.01640625 0.0265625
0 0.25 0.6796875 0.01796875 0.028125
0 0.3984375 0.42109375 0.01640625 0.02109375
0 0.36015625 0.45390625 0.0109375 0.0125
0 0.60390625 0.3078125 0.01875 0.01953125
0 0.5515625 0.265625 0.01640625 0.01875
0 0.65078125 0.28125 0.01796875 0.0171875
0 0.7078125 0.33125 0.01796875 0.028125
0 0.77421875 0.39765625 0.01171875 0.01796875
0 0.78203125 0.4875 0.00859375 0.015625
2 0.7953125 0.53828125 0.14375 0.19375
2 0.8578125 0.36953125 0.02109375 0.0375
2 0.8984375 0.18203125 0.06484375 0.22890625
2 0.93671875 0.0515625 0.0234375 0.103125
2 0.93828125 0.25859375 0.01484375 0.084375