1 0.41796875 0.56171875 0.05625 0.02265625
0 0.428125 0.4484375 0.003125 0.00234375
0 0.4109375 0.43828125 0.00625 0.0046875
0 0.63046875 0.3859375 0.01015625 0.00625
0 0.3203125 0.4046875 0.00703125 0.00625
0 0.3421875 0.4015625 0.00625 0.00390625
0 0.36484375 0.31171875 0.00859375 0.00703125
1 0.4609375 0.7109375 0.05625 0.05859375
2 0.45859375 0.69921875 0.02109375 0.02265625
2 0.4875 0.73984375 0.03203125 0.0328125
1 0.42734375 0.73046875 0.0203125 0.01328125
2 0.42578125 0.73125 0.01171875 0.0078125
0 0.3 0.65703125 0.00625 0.00390625