0 0.41484375 0.48984375 0.00625 0.00390625
0 0.41015625 0.48046875 0.0046875 0.00390625
0 0.38828125 0.4765625 0.00546875 0.00390625
0 0.38984375 0.4859375 0.00546875 0.0046875
0 0.33828125 0.50625 0.0078125 0.00546875
0 0.35625 0.50859375 0.00546875 0.0046875
0 0.31796875 0.43203125 0.00546875 0.0046875
1 0.5359375 0.54375 0.18984375 0.08046875
1 0.509375 0.4625 0.225 0.10078125
0 0.60546875 0.44375 0.00859375 0.00703125
1 0.58515625 0.35390625 0.103125 0.0390625
0 0.66796875 0.51171875 0.0078125 0.00390625
0 0.66015625 0.5265625 0.01015625 0.00703125
0 0.70625 0.51015625 0.00546875 0.0046875
0 0.7015625 0.575 0.00390625 0.003125
2 0.69921875 0.5671875 0.0578125 0.05390625
2 0.5625 0.49296875 0.0578125 0.03984375
2 0.40234375 0.89921875 0.05546875 0.025