0 0.4193373445562479 0.7827333143314142 0.014471603084255057 0.023846676959604095
0 0.5144822491826305 0.815138985880742 0.011210235389503432 0.015943248746359016
0 0.6892429212621789 0.5724333456724451 0.01597955600635448 0.02076714106622681
0 0.7629571107915976 0.5413675506078677 0.0128545560063543 0.02067621285298138
0 0.7604457654179801 0.5766147288211131 0.00805796185055314 0.014289820533113406
0 0.7869400815706044 0.5719355890085275 0.0144170560063543 0.020721676959604095
0 0.6626359622542949 0.3019760931651626 0.017651150162155814 0.02706260517284953
0 0.7240331582765354 0.37131947506018936 0.01123750892845372 0.01750574874635875
0 0.7889217727248761 0.3272224825820368 0.008003414772652383 0.011164820533113406
0 0.4707506509729347 0.145758500066507 0.0159795560063543 0.02076714106622681
0 0.6070638465881381 0.3872292830568904 0.014362508928453721 0.017596676959604096
0 0.5543519038123085 0.3676585806287503 0.011155688311602675 0.012818248746358752
0 0.5434144038123085 0.367976829375109 0.008003414772652383 0.011164820533113406
0 0.5036837021080252 0.33083218204067605 0.009593188311602673 0.012772784639736124
0 0.6600556221523879 0.9601977701247666 0.00805796185055314 0.014289820533113584
0 0.8816327930141202 0.7575571887711007 0.011182961850553142 0.014380748746358663
0 0.740781696422687 0.8382569224737647 0.011182961850553142 0.014380748746359018