1 0.50390625 0.5375 0.06328125 0.040625
1 0.525 0.5953125 0.046875 0.0671875
1 0.62265625 0.546875 0.02578125 0.03203125
1 0.403125 0.509375 0.02109375 0.0328125
1 0.421875 0.53828125 0.0671875 0.01875
1 0.415625 0.58828125 0.0234375 0.01796875
1 0.4796875 0.653125 0.06953125 0.08203125
1 0.4828125 0.73671875 0.02578125 0.021875
1 0.425 0.6484375 0.02578125 0.01953125
1 0.378125 0.63046875 0.0265625 0.01875
1 0.4125 0.56328125 0.01875 0.0171875
1 0.6609375 0.53984375 0.01484375 0.0203125
1 0.6328125 0.5046875 0.01640625 0.0125
1 0.62421875 0.51796875 0.01015625 0.0109375
2 0.5265625 0.73203125 0.0640625 0.06328125
0 0.61015625 0.71484375 0.00390625 0.003125
0 0.7515625 0.66015625 0.00859375 0.00625
2 0.64296875 0.5234375 0.03828125 0.02890625
0 0.8625 0.490625 0.00625 0.0046875
0 0.7703125 0.4171875 0.00390625 0.00234375