1 0.484375 0.70390625 0.065625 0.03203125
1 0.353125 0.8171875 0.10859375 0.08515625
1 0.35390625 0.79140625 0.01875 0.01015625
1 0.3859375 0.78828125 0.0375 0.0234375
1 0.32578125 0.8015625 0.01015625 0.0078125
1 0.30546875 0.815625 0.0125 0.01171875
1 0.3140625 0.84140625 0.025 0.03359375
2 0.34375 0.81015625 0.06875 0.0375
0 0.37421875 0.88984375 0.0046875 0.0046875
1 0.42109375 0.89609375 0.04375 0.09765625
1 0.48671875 0.8765625 0.03046875 0.02421875
1 0.5125 0.88359375 0.0109375 0.00546875
1 0.50078125 0.90546875 0.0203125 0.0078125
1 0.484375 0.3453125 0.0484375 0.04296875
1 0.6203125 0.3734375 0.0921875 0.04375
1 0.540625 0.36875 0.015625 0.01484375
2 0.56015625 0.35625 0.03828125 0.0203125
0 0.359375 0.31328125 0.0046875 0.00390625
0 0.384375 0.678125 0.00546875 0.00390625
1 0.4140625 0.1515625 0.078125 0.06875
1 0.828125 0.60390625 0.04375 0.02734375
1 0.81796875 0.64921875 0.03515625 0.0296875
1 0.84375 0.6734375 0.02578125 0.02578125
1 0.94140625 0.54921875 0.0765625 0.025
1 0.83359375 0.5328125 0.04921875 0.03125
1 0.865625 0.528125 0.01953125 0.03984375
2 0.90703125 0.5984375 0.1859375 0.134375
0 0.63671875 0.5265625 0.00546875 0.00390625
0 0.99296875 0.3765625 0.00703125 0.00546875
0 0.7609375 0.43046875 0.0046875 0.00390625
1 0.975 0.2890625 0.05 0.028125