0 0.4261812787454443 0.5669822460614062 0.003416098428423453 0.006286362667090905
0 0.4392742458661708 0.3865680400620426 0.00334332382131759 0.004723862667090906
1 0.19434261973026962 0.6776272026973167 0.04619010339082212 0.08642839600572713
1 0.17652588110280912 0.5734573233609078 0.11061647642635145 0.09498633068109026
1 0.14705239681857482 0.6356482406906353 0.029764582712657715 0.06905908267027261
1 0.11771380728149154 0.5774630233529536 0.06602741439185818 0.0429329346753633
1 0.09993764826631688 0.69059882268459 0.03012845574818703 0.07687158267027261
1 0.047882842641964386 0.7173516793443631 0.033360463606069854 0.04567612667090888
1 0.11104008395551199 0.3850937100174992 0.0627568651776464 0.039771572008272395
1 0.06029091315351307 0.4509454293443631 0.033360463606069854 0.04567612667090888
1 0.2554621720448532 0.38911923337045284 0.04186647642635144 0.09418635200509069
1 0.31838601116765175 0.296832283378407 0.2005137303552929 0.080415848026726
1 0.49758539785203215 0.5443629060709513 0.13472187220695986 0.31077496268299926
1 0.3838374592673529 0.7376760067234065 0.0432448858558109 0.056722714672181596
2 0.277311323411542 0.7927169480426344 0.060393844499482 0.022565890674726852
1 0.5690024412752756 0.32007197807922366 0.03008991439185813 0.04251476400381797
0 0.2893148254784566 0.6021283107097253 0.005051373035529316 0.007867044000636269
0 0.2984929263880794 0.5561163767106798 0.0032705492142117267 0.0031613626670909055
0 0.006532250623681743 0.6988920333386361 0.011665246071058575 0.015752269334818082
2 0.20574261600621596 0.26503629602958956 0.04200771753501131 0.030160214672181596
2 0.16867710959607515 0.2888368753580443 0.03056079528527027 0.019095445337363424
2 0.3677482721259065 0.04258113538349769 0.034049668320799586 0.026944308004454333
1 0.6042163875129499 0.5542020774188142 0.10513276385373889 0.14489542401336308
2 0.07905791398208259 0.7528897373488175 0.09339043507002258 0.06042951734563573