0 0.12421875 0.52421875 0.01171875 0.0203125
0 0.28671875 0.42421875 0.02890625 0.03515625
0 0.25234375 0.33359375 0.02890625 0.04296875
0 0.21328125 0.346875 0.02421875 0.04140625
0 0.13515625 0.690625 0.0140625 0.021875
0 0.25390625 0.7140625 0.01015625 0.0171875
0 0.1734375 0.5671875 0.02890625 0.04296875
0 0.3421875 0.45390625 0.02265625 0.03515625
0 0.32109375 0.54765625 0.00703125 0.0109375
0 0.390625 0.5609375 0.00859375 0.009375
0 0.27890625 0.5015625 0.0109375 0.01171875
0 0.453125 0.41484375 0.01640625 0.0234375
0 0.4265625 0.4203125 0.01171875 0.0109375
0 0.37421875 0.3609375 0.00703125 0.0140625
0 0.35078125 0.37734375 0.01015625 0.0125
0 0.51171875 0.23515625 0.02265625 0.025
0 0.359375 0.23359375 0.02578125 0.03515625
0 0.2734375 0.6234375 0.0078125 0.01171875
0 0.28984375 0.63671875 0.01015625 0.0140625
0 0.21015625 0.69140625 0.00625 0.009375
0 0.20703125 0.76484375 0.01875 0.01796875
0 0.0984375 0.7546875 0.009375 0.01171875
0 0.91640625 0.36640625 0.0171875 0.02421875
0 0.8796875 0.3484375 0.01171875 0.0109375
0 0.7375 0.390625 0.0078125 0.01171875