0 0.6202084172300115 0.6338832654179802 0.01299107332097762 0.014280688311602674
0 0.652594331295162 0.6445986229664621 0.021185519237293705 0.0253545560063543
0 0.6141419557045988 0.6837468977232286 0.004905754809323426 0.006331820616851047
0 0.6008830091553107 0.5500031432590016 0.004905754809323426 0.006331820616851047
0 0.6558978913692959 0.5603327171222635 0.004905754809323426 0.006331820616851047
0 0.6569792417321155 0.5689401038917387 0.004905754809323426 0.006331820616851047
0 0.5869271473597456 0.4857360917168741 0.008249009618646852 0.012636367694751627
0 0.6345089862898199 0.4397202081938098 0.01299107332097762 0.014280688311602674
0 0.6114980722246693 0.4291684918790299 0.008194445916316084 0.011073867694751627
0 0.7526562632468439 0.111515161926688 0.019623019237293704 0.0253272824674041
0 0.823975702539738 0.07450213148787883 0.009647818511654194 0.00797614123370205
0 0.3793229453681618 0.21977235227018088 0.004905754809323426 0.006331820616851047
0 0.40042661905195925 0.24278315827653532 0.01142857332097762 0.014253414772652384
0 0.41346233239147046 0.23598373335761322 0.0065228185116541935 0.007921594155801338