0 0.34921875 0.49453125 0.00625 0.00390625
1 0.4671875 0.49453125 0.08046875 0.03828125
1 0.51171875 0.55078125 0.05859375 0.06484375
1 0.68125 0.46171875 0.07265625 0.046875
1 0.8140625 0.42734375 0.0453125 0.02890625
0 0.759375 0.32890625 0.01328125 0.009375
1 0.19453125 0.33671875 0.09375 0.0515625
2 0.196875 0.33515625 0.0546875 0.0328125
1 0.69375 0.7546875 0.053125 0.03046875
1 0.73046875 0.809375 0.04609375 0.03515625
1 0.66171875 0.82265625 0.03515625 0.01953125
1 0.65625 0.85390625 0.02734375 0.01640625
0 0.728125 0.8390625 0.00859375 0.0046875
2 0.70703125 0.8296875 0.06796875 0.05625