2 0.6523110622863502 0.6796464520989358 0.2470093246232416 0.6019957236735343
0 0.7973199662181937 0.14931043124925325 0.01130121285298138 0.012818248746358752
0 0.7949391122989855 0.1774808953558759 0.009556856426490868 0.006522784639736079
0 0.7584931469387215 0.16917430186150892 0.00643185642649069 0.00643185642649069
0 0.7524477354185237 0.16232490828799967 0.009556856426490868 0.006522784639736079
0 0.7876638213910432 0.13241844794230068 0.004778428213245434 0.003261392319868062
0 0.7714932521115709 0.15162308900852747 0.0063863923198681505 0.004869356426490734
0 0.7473079428612287 0.2584868544479337 0.028897889812585474 0.027380853919208283
0 0.7662170672344081 0.25247253516846146 0.00794889231986815 0.004914820533113406
0 0.715245600620503 0.23366035068701 0.007994356426490868 0.006477320533113407
0 0.7122940968595792 0.20096151095356668 0.0032159282132454337 0.003215928213245345
0 0.6605808326738143 0.23447034441880382 0.019204641066226814 0.016170569279472247
0 0.6392764825155297 0.29597614575158737 0.01755121285298138 0.01300010517284953
0 0.6554637721698308 0.3298510405787378 0.009556856426490689 0.006522784639736124
0 0.6611849232651874 0.4014987200456245 0.012772784639735945 0.00973871285298138
0 0.6941923368969565 0.5816348494333687 0.009602320533113407 0.008085284639736123
0 0.49940267412311723 0.5693491127612039 0.01598871285298138 0.012954641066226813
0 0.4698204742022595 0.5397669128403462 0.01116482053311323 0.00813074874635884
0 0.580177649512511 0.6637917830568905 0.009647784639736123 0.009647784639735946
0 0.47462867999561204 0.7769259320406761 0.0063863923198681505 0.00486935642649069
0 0.6165541040522223 0.8891040201247667 0.012772784639735945 0.00973871285298138
0 0.5330201900247419 0.8626528318823915 0.04930131802583091 0.031096887305303154
0 0.6997078656641977 0.3652513314866801 0.009556856426490689 0.006522784639736124