1 0.5709762034718754 0.4303893984244348 0.1898417117440431 0.25259880093507636
1 0.6487137516526299 0.3377246545727548 0.09732026385373889 0.1442772408266178
1 0.5051006846557378 0.2072746061717612 0.034486315963434676 0.03612839754067192
1 0.3239898875084407 0.3958790847999347 0.18057371960192592 0.2213033491396783
1 0.32841202191650953 0.5076023799794745 0.07634848428423427 0.06292724687674198
1 0.5936089904849781 0.631093380372258 0.05218323821317572 0.04716589149054791
1 0.4346599836605526 0.7586149132551576 0.05930653349844608 0.06595225292686617
1 0.3670871858940829 0.7003984131569618 0.07355743217453847 0.17069429508134384
1 0.367455367035164 0.7754165938751211 0.052765435070022626 0.059665891490547907
1 0.31422120512450524 0.773381916083828 0.07068068114108109 0.07539088544042372
1 0.35939461806862133 0.8708018167477579 0.06050516046291676 0.05814884328594587
1 0.3391228134777261 0.9389069221339522 0.04059076674922295 0.033039758976990186
2 0.3857794896564085 0.9339467113615637 0.0952825748547749 0.10052724082661797
2 0.5510855043387171 0.775129726683266 0.04673375889134022 0.06431703005422928
0 0.5314643631062227 0.790091651351301 0.004978598428423453 0.006277271077238922
0 0.5353148393276863 0.48686211222188536 0.00334332382131759 0.004705680718159222
0 0.5329218935042968 0.5697109736582039 0.004978598428423453 0.006277271077238922
0 0.5254968453235423 0.6619666513513011 0.0032705492142117267 0.0031431807181593998
0 0.45794331823523715 0.6209421964326449 0.006541098428423453 0.006286361436318444
0 0.44117104114693184 0.5796223048439013 0.003343323821317412 0.004705680718159222
0 0.22846779569504588 0.8113909761922866 0.011592471463952769 0.014126132513557366
1 0.21512227150222474 0.6590835876286052 0.04589900496239876 0.07993293969514959
1 0.21272932567883523 0.7419324490649236 0.034704639784752266 0.040815897540672094
1 0.11853383023145836 0.02822447306902867 0.044734611248705036 0.05493293969514969
2 0.2274488353987449 0.50428245814011 0.03528683664159917 0.0533158975406721
2 0.20492317204034402 0.5575529038853837 0.020860463606069857 0.045421584308955334
2 0.23789606803034932 0.22523985275391561 0.021695217535011312 0.02980567466803503