0 0.5461997456257378 0.7965130676152532 0.02094916996194396 0.016689533016686832
0 0.4901579926599883 0.7795435736081471 0.00813083498097189 0.008221935775648781
0 0.47019831973229487 0.74887342774659 0.027390170950527093 0.021704581637205678
0 0.4713496428502687 0.7005997020568495 0.053026840912470875 0.03863977611928178
0 0.5698733730786053 0.6122133107178482 0.017696835969555024 0.013400758706427318
0 0.5815894644853679 0.6510268272261917 0.017633168973360824 0.01183825870642714
0 0.657880050454923 0.6674983542499846 0.009693334980972069 0.008303822930778536
0 0.6603047134967847 0.6504746285602442 0.02732650395433254 0.020142081637205676
0 0.7051397110253268 0.641130606059007 0.017696835969555024 0.013400758706427141
0 0.6791886591618911 0.788670669378847 0.02094916996194396 0.01668953301668665
0 0.8422696379073529 0.6966513449777304 0.014571835969555025 0.013236984396167628
0 0.878800045512007 0.6556888302784094 0.017696835969555024 0.013400758706427141
0 0.8425123770329378 0.6452116757104251 0.020885502965749224 0.015127033016686654