0 0.53125 0.5703125 0.01171875 0.0140625
0 0.615625 0.65703125 0.015625 0.02265625
0 0.76796875 0.5203125 0.028125 0.0296875
0 0.65546875 0.55390625 0.034375 0.034375
0 0.7171875 0.45234375 0.01171875 0.01640625
0 0.5953125 0.73125 0.0078125 0.01171875
0 0.54921875 0.68203125 0.02109375 0.01953125
0 0.52265625 0.7125 0.00859375 0.01015625
0 0.87734375 0.77734375 0.01484375 0.02265625
0 0.83828125 0.97578125 0.0078125 0.01484375
0 0.28828125 0.75859375 0.0125 0.02421875
0 0.25390625 0.89140625 0.00703125 0.01328125
0 0.21875 0.92578125 0.0125 0.01796875
0 0.72109375 0.25546875 0.01171875 0.0171875
0 0.69140625 0.20703125 0.0078125 0.0171875