0 0.795477226887174 0.5814518752875341 0.01608002630835923 0.008176175911805573
0 0.7987611215831498 0.5384649414919437 0.01295502630835923 0.0081034407294446
0 0.8954163137047596 0.553379467043159 0.013046031570031147 0.009665940729444423
0 0.20788767967330174 0.75740788402434 0.009739021046687312 0.006468205547083272
0 0.2583889376363967 0.8280100183330206 0.011301521046687402 0.006504573138263936
0 0.32508215592519124 0.6875837336637497 0.009739021046687401 0.006468205547083272
0 0.46709170555813795 0.2988641129384371 0.013137036831702887 0.011228440729444423
0 0.5113260949218548 0.18236629075010374 0.019478042093374802 0.012936411094166678
0 0.26338360565696 0.4073708632227776 0.01295502630835923 0.0081034407294446
0 0.17518930076234143 0.796398302052361 0.008176521046687401 0.006431837955902786
0 0.17484693749522234 0.6817182062126734 0.006614021046687402 0.0063954703647222996