0 0.34375 0.5984375 0.02265625 0.02421875
0 0.2796875 0.45390625 0.01171875 0.015625
0 0.4390625 0.5375 0.0140625 0.01796875
0 0.47421875 0.515625 0.01796875 0.021875
0 0.478125 0.528125 0.01484375 0.015625
0 0.4515625 0.47421875 0.0046875 0.00703125
0 0.44140625 0.45703125 0.01484375 0.03203125
0 0.425 0.44609375 0.009375 0.015625
0 0.41875 0.47265625 0.0171875 0.03125
0 0.396875 0.46796875 0.01796875 0.03125
0 0.746875 0.5453125 0.01328125 0.0171875
0 0.60234375 0.50234375 0.0125 0.0140625
0 0.53984375 0.4375 0.00703125 0.00859375
0 0.48203125 0.409375 0.00625 0.0109375
0 0.46640625 0.4203125 0.00625 0.00859375
0 0.36953125 0.37734375 0.01875 0.0296875
0 0.3890625 0.36953125 0.0046875 0.00859375
0 0.3578125 0.39140625 0.0078125 0.01484375