0 0.5905878606992567 0.462068359922049 0.01622520072563951 0.01736931333545435
0 0.44122526695985903 0.5044478586091845 0.01967758293962447 0.026780676002545432
0 0.42612356741534596 0.40770921861077525 0.014608137023308565 0.015788632001908987
0 0.3629241629688422 0.4107893126193658 0.011483137023308564 0.015752269334818082
0 0.2774232057045989 0.6704830332988652 0.008249009618646852 0.012590906667727175
0 0.2901687423650877 0.6773688326305016 0.006468254809323426 0.006322725334181811
0 0.2536409653232457 0.6832648439688196 0.00813988221398514 0.009465906667727352
0 0.2621057405509892 0.6347091653007743 0.006577382213985139 0.009447725334181811
0 0.2864336179556509 0.6375523546308198 0.004960318511654282 0.007867044000636269
0 0.23174362875542406 0.5709739293045922 0.011592264427970279 0.01887726933481808
0 0.6059326077040319 0.49862347792014 0.006577382213985139 0.009447725334181811
0 0.5551984869227921 0.5453263025939125 0.005014882213985139 0.00942954400063627
1 0.43091030425332005 0.6343080812778663 0.03882937622353531 0.08323067067154533