1 0.6734375 0.5078125 0.14140625 0.065625
1 0.534375 0.4484375 0.06015625 0.03046875
0 0.47578125 0.41640625 0.00546875 0.00390625
1 0.540625 0.36171875 0.21484375 0.07421875
1 0.4890625 0.27734375 0.15 0.0578125
0 0.38984375 0.809375 0.0078125 0.00546875
0 0.43046875 0.8671875 0.009375 0.0078125
0 0.45078125 0.87578125 0.00390625 0.00234375
1 0.75078125 0.89296875 0.0703125 0.0765625
1 0.7765625 0.8234375 0.021875 0.028125
1 0.97109375 0.92578125 0.046875 0.10390625
0 0.8234375 0.8828125 0.0046875 0.00390625
1 0.4609375 0.79609375 0.040625 0.040625
1 0.4234375 0.784375 0.02265625 0.03828125
2 0.440625 0.7953125 0.04453125 0.03828125
1 0.09140625 0.59453125 0.06015625 0.0953125
2 0.15625 0.74453125 0.034375 0.03359375
1 0.0359375 0.33203125 0.071875 0.0375