0 0.4764682243711995 0.66875 0.011446835969555025 0.0125
1 0.48221815866759954 0.75234375 0.10331068380210837 0.08125
1 0.6130450529263809 0.64609375 0.07049818380210837 0.08125
2 0.5687485662722537 0.709375 0.0912563527754692 0.0921875
1 0.37360852672892675 0.521875 0.053472509885831784 0.046875
0 0.40150408056952874 0.38203125 0.006504667984777513 0.00625
0 0.37611280832640726 0.2765625 0.016452670950527094 0.0203125
2 0.37290287258431365 0.58125 0.05394735376405233 0.096875
1 0.361308797983465 0.62265625 0.0524193458553869 0.059375
1 0.4976203938016709 0.28671875 0.08542284684397003 0.0640625
1 0.4823229990485979 0.390625 0.021012836958138336 0.0171875
1 0.5601216882879136 0.49765625 0.014890170950527092 0.0203125
1 0.29699435821267656 0.11796875 0.048466674904859806 0.0390625
2 0.5101203938016708 0.28671875 0.039155341901054186 0.040625