0 0.5452163915710297 0.5557552725970941 0.01295502630835923 0.007957950668363623
0 0.5346128205384597 0.5347706105983667 0.01139252630835923 0.00793976933481808
0 0.6078228073842802 0.5300098379217308 0.024438557878390377 0.017460220003181703
0 0.6072466837349917 0.49327290658818546 0.01966005261671846 0.015843176002545433
0 0.6371686731410608 0.5640666645846856 0.01800654735504672 0.014262494668999893
0 0.6728786599868812 0.5597422439131403 0.008176521046687313 0.006340906667727353
0 0.6499347126741869 0.5013757605824585 0.008085515785015573 0.0047784066677271754
0 0.6585655310053338 0.5958706479153676 0.016353042093374803 0.01268181333545435
0 0.5678796178229193 0.6227245965945488 0.014608531570031147 0.009538632001908987
0 0.5457855389684287 0.5252592505967759 0.021040542093374803 0.012736357336090798
2 0.579335973409292 0.2825172199236399 0.6033642785862593 0.3864509560789055
0 0.04733887564483986 0.7053960246658182 0.013319047355046642 0.014207950668363622
0 0.4308283969032887 0.4843808066120479 0.0587981473268119 0.044404528007635946
0 0.44237211263183457 0.5483523999443207 0.014699536831702886 0.011101132001908987
0 0.4365316363093578 0.5554563752785026 0.013046031570031147 0.009520450668363623