1 0.7214433599220491 0.5954050236861693 0.050963610677908555 0.08426735141192587
1 0.826447391231732 0.772738064989823 0.12827154535327168 0.15055759263643723
1 0.9209155539067769 0.713747161387184 0.1009090666772721 0.08103470282385157
1 0.9273842772517764 0.6279687857603633 0.0429329346753633 0.06529003087881229
1 0.9657018899188674 0.625957656372619 0.014371582670272432 0.026971676959604098
0 0.9178809132320502 0.7730539652272499 0.007903406667727353 0.008039820533113407
0 0.5442648839513204 0.3745516514245611 0.006322725334181811 0.00643185642649069
1 0.29333708859804863 0.5141751264182435 0.06331816000954493 0.07213106426490726
1 0.3584910159532294 0.355078922736462 0.07487382535009016 0.125574313011266
1 0.33467116060632096 0.45441969319043307 0.018968176002545255 0.019295569279472246
2 0.3232524026098208 0.42829746239076305 0.03651930267345431 0.051045674452321776
0 0.8230394858768694 0.9312863508832002 0.007939769334818436 0.011164820533113583
0 0.8336315405395058 0.9612920996295593 0.0031795440006362695 0.004778428213245434
0 0.6677541912396862 0.7095069761143096 0.006322725334181811 0.00643185642649069
0 0.4579290366406831 0.20479542940037962 0.006322725334181811 0.00643185642649069
1 0.6819392486473645 0.16207804664742298 0.0444954346753633 0.06533549498543509
1 0.7617449273154099 0.15424046608517972 0.052162484006999674 0.0530628155185485
1 0.7286142539783647 0.18062946984610342 0.05548747867599957 0.07034124373179385
1 0.04553757729950156 0.5553156373053032 0.09107515459900312 0.1137562746106063
1 0.624609101328773 0.051779392649072456 0.022329533338636055 0.03969899749271755
1 0.5938489026495917 0.1431030746232415 0.047656797342454024 0.06855142319868043
1 0.5974466173217733 0.10256900283648687 0.04407726400381797 0.029397994985435095
2 0.683293210654046 0.11288202870073434 0.18312267735518084 0.166211336368231