0 0.578125 0.46953125 0.00703125 0.0109375
0 0.4703125 0.50859375 0.00703125 0.01640625
0 0.5296875 0.53125 0.0109375 0.015625
0 0.41640625 0.5546875 0.0125 0.01953125
0 0.465625 0.60703125 0.00703125 0.0109375
0 0.3484375 0.49140625 0.0109375 0.01484375
0 0.36640625 0.4734375 0.00546875 0.009375
0 0.29609375 0.534375 0.01015625 0.0140625
0 0.31484375 0.58828125 0.00859375 0.01484375
0 0.51015625 0.58203125 0.02890625 0.0328125
0 0.340625 0.94765625 0.0125 0.01484375
0 0.2984375 0.95859375 0.01015625 0.01640625
0 0.1765625 0.98984375 0.00703125 0.009375
0 0.14375 0.946875 0.0078125 0.01328125
0 0.17578125 0.9359375 0.00625 0.009375
0 0.45546875 0.984375 0.01328125 0.01328125
0 0.48125 0.9765625 0.01484375 0.01328125