0 0.5379276840410745 0.9976017848414896 0.03234161910658777 0.00479643031702075
0 0.35265592576890686 0.8165947644729116 0.03241439371369372 0.026455492142117266
0 0.5782874342459623 0.6117939102535198 0.026018844499482087 0.02303939371369381
0 0.5542655833363395 0.6568688157540377 0.016279971463952592 0.014790246071058633
0 0.6469433507047351 0.38167407071643644 0.02609161910658777 0.024601893713693722
0 0.7004835736164298 0.42566381926869445 0.022893844499482084 0.022893844499482084
0 0.6634801873463342 0.3292040421803892 0.022893844499482084 0.022893844499481997
0 0.6006377390417452 0.2832151459854961 0.03241439371369381 0.026455492142117086
0 0.5200812518620268 0.23092059180888563 0.022675520678164317 0.018206344499481997
0 0.4286921184874153 0.24310591459674594 0.017769696856846907 0.013300520678164406
2 0.3747858684874153 0.24059519065159388 0.23707627667402048 0.20281259263745516
2 0.5289532917706137 0.14129516563020322 0.04364299214211709 0.03321491439185813
2 0.7073009236974831 0.07757092162605926 0.24789815260503384 0.10041533870851375
2 0.6228189158396003 0.04231831823523711 0.0887371683207995 0.03063787799792801