0 0.8650855368082148 0.2368111426757272 0.020967471463952593 0.015008569892376134
0 0.5929449396226458 0.6837245682352371 0.020967471463952593 0.015008569892376044
0 0.6631333151393743 0.639234013644342 0.029143844499482086 0.023184942927905537
0 0.6673371257261257 0.532166376340789 0.03241439371369381 0.026455492142117086
0 0.6043640907799375 0.5394116420565547 0.014644696856846906 0.013154971463952591
0 0.5930841424753487 0.4958243078961549 0.01784247146395259 0.014863020678164496
0 0.5636363910276065 0.43886367845048485 0.019477746071058632 0.01649829528527036
0 0.5357661021524771 0.43208498552257935 0.022748295285270358 0.019768844499482085
0 0.48836240922457164 0.4580631346129566 0.026018844499482087 0.02303939371369381
0 0.47001266956365384 0.44859608932768624 0.011301373035529316 0.008321922249740866
0 0.4721937537240537 0.43538761393479214 0.01293664764263518 0.009957196856846906
0 0.7114488447088789 0.5600580899468588 0.01627997146395277 0.014790246071058633
0 0.711754905709915 0.6039172518575177 0.013082196856846907 0.013082196856846907
0 0.6997236325505511 0.6605118542148825 0.01449914764263518 0.010029971463952592
0 0.7438910095150219 0.6703984305173994 0.019477746071058632 0.01649829528527036
0 0.6682510006236818 0.731076911286977 0.022675520678164317 0.018206344499482087
0 0.7112390213018462 0.7158543256788352 0.009738873035529316 0.00824914764263518
0 0.6712839553384115 0.7500088478047416 0.02431079528527036 0.01984161910658777
0 0.6505647328410015 0.858656101733683 0.021113020678164496 0.018133569892376043
0 0.7058194671252357 0.7985940510717293 0.022675520678164317 0.018206344499482087
0 0.7431182599293067 0.8214707789458228 0.030924668320799497 0.027945217535011578
2 0.6447449183253088 0.9426157051267599 0.16973891935425697 0.11476858974648038
0 0.6977457938420374 0.9046985018575177 0.014644696856846906 0.013154971463952591
0 0.7045052160917784 0.894052100285941 0.011446922249741042 0.01144692224974122
0 0.7039037485567672 0.923775987589494 0.006468323821317412 0.004978598428423453
0 0.7091177874318967 0.9294994487143645 0.00646832382131759 0.004978598428423453
0 0.5967377196064352 0.7535833039672134 0.016134422249740866 0.011665246071058632
0 0.5902094296978483 0.8433178920565545 0.014644696856846906 0.013154971463952591
0 0.6319752446278257 0.9047669683590716 0.01449914764263518 0.010029971463952592
0 0.5676045295740139 0.8915905721641785 0.016352746071058633 0.016352746071058633
0 0.5706396383415194 0.8768559840748373 0.013082196856846907 0.013082196856846907
0 0.5334649700207199 0.9017446681114025 0.00646832382131759 0.004978598428423453
0 0.525545462162837 0.8700580204687676 0.00817637303552914 0.00817637303552914
0 0.5513951786643909 0.9370293507002259 0.016279971463952592 0.014790246071058277
0 0.5522684739496613 0.9182793507002259 0.011374147642635179 0.009884422249741221
0 0.5274504104674259 0.9132087069865321 0.022821069892376044 0.021331344499482086
0 0.49578087945017923 0.9375708521479679 0.0246746683207995 0.02765411910658777
0 0.5355154675395205 0.9417703546291673 0.011446922249740865 0.01144692224974122
0 0.5405839572004383 0.9506188157540378 0.008176373035529316 0.00817637303552914
0 0.5437260738258267 0.9672070022718025 0.00817637303552914 0.00817637303552914
0 0.6901797361462612 0.1762074747692124 0.02409247146395277 0.01515411910658786
0 0.4399827212590649 0.40413545988201616 0.0246746683207995 0.02765411910658777
0 0.41118563316972373 0.4004453796505579 0.01315497146395277 0.014644696856846906
0 0.3992721381321224 0.3200301335794993 0.017769696856846817 0.013300520678164406
0 0.4014874555432992 0.33970693279371095 0.011446922249741042 0.011446922249741042
0 0.3944540514905233 0.3730459716688405 0.009738873035529316 0.00824914764263518
0 0.3573950072387103 0.2945913318840882 0.019477746071058632 0.01649829528527027
0 0.3191159112914862 0.2591418294028888 0.014644696856846906 0.01315497146395277
0 0.3033282454518861 0.24509644602827735 0.011301373035529316 0.008321922249741043
0 0.28132696691583875 0.22997871422524238 0.025727746071058634 0.016789393713693722
0 0.29871136600621595 0.27698214681406563 0.00803082382131759 0.005051373035529316
0 0.25757909780925087 0.2523609824222075 0.00959332382131759 0.005124147642635179
0 0.2936599929706866 0.28457632299274804 0.021040246071058633 0.016571069892376132
0 0.3248543349889693 0.30403695243841816 0.011301373035529316 0.008321922249741043
0 0.35151091853019656 0.5385960430089587 0.011446922249741042 0.011446922249741042
0 0.348608550457066 0.4664299445805353 0.009738873035529316 0.00824914764263518
0 0.29468518383167747 0.44747658333183027 0.021113020678164496 0.018133569892376043
0 0.24872202047327666 0.3920955705115487 0.011446922249741042 0.011446922249741042
0 0.2685636395798645 0.369531365796819 0.013082196856846907 0.013082196856846907
0 0.2244883079006641 0.34085840219074914 0.01627997146395277 0.014790246071058633
0 0.23520963813212248 0.31238879983338425 0.014644696856846906 0.01315497146395268
0 0.19140828825595696 0.26102319892376147 0.022675520678164453 0.018206344499481997
0 0.17950544768541637 0.2980501639775734 0.012936647642635135 0.009957196856846906
0 0.25260899979511225 0.4095013943328663 0.030851893713693634 0.026382717535011223
0 0.22581105934840612 0.39650908870851376 0.011446922249741042 0.011446922249740954
0 0.23819974338497146 0.4331015601724665 0.014644696856846906 0.01315497146395277
0 0.5439659381749037 0.6258542562007439 0.014644696856846906 0.01315497146395277
0 0.5641885469424093 0.611920188789567 0.014571922249740864 0.011592471463952769
0 0.5398071311028091 0.5974745450758733 0.011301373035529316 0.008321922249741043
0 0.5561748397464802 0.6326864530575907 0.014644696856846906 0.013154971463952591
0 0.48687687614041036 0.6748696449520388 0.013009422249740865 0.011519696856846905
0 0.5166178800693518 0.691913749790603 0.00646832382131759 0.004978598428423453
0 0.49102072063989244 0.6531401941662505 0.008103598428423453 0.006613873035529317
0 0.50295779446121 0.6489985037195444 0.016207196856846906 0.013227746071058633
0 0.5190001714256807 0.6575751370941559 0.00646832382131759 0.004978598428423453
0 0.4903614410703878 0.7345357433804622 0.00646832382131759 0.004978598428423453
0 0.4766264268023642 0.7268495219165094 0.01784247146395259 0.014863020678164317
0 0.5315664838744587 0.7575944077723203 0.029071069892376046 0.02162244292790554
0 0.5162839321790477 0.7999445736119206 0.024529119106587772 0.024529119106587772
0 0.48476210442878864 0.7875151941662505 0.008176373035529316 0.008176373035529316
0 0.5650831511618011 0.8280546110393081 0.02899829528527036 0.020059942927905538
0 0.42393807444499937 0.7150001852749103 0.013082196856846907 0.013082196856846907
0 0.4905091443373754 0.6977442187733564 0.029143844499482086 0.02318494292790536
0 0.46420350951502193 0.6573717758454509 0.011446922249741042 0.011446922249741042
0 0.45768383581753885 0.6124402655063687 0.013009422249741043 0.011519696856846905
0 0.3908944421038451 0.6343837320079228 0.01649829528527027 0.019477746071058632
0 0.39536577233530346 0.6056230312221345 0.01806079528527027 0.019550520678164318
0 0.2877587876367844 0.5121383968140656 0.01962329528527027 0.01962329528527036
0 0.3222579121200558 0.5615048500810532 0.016352746071058542 0.016352746071058633
0 0.38260040674337226 0.49306737324041705 0.009738873035529316 0.00824914764263518
0 0.3708281528144308 0.47686017638357026 0.008176373035529316 0.00817637303552914
0 0.4079086217971842 0.5044244042576638 0.00817637303552914 0.008176373035529316
0 0.44355717742153666 0.47868169561399265 0.011301373035529316 0.008321922249740866
0 0.4602716424753487 0.489638466292157 0.008103598428423453 0.006613873035529317
0 0.5293298575291605 0.5030331863083677 0.011374147642635179 0.009884422249741042
0 0.46898940116180104 0.8235789727022977 0.016352746071058633 0.016352746071058633
0 0.46904075103796644 0.8729068846129564 0.01493579528527036 0.01940497146395259
0 0.4473455335029552 0.9016483147205804 0.0246746683207995 0.02765411910658777
0 0.5203656565384845 0.8972198339510029 0.014644696856846906 0.013154971463952591
2 0.3898906759737947 0.42059305975818173 0.12071922249741007 0.11476032092583352
2 0.5393384042621729 0.5402977458616616 0.09375430810555194 0.07140842721213972