2 0.55703125 0.8707457333642037 0.0375 0.06471706493480837
0 0.52578125 0.7548849541432106 0.009375 0.0064136412337020944
0 0.52265625 0.8111895012211114 0.0109375 0.006440914772652207
0 0.5609375 0.710521299516828 0.0125 0.014280688311602674
0 0.63359375 0.7717530799556371 0.009375 0.009538641233702095
0 0.703125 0.676008157472347 0.0125 0.012718188311602674
0 0.72734375 0.6537104176186167 0.0078125 0.0063863676947516265
0 0.6921875 0.6090115722449994 0.0109375 0.012690914772652384
0 0.65078125 0.5300468210271834 0.0140625 0.011182961850553142
0 0.584375 0.4507371964325729 0.0109375 0.009565914772652385
0 0.7234375 0.43659110146599256 0.009375 0.0064136412337020944
0 0.759375 0.4328388100701348 0.0109375 0.009565914772652385
0 0.54921875 0.40447585105895545 0.0078125 0.0063863676947516265
0 0.49921875 0.3631611043053664 0.00625 0.006359094155801337
0 0.528125 0.3509377938347851 0.00625 0.006359094155801337
0 0.753125 0.35872915422593615 0.015625 0.011210235389503432
0 0.61953125 0.2602797918061902 0.009375 0.009538641233702095
0 0.46015625 0.12946794277912488 0.009375 0.00641364123370205