0 0.36985878562617536 0.57617564191745 0.017633168973360737 0.01153770072563951
0 0.39938445954245194 0.6115327885594054 0.014508168973360736 0.01142857332097762
2 0.35713063395302014 0.6467237548941414 0.06115767589344294 0.04582342068857237
2 0.617358457108175 0.9969581232707195 0.027199169961943957 0.006083753458560892
0 0.5773144358536368 0.9001563228576416 0.027326503954332716 0.01967758293962447
0 0.27689398870565557 0.7453398149682752 0.024201503954332716 0.019568455534962937
0 0.3379999960828483 0.3878299045313217 0.009566000988583134 0.005014882213985139
0 0.3399697198853942 0.2638566911918106 0.00969333498097189 0.00813988221398514
0 0.3746431502274615 0.32981899708959317 0.03064250494291585 0.024474210344286186
0 0.27140540368750254 0.34259676088459123 0.021140170950527094 0.021021828130301047
0 0.8554859264249156 0.4706523944493387 0.020949169961944136 0.016334328130301046
2 0.664756155664669 0.3656945320208015 0.04014483893530461 0.027926592558271412
0 0.7265093977560035 0.3304043619652011 0.009693334980972069 0.00813988221398514
0 0.979366436805039 0.5241271132311456 0.024201503954332536 0.019568455534962937
0 0.8024590855124446 0.43291429227242056 0.030515170950527092 0.021349210344286364
0 0.781513868629981 0.5889906774816305 0.025764003954332714 0.019623019237293704
0 0.7713748646756482 0.5699132952676453 0.02094916996194378 0.016334328130301046
0 0.8993645549035472 0.6859425777517829 0.012945668973360825 0.011374009618646852
0 0.6155453118236295 0.7087972020764017 0.012882001977166269 0.009811509618646852
0 0.46177968878220527 0.5154142459084667 0.030451503954332715 0.019786710344286362
0 0.5131432120139099 0.6272074069783924 0.03383117193911023 0.0261458377489479