1 0.3874934678961802 0.3543494755977819 0.101965156344514 0.15614730024766904
0 0.3703559468102773 0.586616166044488 0.008067073138263936 0.011301373035529316
1 0.6445389824294787 0.567320472288013 0.2629793107891668 0.36811226095825483
1 0.6209371750587842 0.6068902404849782 0.029288762917777867 0.05130994292790554
1 0.7305108903895133 0.6706509875894939 0.06842399810013902 0.056254308105551945
1 0.5885805763693052 0.5185704491286492 0.13946646276527802 0.2250086162111037
1 0.6581475407501037 0.5538765564484128 0.022602351823611144 0.032268844499482086
2 0.6650320139646175 0.627714316787495 0.11341180262104178 0.17853172249741006
1 0.7476847790665968 0.4368217971427879 0.17314917211208342 0.12980743217453838
1 0.7104231280404164 0.3240285446615886 0.054761541603125075 0.07278683664159917
0 0.7869271573913538 0.5317190742310931 0.011192073138263935 0.011446922249740865
2 0.7419465381846526 0.2801351495001527 0.036883057370694416 0.042298815963434676
2 0.7221431844611803 0.2573140796077766 0.0403353656913195 0.0565068651776464