1 0.5275823968046014 0.6873798543053663 0.08755303262324468 0.15610572402541756
1 0.44685236714710613 0.5480639841749827 0.03861151384016459 0.0662522913958579
0 0.4054023547898165 0.4901520726487412 0.004942167984777512 0.006331820616851047
1 0.3568003701128557 0.5637083494341024 0.1063613824329643 0.23450345941492118
1 0.261921610227024 0.5184561250016477 0.08162136760421675 0.1638091298696164
0 0.8057140780980708 0.35651208929112793 0.006568334980972068 0.007921594155801338
0 0.8704915025086389 0.39212626096363923 0.00975700197716627 0.009538641233702006
0 0.8830697569572633 0.41301545942151174 0.0032523339923887563 0.0031795470779005797
1 0.9411474896942387 0.7255057767919518 0.09081068380210837 0.08277731818121907
1 0.8714225801124182 0.7603404728141923 0.03233233893530496 0.02710797077900686
1 0.9730381823564146 0.9356932544708174 0.05392363528717077 0.02817163879807012
0 0.9403927560058613 0.8029177106393277 0.0033796679847775124 0.00630454707790058
1 0.8001763439154017 0.4316620937553548 0.0487850098858317 0.04769320616851012
1 0.7838045860067362 0.39442119237538303 0.04333350593149898 0.02886138555165916
2 0.7969730894667773 0.41060925406378035 0.04734984387822046 0.050790932629559825
1 0.5406196828135252 0.06718040260108304 0.10755251482874754 0.07213982710967279
2 0.7053161941822317 0.11825020455024768 0.03909167490485963 0.03971706493480816
1 0.25906859387822057 0.04551350284266907 0.04785917984777566 0.06329093262955984