0 0.29387011544333924 0.6473177059595928 0.009420451795398143 0.00792158800127254
0 0.2702745759211401 0.40620235729631987 0.010982951795398144 0.00793976933481808
0 0.35821948263519426 0.46298761195100224 0.009429542154477666 0.009484088001272716
0 0.37454391940347775 0.4768592079487751 0.009411361436318443 0.006359088001272539
0 0.42518478971859075 0.36612115527532085 0.017251132513557366 0.011137494668999891
0 0.5102774072050335 0.3760677725970941 0.014126132513557366 0.011101132001908987
0 0.3014523739293503 0.28397282129218376 0.009420451795398055 0.007921588001272717
0 0.36724554557232325 0.254302955283275 0.009420451795398143 0.007921588001272717
0 0.34708758167667675 0.2279768126193658 0.007857951795398143 0.007903406667727176
0 0.5502388109922214 0.48965755792491256 0.009420451795397966 0.007921588001272717
0 0.5073246031466991 0.48078254459741226 0.009420451795398143 0.007921588001272717
0 0.02462923605303986 0.7348198953294093 0.009420451795398087 0.007921588001272717
0 0.11297359768575006 0.8572210593173188 0.014126132513557321 0.01110113200190881
0 0.20963549512822616 0.7584466573042741 0.012545451795398056 0.007957950668363623