2 0.85546875 0.640625 0.10390625 0.12109375
2 0.78203125 0.46328125 0.08046875 0.121875
2 0.8921875 0.54453125 0.03515625 0.0484375
2 0.9375 0.77109375 0.03046875 0.159375
0 0.8515625 0.509375 0.00859375 0.01640625
0 0.834375 0.60859375 0.0140625 0.03125
2 0.69921875 0.76328125 0.03984375 0.0515625
0 0.6421875 0.6921875 0.0140625 0.0234375
0 0.6265625 0.7671875 0.0125 0.0203125
0 0.56796875 0.69140625 0.0109375 0.0203125
0 0.525 0.771875 0.00859375 0.01484375
0 0.46015625 0.7203125 0.00625 0.00859375
0 0.41875 0.65390625 0.00859375 0.0140625
0 0.41796875 0.72578125 0.009375 0.0125
0 0.6046875 0.43359375 0.009375 0.01796875
0 0.48515625 0.4328125 0.01015625 0.0140625
0 0.44921875 0.41640625 0.01640625 0.0234375
0 0.221875 0.5328125 0.0109375 0.0171875