0 0.540256604809914 0.45866560563547926 0.00670502630835923 0.008030754809323425
0 0.47326506783703676 0.5987846633473604 0.006614021046687313 0.006468254809323426
0 0.4754568993929503 0.622976131496195 0.005051521046687313 0.006413691106992659
0 0.546087188784902 0.706621955998299 0.008358531570031146 0.009647818511654194
0 0.5970735651356136 0.6680480401190498 0.00514252630835923 0.007976191106992658
0 0.6818419492376586 0.7793823550025071 0.008358531570031146 0.009647818511654194
0 0.6426829257718968 0.5505951560909661 0.008449536831702886 0.011210318511654193
2 0.8514865913027986 0.8157315388531055 0.06912797355046649 0.1427529843909035
1 0.5526472729010644 0.8058134241471336 0.034950394625388626 0.11816964664195524
0 0.44063312031258084 0.7643203833102934 0.018370568401734032 0.02091270072563951
0 0.3415369257013096 0.6354811098966484 0.008358531570031146 0.009647818511654194
0 0.4132600072572233 0.65724449329176 0.00670502630835923 0.008030754809323425
0 0.35854314420186567 0.5511234680640166 0.006614021046687402 0.006468254809323426