0 0.5228604092536855 0.5682216549098399 0.012590906667727353 0.008249009618646852
0 0.5062461686028211 0.45244288748664474 0.017296588001272716 0.009975200725639333
0 0.47044448126195776 0.5091393207890891 0.01736931333545435 0.01622520072563951
0 0.4702728532781844 0.3896626344914198 0.02205681333545435 0.01638889183263199
0 0.40731831993954815 0.43090768258465406 0.012590906667727353 0.008249009618646852
0 0.5490614719525931 0.329903199374877 0.017351132001908985 0.01466270072563942
0 0.5636325019494114 0.3528223442027339 0.011028406667727175 0.008194445916315907
0 0.5161767939608655 0.2701388189749904 0.01733295066836362 0.013100200725639421
0 0.4574830466263656 0.2807787078123975 0.01733295066836362 0.013100200725639333
0 0.4231336765993213 0.4811160137101801 0.03949885200509069 0.03886409255827132
0 0.08925121463241066 0.2491244915624795 0.01736931333545444 0.016225200725639422
0 0.08664438263845584 0.20470236896714122 0.017332950668363555 0.013100200725639421
0 0.08035002398950049 0.0745064374787955 0.01102840666772722 0.008194445916315995
0 0.1306409253262276 0.04776039900420811 0.015770450668363533 0.013045637023308566
0 0.1357005953214551 0.08272567604605012 0.01102840666772722 0.008194445916315995
0 0.027831361951002255 0.35981894410221743 0.017387494668999894 0.01778770072563942
0 0.029847847947184248 0.38786209854872117 0.017405676002545334 0.01935020072563942