0 0.64921875 0.71953125 0.00625 0.009375
0 0.4234375 0.71953125 0.00625 0.01015625
0 0.48671875 0.64375 0.0078125 0.00859375
0 0.50078125 0.6296875 0.0046875 0.0078125
0 0.40390625 0.5734375 0.009375 0.01484375
0 0.42265625 0.4953125 0.0078125 0.01171875
0 0.31484375 0.67890625 0.00546875 0.0078125
0 0.29453125 0.61640625 0.00625 0.00859375
0 0.26875 0.63203125 0.0046875 0.0078125
0 0.53125 0.46953125 0.00703125 0.009375
0 0.51796875 0.5078125 0.00546875 0.0078125
0 0.70078125 0.97578125 0.00625 0.009375
0 0.82265625 0.90546875 0.0078125 0.0125
0 0.7421875 0.80703125 0.00546875 0.01171875