1 0.41398575282867045 0.1283076010523649 0.04700226502711473 0.022693206168510206
1 0.5662113281606354 0.11065427110002309 0.045421584308955334 0.019540932629559825
1 0.4527169756031114 0.20631955275664823 0.02508181323171641 0.014498876623205436
1 0.5360112646343312 0.2905775503210163 0.02054884933607006 0.04097955600635448
1 0.5179697917616942 0.2777639046230874 0.03758181323171659 0.0147170649348082
1 0.3334635024358869 0.3862507402574721 0.03293976502711464 0.022447744317957152
1 0.43303223126045226 0.4481388599808186 0.04384999394987581 0.017951159090609535
1 0.4394685836215844 0.48027920413662006 0.03289431323171641 0.014635244317957152
1 0.7536179629136879 0.6349662986961632 0.02822499394987581 0.017678423701106106
1 0.77153671593875 0.626686194394092 0.018840903590796286 0.01595228246740419
1 0.7737759268093344 0.6087583547025176 0.04072499394987581 0.017896612012708958
0 0.5041345507386847 0.3165809427725343 0.006277271077238922 0.004796594155801337
0 0.4648084303253758 0.2705866042987758 0.009411361436318443 0.0064136412337020944
0 0.5598618550916067 0.22771904017474656 0.006277271077238922 0.004796594155801337
1 0.5313066256778662 0.5560934561652149 0.04855567466803503 0.021157979707460584
1 0.4429708335233885 0.5451775012145207 0.03759090359079629 0.0162795649348082
1 0.7454650953290493 0.7105975442319363 0.02353749394987581 0.017596603084255057
2 0.5949903131335207 0.08928383157060435 0.07220225292686636 0.05750458279171564
0 0.5102158582148647 0.15342242369781084 0.007839771077238922 0.004823867694751715
0 0.43625163826909397 0.19587693059766967 0.006286361436318444 0.006359094155801337
0 0.38781413826909394 0.19503145089020912 0.006286361436318444 0.006359094155801337
1 0.06791122530852386 0.3941142386359143 0.045430674668035034 0.021103432629559826
1 0.34545950838781525 0.43411154179959965 0.03293976502711464 0.022447744317957152
1 0.7242708304983264 0.5586804882255819 0.03756363251355736 0.011592064934808022
0 0.7382060654712117 0.537050950076135 0.006277271077238922 0.004796594155801337
0 0.7868617340891226 0.5753964297835955 0.007857951795398143 0.007948867694751626
0 0.607755496189371 0.5378986095737815 0.006286361436318444 0.006359094155801515
0 0.6273640142415478 0.5515207788106608 0.006277271077238922 0.004796594155801514
0 0.6422941226528041 0.5666236274306891 0.0062681807181594 0.003234094155801337
0 0.6821106015755652 0.5626316026739226 0.007848861436318444 0.0063863676947516265
0 0.586184502337691 0.455499166797952 0.007848861436318444 0.0063863676947516265
0 0.6353850716195317 0.4532332832748877 0.0062681807181594 0.003234094155801337
0 0.7291714330558502 0.46111969561190813 0.010982951795397966 0.008003414772652383
1 0.6545986799325922 0.5332480657422918 0.04074317466803503 0.021021612012708957
2 0.573661776439992 0.45137472848634924 0.42896235479701905 0.4199456761334428
2 0.23128896584055408 0.6820932999172744 0.12706246974937896 0.08814665665497756
1 0.2961690772768725 0.6894751517837137 0.029823855386194253 0.023955697240056396
1 0.26411964655871334 0.6857910442352316 0.018813632513557367 0.01126478246740401
0 0.6078378303019347 0.6863224728043065 0.009411361436318443 0.0064136412337020944
0 0.7149463483541114 0.7014719602224047 0.010992042154477844 0.009565914772652385
0 0.6955196374835271 0.7190997909855255 0.006286361436318444 0.006359094155801337