0 0.483583096998379 0.3990331052673667 0.006286361436318444 0.006322725334181811
1 0.4076064042781672 0.4335086499443207 0.17371125253408284 0.3176249466899989
1 0.2748120849963264 0.4319290632956836 0.13541130093507636 0.17968859468490822
1 0.3490661546709507 0.6935472686187294 0.04252384328594587 0.058303396005727134
1 0.5081387111651721 0.206572885264185 0.05508747579950324 0.06938634667409058
1 0.7273427082383057 0.26026840790105 0.05208065046753827 0.08966248400699968
1 0.757874569871016 0.38334228123014114 0.11619769262201593 0.09978291868236289
1 0.7817711330045366 0.30416331122695944 0.03481133723582168 0.07539998933799978
1 0.8212421782822723 0.3677621872215506 0.06909543364502539 0.060174978675999566
1 0.8258574762904825 0.24584173388768696 0.045812469749379046 0.08646475867281786
0 0.9189034943426592 0.231478694541733 0.01101931323171641 0.014189769334818081
1 0.694233729806524 0.5801632845719589 0.04902837334017516 0.10212612133990877
1 0.6342587661072692 0.6839791752466858 0.20369769262201592 0.10080107336090798
2 0.7544485462596944 0.7036729625636866 0.04238748789975162 0.034865896005727134
2 0.7882104679026674 0.6743758138924595 0.028270445745273775 0.025327264003817972
1 0.8419217960633028 0.5729763985519144 0.05803975897699019 0.039735209341181486
1 0.8776017834720747 0.2139917498806873 0.03313975292686635 0.05663180800445433
2 0.9381989158874363 0.1375105185391877 0.018986349336070064 0.04084317600254535
1 0.7857415363989411 0.15881444855986854 0.02361930718159222 0.03152272000318166
2 0.6202256207078964 0.1419916699156857 0.0720568071815924 0.03208634134309048
2 0.43450576844496014 0.24102115794082088 0.04240566861791066 0.03799089600572696
2 0.4745995033196497 0.19758878393541207 0.028279536104353475 0.026889764003817974