0 0.6640649229660072 0.4526633098464631 0.006631945916316084 0.011192167984777512
0 0.6838863496450295 0.46755348079699016 0.009811509618646852 0.012882001977166269
0 0.5316269343987525 0.39171919817374545 0.011483137023308564 0.016070668973360736
0 0.5617782258685649 0.37964762110143885 0.004905754809323426 0.006441000988583134
0 0.3643128825925033 0.8590128330409866 0.009920637023308565 0.016007001977166268
0 0.40828113740182675 0.8545455089344296 0.009811509618646852 0.012882001977166269
0 0.41658471072280445 0.8408013439154015 0.013045637023308387 0.016134335969555026
0 0.42882181589494744 0.8264350963868594 0.01310020072563951 0.017696835969555024
0 0.3105901710670907 0.8067526546760858 0.006577382213985139 0.009629667984777513
0 0.2515673459320144 0.8614600593149906 0.011483137023308564 0.016070668973360826
0 0.21623004665765383 0.8428082184025195 0.013154764427970278 0.019259335969555025
0 0.22211794810893268 0.8086242193911026 0.006577382213985139 0.009629667984777513
0 0.2516467354023937 0.6799553913302129 0.006686509618646852 0.012754667984777512
0 0.24662192950461118 0.7118274738397269 0.006577382213985139 0.009629667984777513
0 0.25704850881603863 0.771711809809282 0.006522818511654283 0.008067167984777513
0 0.3411159739696483 0.7391486606075848 0.008249009618646852 0.012818334980972068
0 0.49735853948607767 0.7009204432308296 0.006631945916316084 0.011192167984777512