1 0.5929110825604396 0.8330150207831755 0.0517533975406721 0.03431281551854859
2 0.4826457482514842 0.8485598012662765 0.07993293969514959 0.04450616943775678
2 0.638827570558387 0.8648249619285447 0.03781816256778647 0.05577863855894449
1 0.6279991548673424 0.8457567131821857 0.057985216822512696 0.031369671945039104
1 0.15423998888171023 0.6186543747688908 0.048610216822512695 0.031096887305303154
0 0.6276598290443982 0.5011572670222518 0.006286361436318444 0.00643185642649069
0 0.3768523497288535 0.22975231380268885 0.010992042154477666 0.00969324874635884
2 0.33196709660559554 0.15499635471063108 0.025127265027114643 0.022602425705962936
0 0.87312984768575 0.8841445779219468 0.009429542154477843 0.009647784639735946
0 0.5669586783804682 0.4587591668639672 0.007867042154477843 0.009602320533113407
0 0.44487005494209714 0.49193171654739815 0.006295451795397966 0.00799435642649069