1 0.33359375 0.39921875 0.1109375 0.05546875
1 0.61015625 0.359375 0.046875 0.025
0 0.5265625 0.45 0.01015625 0.0078125
0 0.4234375 0.44765625 0.0078125 0.00625
1 0.38125 0.46953125 0.0421875 0.021875
1 0.26796875 0.53125 0.11015625 0.03203125
0 0.21328125 0.534375 0.009375 0.00703125
1 0.375 0.57578125 0.0734375 0.03125
2 0.378125 0.81953125 0.16484375 0.05234375
1 0.5796875 0.61328125 0.1921875 0.1390625
1 0.4453125 0.4890625 0.06328125 0.01953125
1 0.58671875 0.5265625 0.03359375 0.03359375
1 0.74140625 0.6234375 0.03828125 0.02578125
1 0.4296875 0.69375 0.11328125 0.2078125
1 0.5296875 0.5234375 0.05625 0.0234375
2 0.5015625 0.53125 0.159375 0.1671875
1 0.45703125 0.70234375 0.05234375 0.0359375
1 0.4546875 0.76640625 0.0578125 0.03515625
2 0.44296875 0.73359375 0.0734375 0.08515625