0 0.320933310966202 0.2203125 0.02223871285298138 0.0125
0 0.3562593940357277 0.321875 0.01594324874635884 0.0109375
0 0.09710203972080803 0.50234375 0.022329641066226813 0.015625
0 0.06871261526848635 0.53828125 0.009602320533113407 0.0078125
0 0.10273226260291932 0.57734375 0.015943248746358753 0.0109375
0 0.06440554849629665 0.57890625 0.02072167695960414 0.0140625
0 0.09878890868371107 0.60546875 0.02072167695960414 0.0140625
0 0.30355531353999143 0.71015625 0.01594324874635884 0.0109375
0 0.5125822872135256 0.48046875 0.012772784639735945 0.009375
0 0.5755105330568904 0.6 0.020721676959604095 0.0140625
0 0.8552508235026142 0.3296875 0.009647784639736302 0.009375