1 0.44296875 0.56171875 0.0609375 0.02265625
0 0.753125 0.57109375 0.01484375 0.009375
0 0.76171875 0.54609375 0.0140625 0.01015625
0 0.75546875 0.4984375 0.01171875 0.0078125
0 0.69609375 0.52890625 0.01328125 0.00859375
1 0.33203125 0.7984375 0.0140625 0.0265625
0 0.2265625 0.825 0.01171875 0.0078125
0 0.3265625 0.3484375 0.01328125 0.0109375
0 0.29296875 0.3625 0.021875 0.01640625
0 0.05859375 0.43359375 0.015625 0.01015625
0 0.1484375 0.45859375 0.0203125 0.01640625
0 0.26875 0.06328125 0.0171875 0.0171875
0 0.0296875 0.25859375 0.03046875 0.03125