1 0.7175318707637268 0.545010399714059 0.06282963978475245 0.04346320967712849
1 0.7703165765119139 0.4661554995902245 0.05367296360606986 0.04771406203449331
1 0.7820717138154668 0.4648284400369305 0.0756207382131759 0.05029540653397522
2 0.8068790070338225 0.6351751732877075 0.032380160462916766 0.059195217535011224
1 0.5773048612532141 0.8610250055860804 0.05926799214211727 0.03394266046291676
0 0.6170951073242728 0.8435806404084341 0.016207196856846906 0.013227746071058633
0 0.6564679764308606 0.8183601625343405 0.01293664764263518 0.009957196856846906
2 0.4523198238258267 0.9167378122438903 0.17904114474715094 0.12839048138875028
0 0.5032937806074711 0.7428615105484793 0.008103598428423453 0.006613873035529317
0 0.5074547417323416 0.7372108240307146 0.006541098428423453 0.006541098428423453
0 0.44480296195344005 0.27473440281443084 0.01449914764263518 0.010029971463952769