2 0.20113816939329024 0.7746347313017287 0.04228034190105419 0.041097714672181596
2 0.023044933270635722 0.6643255819939549 0.046089866541271444 0.06469884667409058
0 0.04922679540046393 0.5741545679901368 0.008258168973360736 0.011028406667727354
0 0.07471888532435175 0.5426227573201825 0.011383168973360735 0.011064769334818082
0 0.20479636308123034 0.6465279126352742 0.019514003954332716 0.018968176002545432
0 0.2617479945256115 0.417848381962138 0.011446835969555114 0.012627269334818081
0 0.2461548280237087 0.4172489452975926 0.008258168973360736 0.011028406667727354
2 0.25039665905034797 0.4281319012969562 0.026655341901054185 0.04091590133672707
0 0.40202016745330493 0.38654274327659355 0.008258168973360824 0.011028406667727175
0 0.377908846806789 0.32669557594686605 0.009948002965749492 0.014171588001272717
0 0.516704749962819 0.38911266526100335 0.004942167984777512 0.006304544000636269
0 0.5609587687458992 0.29957745058882174 0.006504667984777513 0.006322725334181811
0 0.5917140202287741 0.2921916645846856 0.016325336958138335 0.01736931333545444
0 0.5732094179475965 0.38220813725336733 0.0032523339923887563 0.0031613626670909055
0 0.5642946743733871 0.3518575659214127 0.016325336958138335 0.01736931333545444
0 0.6349201921678842 0.2667007685789586 0.003316000988583312 0.004723862667090906
0 0.4237479984427631 0.7923473006047301 0.008258168973360824 0.011028406667727354
0 0.47626018619920424 0.6917836792648213 0.00994800296574958 0.014171588001272717
0 0.32826303798609013 0.6060472686187295 0.016325336958138335 0.01736931333545435