0 0.2703125 0.5875 0.00546875 0.00703125
0 0.24140625 0.50390625 0.01640625 0.01796875
0 0.18203125 0.45625 0.02265625 0.03515625
0 0.27578125 0.48359375 0.01796875 0.0375
0 0.36015625 0.421875 0.0234375 0.03359375
0 0.4484375 0.325 0.00703125 0.0078125
0 0.51875 0.36640625 0.015625 0.0203125
0 0.59375 0.31171875 0.01953125 0.02109375
0 0.365625 0.57421875 0.01328125 0.01953125
0 0.428125 0.5578125 0.0140625 0.01796875
0 0.471875 0.63125 0.00703125 0.01015625
0 0.72890625 0.32578125 0.015625 0.02109375