0 0.459375 0.55234375 0.00703125 0.00546875
0 0.57578125 0.47421875 0.00546875 0.0046875
0 0.596875 0.47265625 0.00625 0.0046875
0 0.678125 0.52421875 0.0078125 0.00546875
0 0.65 0.575 0.00703125 0.0046875
0 0.7578125 0.6359375 0.009375 0.00625
0 0.5515625 0.6296875 0.009375 0.00625
2 0.80859375 0.78125 0.1234375 0.04296875
1 0.7671875 0.51796875 0.103125 0.0171875
0 0.71875 0.4234375 0.015625 0.0140625
0 0.59296875 0.353125 0.0078125 0.00625
0 0.62109375 0.4140625 0.00703125 0.00546875
0 0.5203125 0.37890625 0.0046875 0.00546875