0 0.6937822933687288 0.3574875076349123 0.02080357332097762 0.014771828130301045
0 0.5551463793035782 0.352160145291193 0.02080357332097762 0.014771828130301135
0 0.5532391389222251 0.3647419908446893 0.012827382213985139 0.009811509618646852
0 0.558953425582714 0.3715822678865313 0.012772818511654193 0.008249009618646852
0 0.5982862548941414 0.3107613297747637 0.012881945916316084 0.011374009618646852
0 0.5795511569783924 0.46863831716089194 0.019131945916316083 0.011592264427970279
0 0.30700897966639795 0.3694295239617991 0.020858137023308566 0.016334328130301133
0 0.7359996306543406 0.9168525839511148 0.02074900961864685 0.013209328130301401
0 0.8911880945420059 0.7018029589087058 0.027108137023308387 0.01655258293962447
0 0.9583185416394482 0.6306248741549828 0.016006945916316084 0.011483137023308564
0 0.9164832165043719 0.5749849985644195 0.00964781851165455 0.00813988221398514
0 0.9414088054344465 0.5271824156247951 0.009702382213985316 0.00970238221398496