0 0.49114757816003457 0.772229530966458 0.011592471463952769 0.014317073138263936
0 0.5485704722880131 0.6449753935236454 0.010029971463952592 0.014280705547083272
0 0.6314579009478949 0.6782405287822565 0.010029971463952769 0.014280705547083272
0 0.6292660465236153 0.4968450584175342 0.013009422249740865 0.0112284407294446
0 0.7644608378799442 0.5281106293715967 0.011446922249741042 0.011192073138263935
0 0.7363358378799443 0.5287652460128467 0.00824914764263518 0.009556837955902786
0 0.516100420592602 0.6027158115516663 0.010029971463952769 0.014280705547083272
0 0.6901073089296121 0.6948636779085758 0.011592471463952769 0.014317073138263936
0 0.6461561017336831 0.6747700366660412 0.00824914764263518 0.009556837955902786
0 0.7728983841986719 0.6421003941892355 0.00824914764263518 0.009556837955902786
0 0.7886347001621065 0.6777105858686105 0.00824914764263518 0.009556837955902786