1 0.63515625 0.58046875 0.07734375 0.0453125
1 0.728125 0.55390625 0.0265625 0.028125
2 0.7125 0.61171875 0.09765625 0.0875
2 0.62109375 0.81640625 0.07109375 0.03515625
1 0.32265625 0.9625 0.03359375 0.075
1 0.10703125 0.93828125 0.21328125 0.08125
2 0.2109375 0.92265625 0.0875 0.04296875
2 0.06875 0.94453125 0.07890625 0.0421875
1 0.025 0.76640625 0.05 0.0234375
2 0.23203125 0.26171875 0.11953125 0.096875
1 0.43203125 0.259375 0.040625 0.021875
1 0.6609375 0.3703125 0.10859375 0.06875
2 0.6828125 0.36953125 0.04453125 0.04453125