1 0.371875 0.39921875 0.08203125 0.03828125
1 0.490625 0.66328125 0.15078125 0.090625
1 0.45078125 0.721875 0.1015625 0.05078125
1 0.39609375 0.83359375 0.01640625 0.02109375
2 0.4671875 0.63203125 0.0390625 0.03359375
2 0.53359375 0.69453125 0.06015625 0.05234375
0 0.16328125 0.7515625 0.01015625 0.0078125
0 0.16875 0.73046875 0.0046875 0.00390625
0 0.3828125 0.621875 0.003125 0.00234375
0 0.1921875 0.61796875 0.00390625 0.003125
0 0.18828125 0.58203125 0.01015625 0.00703125
0 0.346875 0.2015625 0.009375 0.0078125
0 0.2203125 0.14765625 0.01015625 0.00859375
0 0.25078125 0.1453125 0.00859375 0.00625
0 0.40546875 0.47890625 0.00390625 0.00234375
1 0.48203125 0.628125 0.025 0.0125