1 0.5161577694398194 0.4687365305935943 0.03437930810555194 0.06755112667090887
0 0.47472997891206 0.8049740225970942 0.011738020678164318 0.01731476933481808
0 0.4463138804836365 0.8115512866009121 0.013300520678164318 0.01733295066836362
0 0.39689607734048343 0.7996330892743664 0.011592471463952769 0.014189769334818081
0 0.43957803701761194 0.7382319652689575 0.011665246071058632 0.015752269334818082
1 0.7876753585626178 0.3726587725573232 0.03056079528527018 0.019095445337363424
0 0.8342122183635808 0.26202071721836895 0.009957196856846906 0.012609088001272629
0 0.3059566317219817 0.3212637359564111 0.014863020678164496 0.017351132001908985
0 0.3270889230783105 0.2866614692870931 0.023039393713693634 0.025254538669636162
0 0.44085828639393015 0.0401580919398664 0.01337329528527036 0.018895450668363557
0 0.45338821153915526 0.1399580972708665 0.01984161910658777 0.023655676002545346
0 0.016609495451886034 0.23015057666295471 0.005560795285270287 0.01880454400063636
0 0.25752140157157655 0.004859127983773474 0.038082196856846905 0.009718255967546947