1 0.36826748372087426 0.5305994524384181 0.16830892619541976 0.13405828453190338
1 0.368457928543907 0.4402291635632887 0.20966196828879458 0.14845042431665548
1 0.6113441075819243 0.35648782609311996 0.06862817363517096 0.05461903349844599
1 0.5236698023343698 0.3360425853987449 0.029672089448421347 0.02787244292790536
1 0.5377638524614268 0.2034676798982269 0.13460178413027996 0.09041529238978611
1 0.6324672206372818 0.4649916848606256 0.20633954721387227 0.17166960049533805
1 0.5198916259271885 0.43169968775610973 0.04591871572854576 0.06602741439185814
1 0.4786141785439071 0.4453597733642516 0.03454159997176518 0.03121576674922295
1 0.5439577284592024 0.537224095737827 0.0462071420651398 0.044225188998963993
1 0.5827549179499762 0.5211110982190265 0.05182010523343692 0.033578787427387444
1 0.5704516100009986 0.5774146021479678 0.029490078925077868 0.02474744292790554
1 0.4147924151779659 0.6605438176160646 0.22040204721387227 0.17232457195929066
1 0.35715494944942006 0.5939705936709124 0.04915013154179624 0.04124573821317572
1 0.45097429693152363 0.4791333058292403 0.03721157366340595 0.023548815963434677
1 0.5111943762095372 0.13522494809519192 0.04337056840173403 0.02227741439185813
1 0.2903358446395061 0.11558872849326604 0.04391659997176518 0.03165241439185813
2 0.5429904077795683 0.1460554402373091 0.0400481473268119 0.04549659057054054
2 0.38015762287282956 0.8685168294028888 0.03472361049510884 0.03434076674922295
1 0.5633649650226742 0.8303020076484859 0.03904708944842135 0.028309090570540717
1 0.4376677440324565 0.759000588294229 0.05494510523343692 0.03372433664159917
1 0.47214915984570693 0.7356744042576636 0.06780912628012423 0.0405565334984459
1 0.3254330545416827 0.7716931792790543 0.02002407366340586 0.022748295285270358
1 0.31599787038316796 0.7167145808506309 0.03223564732681172 0.045132717535011226
1 0.611834015149731 0.6993281435042966 0.029308068401734035 0.02162244292790554
1 0.528718407285458 0.6635126139347921 0.043734589448421346 0.02852741439185813
0 0.530805281075921 0.5521941242738744 0.00983002630835923 0.00824914764263518
0 0.5345680469315237 0.4830267473094036 0.006614021046687313 0.006541098428423453
0 0.4213554153897274 0.43879725020488775 0.0033070105233436566 0.0032705492142117267
0 0.4285385838338137 0.41497876054397 0.0033070105233436566 0.0032705492142117267
0 0.45639056804879824 0.41160120347187545 0.006614021046687313 0.006541098428423453
0 0.3513544575536894 0.37398557940288885 0.004960515785015574 0.00490582382131759
0 0.514871655007558 0.29200148697032147 0.006614021046687313 0.006541098428423453
0 0.44751755503579294 0.25925745347187545 0.004960515785015574 0.00490582382131759
0 0.4401986077230985 0.2004817669541108 0.006614021046687313 0.006541098428423453
2 0.6106957203549331 0.7418172806029618 0.4607202942301004 0.5163654387940764
0 0.5140922780921491 0.9207236463997809 0.003307010523343834 0.0032705492142117267
0 0.5157989912604461 0.9098953083104396 0.0065230157850155734 0.004978598428423453
1 0.5357937018684945 0.8251222020241332 0.02122255261671846 0.016571069892376045