0 0.585049898710998 0.32994411357761777 0.014298857336090797 0.020394313231716588
0 0.6826976053866793 0.3969139658405541 0.015861357336090797 0.02040340359079611
0 0.7049276887332697 0.494692935688129 0.019059082670272433 0.02667158430895533
0 0.7122129300604518 0.449425887483527 0.00792158800127254 0.009420451795398143
0 0.7499958354153143 0.6082287157423583 0.007957950668363623 0.012545451795397965
0 0.5514123374044967 0.5273912853187867 0.012736357336090798 0.020385222872636888
0 0.5269305054105419 0.5717770895735127 0.012663632001908986 0.014135222872636887
0 0.4961703067313607 0.479416872751 0.02063976400381797 0.028243174668035033
0 0.46006917472945175 0.46514529449216874 0.01111931333545435 0.015688632513557364
0 0.40695217071131606 0.3312515626425414 0.011101132001909163 0.014126132513557366
0 0.3564072780474069 0.35126862597245384 0.014262494668999893 0.01726931323171659
0 0.37238681405154306 0.38182827956324994 0.012718176002545345 0.018822722872636886
0 0.3626123720559974 0.4145816922292324 0.007921588001272717 0.009420451795397966
0 0.3213601160486796 0.3604390928931624 0.006322725334181811 0.006286361436318444
0 0.2906913713796797 0.34307433089110984 0.009520450668363623 0.012554542154477665
0 0.3037362640435889 0.32283909894328666 0.009520450668363534 0.012554542154477665
0 0.42510328138922465 0.41416405659241723 0.00792158800127254 0.009420451795397966
0 0.5124220153962243 0.4662310715213359 0.00792158800127254 0.009420451795398143
0 0.6711254007399512 0.5437116977883774 0.033430665340545215 0.05331589754067192