1 0.5392810937520596 0.3261432005763913 0.10859552434972919 0.13932367328319833
1 0.32606843303989225 0.6258391778313123 0.10601599512873605 0.1704281240689866
1 0.2819229667251123 0.6464577388323482 0.15842397483619663 0.22126718610347992
1 0.39273991559002186 0.8377077851510759 0.14930234496658024 0.14590331306795043
1 0.88607072443575 0.6159549871752092 0.04634889448011279 0.06148546360606986
1 0.9300349586074376 0.5609250388706203 0.03511138555165942 0.043788541356328994
0 0.9328190393705583 0.580601838084832 0.006386367694751982 0.008103598428423453
0 0.7679440616916926 0.5299189797316111 0.008003414772652383 0.011301373035529316
0 0.5325793060096498 0.48611751405862663 0.0063863676947516265 0.008103598428423453
0 0.5093582199715232 0.6070100568626976 0.004796594155801514 0.00646832382131759
0 0.71448823052483 0.8151629669113294 0.012718188311602674 0.013082196856846907
0 0.6215058437553548 0.8116141277885311 0.007976141233702095 0.009738873035529139
0 0.557316658690163 0.771093981593638 0.007976141233702095 0.009738873035529316
0 0.6223060535740177 0.40741677936010756 0.009565914772652385 0.011374147642635179
0 0.6248913112846555 0.3488958039672135 0.0031795470779005797 0.0032705492142117267
0 0.6203168595803721 0.3869951174494488 0.0031795470779005797 0.0032705492142117267
0 0.6435361712687694 0.4005867365560366 0.0031795470779005797 0.0032705492142117267
0 0.614754831984232 0.5712609555387901 0.007948867694751626 0.008176373035529316
0 0.6381241481368563 0.5762588246453779 0.004769320616851047 0.00490582382131759
0 0.6181622500032953 0.5104326174494489 0.0031795470779005797 0.0032705492142117267
0 0.5663349228936225 0.6127913300220614 0.0031795470779005797 0.0032705492142117267
0 0.44096455032760684 0.44901131223938107 0.006359094155801337 0.006541098428423453
0 0.44729637094445784 0.4446149106678045 0.0031795470779007575 0.0032705492142117267
1 0.41262886485537786 0.23580068279371097 0.03492047077900686 0.03285104135632881
0 0.3613470085247119 0.30690939536632356 0.004769320616851047 0.00490582382131759
0 0.4692747366106147 0.5293002797743924 0.0031795470779005797 0.0032705492142117267
1 0.3925754634754061 0.2200108629013348 0.05232615909060954 0.04615156203449331
2 0.9396400093387861 0.6825645984239143 0.046267073863261746 0.056797963606069854