1 0.45066196140807513 0.5891625639232989 0.03229784684397004 0.06475348423243048
0 0.5749907993547966 0.5701606036265631 0.0032523339923887563 0.0031977351823609724
0 0.5867586288985611 0.5884202943560075 0.006504667984777513 0.0063954703647222996
0 0.6334730973010807 0.34396243274875055 0.008258168973360824 0.011119337955902786
0 0.6289686921307032 0.6848056382958339 0.006568334980972068 0.0079579703647223
0 0.6307367805717163 0.6606050720914242 0.0033796679847775124 0.00632273518236115
0 0.7281675374917984 0.6300291789490284 0.00975700197716627 0.009593205547083272
1 0.28477963483006014 0.5532399816669795 0.07148768083635879 0.06878767401194459
2 0.29802905133196295 0.5543303561920141 0.027517504942915848 0.02405574905006951
2 0.25151880726346204 0.5250961446610072 0.04059050790866543 0.03840918977951393
1 0.26446979342329757 0.5910848205728128 0.01814250494291585 0.023837543502986235
2 0.2636567099252004 0.5918478867772224 0.011446835969555114 0.012754573138263937
0 0.3528717657429687 0.7245168760436462 0.004942167984777601 0.006359102773541636