0 0.09775933468085977 0.5004259931755743 0.016990078925077735 0.024165246071058633
0 0.2863143294897751 0.5851949071531479 0.039957142065139985 0.04393409057054072
0 0.2606857269577612 0.6889727245643247 0.04206567363517104 0.053381865177646405
0 0.21656400063528453 0.6798673982618076 0.037196163111827295 0.05003854135632899
0 0.08804894766563018 0.3174486732831983 0.021859589448421434 0.027508569892376135
0 0.21343535551578566 0.2762864799410081 0.015245568401734032 0.02096747146395277
0 0.14478552410104634 0.4462136821745385 0.04206567363517104 0.053381865177646405
0 0.342677721554915 0.5455181310982999 0.03361613680346807 0.042080492142117266
0 0.30691379777856964 0.4467146040099947 0.010194047355046632 0.01449914764263518
0 0.381943889857827 0.42279126054397 0.011574536831702887 0.011446922249741042
0 0.2683903530967112 0.502889675350113 0.014881547355046631 0.014717471463952591
0 0.4679661478915091 0.5732878742738743 0.02507559471009326 0.029216619106587773
0 0.43836965315318094 0.5703426567388631 0.01488154735504672 0.01471747146395277
0 0.38956115585460405 0.6417060804363461 0.011938557878390377 0.017696922249741044
0 0.3606016979479788 0.6278233629013348 0.01341005261671846 0.016207196856846906
0 0.5542845375375747 0.7590498999144375 0.031598610495108835 0.03419521753501122
0 0.3891831823041377 0.7826949534718753 0.03692314732681181 0.04535104135632899
0 0.2462562898154747 0.3718194578151016 0.011756547355046632 0.014571922249741043
0 0.2628823476938651 0.35535970388616017 0.015063557878390376 0.01784247146395277
0 0.16860099765151276 0.306316428245597 0.008449536831702931 0.011301373035529316
0 0.15674501073510522 0.22742729487098554 0.024711573663405907 0.02296661910658786
0 0.04008115550166823 0.25332836124870506 0.011756547355046642 0.014571922249741043
0 0.9677155189099615 0.56052908663709 0.006325594710093441 0.02834332382131759
0 0.939651432092376 0.5850731683162904 0.014881547355046366 0.01471747146395277
0 0.7805872452324383 0.55886377108794 0.01175654735504672 0.014571922249741043