1 0.62734375 0.3734375 0.09375 0.04140625
1 0.5265625 0.41171875 0.08125 0.0234375
1 0.5375 0.38203125 0.090625 0.0390625
1 0.53203125 0.61796875 0.06171875 0.0140625
1 0.4640625 0.65234375 0.07265625 0.06015625
1 0.45625 0.7109375 0.05390625 0.0203125
0 0.421875 0.71796875 0.01328125 0.0125
0 0.38359375 0.690625 0.01484375 0.01171875
0 0.32578125 0.6734375 0.015625 0.01171875
1 0.20625 0.65234375 0.06328125 0.05703125
2 0.3140625 0.74453125 0.26953125 0.14765625
1 0.475 0.88359375 0.07578125 0.059375
1 0.56328125 0.859375 0.10859375 0.03203125
2 0.60859375 0.86015625 0.11796875 0.08359375
0 0.56171875 0.9078125 0.00859375 0.00625
0 0.52109375 0.9078125 0.00859375 0.0078125
0 0.51015625 0.89453125 0.0078125 0.00625