1 0.55234375 0.6359375 0.1328125 0.06953125
1 0.5109375 0.64453125 0.0484375 0.0203125
2 0.5484375 0.6328125 0.03359375 0.02421875
1 0.28125 0.4484375 0.13828125 0.0515625
2 0.28515625 0.44609375 0.053125 0.025
1 0.81875 0.59375 0.04609375 0.01796875
1 0.8078125 0.77734375 0.0078125 0.02109375
0 0.77265625 0.76484375 0.009375 0.009375
0 0.21796875 0.67578125 0.01875 0.01484375
0 0.303125 0.68671875 0.0125 0.00703125
0 0.3734375 0.57109375 0.0109375 0.0078125
0 0.44375 0.4234375 0.0296875 0.02265625
0 0.22734375 0.4484375 0.0203125 0.0125
1 0.2515625 0.43984375 0.021875 0.01484375
1 0.2703125 0.43046875 0.02109375 0.0125