1 0.6236589600572702 0.4074734338924995 0.16707950668363553 0.128854964665139
1 0.7097242767345423 0.4836164001731591 0.07579997867599957 0.07049564437666671
1 0.7897748560629971 0.44580596922736043 0.03323067067154532 0.036701219414791805
1 0.8531470127307245 0.4521455817845479 0.04276930267345449 0.05098192496187508
1 0.8912282680617245 0.4340670758006243 0.03964430267345449 0.05090918977951393
2 0.8061238253500902 0.3820519405420132 0.3877523492998197 0.3169043977951393
0 0.49330838872531546 0.42066637775607596 0.014226132001909165 0.014389808320624909
1 0.42572780068427196 0.1198136989944788 0.05886701734563573 0.09197060087368061
1 0.4458039433481812 0.09902842030913157 0.057340880012726816 0.09505923328250003
1 0.36381069804263444 0.3056797702328816 0.06344542934436319 0.0827047036472223
1 0.18753691000954503 0.06596657285392345 0.08557496801399936 0.10508884992375007
0 0.27432948002863505 0.2046095391345831 0.01749658267027261 0.026962543502986148