0 0.41640625 0.471875 0.00703125 0.01015625
0 0.4328125 0.484375 0.00625 0.0078125
0 0.45 0.41875 0.01171875 0.01953125
0 0.48359375 0.42265625 0.0125 0.01640625
0 0.4234375 0.38671875 0.01015625 0.0140625
0 0.43359375 0.3546875 0.00390625 0.00703125
0 0.48359375 0.3828125 0.00390625 0.00703125
0 0.39765625 0.36328125 0.00859375 0.01328125
0 0.3578125 0.44296875 0.00703125 0.0109375
0 0.44375 0.47578125 0.00859375 0.0171875
2 0.67421875 0.475 0.26328125 0.5
0 0.1921875 0.9125 0.0109375 0.01640625
0 0.4625 0.58515625 0.03125 0.0453125
0 0.4046875 0.5671875 0.0078125 0.0125
0 0.39765625 0.57109375 0.00703125 0.01015625