0 0.830384547714716 0.89161159151581 0.01967758293962447 0.027108069279472246
0 0.7794693776591158 0.9564386211409811 0.01967758293962447 0.027108069279472246
0 0.2411409653232457 0.6796179891794474 0.016334328130301133 0.02076714106622681
0 0.16849214980681632 0.6371553560307793 0.01967758293962456 0.027108069279472246
0 0.12688749236508773 0.677468118962903 0.011537700725639422 0.017505748746358664
0 0.9032069780219354 0.9614407067177894 0.008249009618646852 0.012727320533113585
0 0.882031382468439 0.9597107221571954 0.011537700725639154 0.017505748746358664
0 0.9689038998916344 0.9391959821863253 0.009866073320977619 0.0143352846397363
0 0.9544048902729875 0.9271051591459294 0.011374009618646852 0.012818248746359017
0 0.8126191504397884 0.7411940543687914 0.008139882213985317 0.009602320533113407
0 0.5561831558820841 0.8776928101747792 0.013045637023308566 0.015988712852981736
0 0.51333594617077 0.9720027513201484 0.00813988221398514 0.009602320533113584
0 0.4999728506172737 0.9700454462264411 0.0065228185116541935 0.007994356426490868
0 0.967128057248545 0.5748152334399667 0.01142857332097762 0.014380748746358663
0 0.2615378000769688 0.7486264019532864 0.011428573320977709 0.014380748746358663
0 0.21401792621568613 0.5075755046188535 0.024365082939624562 0.02724446159934022
0 0.1501067044386545 0.4241923547771381 0.014553573320977708 0.014471676959604097
0 0.1778671166897065 0.39053876880461846 0.01767857332097771 0.014562605172849529
0 0.6141369773041452 0.5217406753767585 0.016334328130301046 0.02076714106622681
0 0.6279093006251231 0.5354167304704657 0.0065228185116541935 0.007994356426490868
0 0.6822074202252363 0.5674647008452945 0.029489092558271323 0.03988085391920819
0 0.7420263643274538 0.53366035068701 0.009811509618646852 0.012772784639736124
0 0.7752406576113646 0.5890010685545564 0.014662700725639332 0.017596676959604096
0 0.7522396672300115 0.6021830301538966 0.011537700725639333 0.01750574874635884
0 0.8298835175928311 0.6085263068760739 0.01142857332097762 0.014380748746358663
0 0.6070015782999372 0.6533316561764286 0.017896828130301044 0.02081260517284953
0 0.4465725097882829 0.6501792271052534 0.022857146641955418 0.028761497492717503
0 0.5091518661415524 0.5834487166804122 0.014608137023308565 0.016034176959604095
0 0.5222694250345598 0.5783747717741193 0.01142857332097762 0.01438074874635884
0 0.5738666413692959 0.5330789921489483 0.00813988221398514 0.009602320533113407
0 0.6062252735832809 0.5415219779631832 0.00813988221398514 0.009602320533113407
0 0.39242812449425485 0.3537959720906885 0.019459328130301046 0.020858069279472247
0 0.42890133783376594 0.3456963155850555 0.014717264427970278 0.019159176959604098
0 0.4756944922802697 0.34198864238637505 0.011483137023308564 0.01594324874635884
0 0.5142510499921509 0.41594296793405333 0.00830357332097762 0.014289820533113406
0 0.523033283750082 0.35390596918769457 0.013318455534962937 0.02380121285298138
0 0.5737773282151192 0.3289681536691461 0.01967758293962447 0.02710806927947216
0 0.5765129478152325 0.36251643956252344 0.011701391832631991 0.02219324874635875
0 0.6157044225874891 0.40986280100357914 0.016443455534962938 0.023892141066226814
0 0.6346726773968125 0.4155672317241069 0.008194445916316084 0.011164820533113406
0 0.4354613949974929 0.6231309937983008 0.01622520072563951 0.017642141066226812
0 0.4826984935462141 0.5873466064929976 0.011319445916316085 0.011255748746358662
0 0.4198438294810636 0.5790089207579049 0.018005955534962936 0.02393760517284953
0 0.3255258558899333 0.4534981068887092 0.01638889183263199 0.022329641066226813
0 0.3010814165970393 0.4925295146479834 0.011428573320977709 0.01438074874635884
0 0.557301645545647 0.4170364550019297 0.00997520072563951 0.017460284639735944
0 0.5735814099736174 0.4353318139357028 0.008249009618646852 0.012727320533113406
0 0.6050496647829408 0.4406725318032493 0.00813988221398514 0.009602320533113407
0 0.7289534454529798 0.5176178135399915 0.00813988221398514 0.009602320533113407
0 0.66745543946253 0.5929193419115213 0.004905754809323426 0.0063863923198681505
0 0.6591890716765152 0.6025443944979461 0.006468254809323426 0.00643185642649069
0 0.43838051995508387 0.4603809412118761 0.00813988221398514 0.009602320533113407
0 0.45535225434598725 0.5208865321989606 0.008358137023308565 0.015852320533113407
0 0.5485045097034649 0.321883079375109 0.01142857332097762 0.014380748746358751
0 0.5801438901033514 0.2873345831360327 0.014771828130301045 0.020721676959604095
0 0.5286483666897065 0.38033207686782655 0.006577382213985139 0.009556856426490689
0 0.4580729718618496 0.39724444371915857 0.008249009618646852 0.012727320533113406
0 0.4100074940943682 0.38691234897115034 0.00813988221398514 0.009602320533113407
0 0.3754142392850448 0.38166255931684934 0.00813988221398514 0.009602320533113407
0 0.5515551317506489 0.5212154896416658 0.009756945916316085 0.011210284639736123
0 0.5982391587924909 0.5143828164429853 0.006468254809323426 0.00643185642649069
0 0.551207902169069 0.4664825255350431 0.006468254809323426 0.0064318564264908675
0 0.6157019333872622 0.3426071048436451 0.024583337748947897 0.03349446159934022
0 0.6957986611547436 0.3520071854058884 0.013045637023308566 0.01598871285298138
0 0.7136855656012474 0.34914059817972753 0.00813988221398514 0.009602320533113407
0 0.7344891389222251 0.36261206479363267 0.009756945916316085 0.011210284639736123
0 0.7376339862898199 0.40787910068701 0.01153770072563951 0.017505748746358664
0 0.6305605523544034 0.2530217676174843 0.00813988221398514 0.009602320533113407
0 0.6546156112474109 0.2476295739648327 0.006468254809323426 0.00643185642649069
0 0.6111012242241023 0.23325483689695642 0.00813988221398514 0.009602320533113407
0 0.5845015186891395 0.21056749465623065 0.012936509618646851 0.01286371285298138
0 0.5531795968194407 0.23181200884199563 0.009866073320977619 0.014335284639736124
2 0.8490154303920374 0.37257443501017695 0.2833135301218849 0.29076871865896925
0 0.37538197903342574 0.24636991699698124 0.022748019237293703 0.025636497492717503
0 0.2893824808475243 0.29188465696785143 0.011428573320977709 0.01438074874635884