1 0.41640625 0.58046875 0.0328125 0.02109375
1 0.3328125 0.73671875 0.153125 0.19296875
1 0.23125 0.68046875 0.0875 0.1078125
1 0.28359375 0.8421875 0.03125 0.0390625
1 0.32421875 0.84765625 0.04296875 0.01796875
1 0.465625 0.85234375 0.03671875 0.03671875
1 0.5203125 0.81953125 0.03203125 0.053125
1 0.55859375 0.8453125 0.05 0.01953125
1 0.515625 0.8546875 0.02890625 0.0296875
1 0.58671875 0.67578125 0.14921875 0.075
2 0.70078125 0.73515625 0.04140625 0.0265625
2 0.73125 0.771875 0.03203125 0.04609375
1 0.67421875 0.8 0.0421875 0.034375
1 0.6640625 0.8328125 0.03125 0.01640625
2 0.6984375 0.82734375 0.025 0.0078125
2 0.678125 0.840625 0.01953125 0.0171875
0 0.64296875 0.8640625 0.00625 0.0046875
1 0.51953125 0.8875 0.03359375 0.03359375
0 0.56328125 0.915625 0.00859375 0.00546875
1 0.57421875 0.73359375 0.06640625 0.03046875
1 0.7671875 0.56328125 0.046875 0.05859375
1 0.0953125 0.40859375 0.1296875 0.06875
1 0.10078125 0.325 0.0609375 0.03984375
0 0.23984375 0.3703125 0.00703125 0.00546875
2 0.1359375 0.625 0.17734375 0.3515625
0 0.56953125 0.33203125 0.00859375 0.00703125
0 0.51484375 0.36640625 0.00390625 0.003125
0 0.55859375 0.4078125 0.0046875 0.00390625
1 0.2609375 0.165625 0.0953125 0.06484375
1 0.16171875 0.10546875 0.0453125 0.0171875
1 0.1375 0.18359375 0.13984375 0.05625
1 0.16875 0.3078125 0.01640625 0.0203125