2 0.13174672952672334 0.38234233415618063 0.07427656203449332 0.05323540919430556
0 0.2491739780789813 0.44048410210795164 0.008321922249741043 0.011119337955902786
0 0.18939871773989908 0.4305083836430904 0.008394696856846861 0.012681837955902785
0 0.2994629224546288 0.41434048261691 0.019550520678164495 0.017623911094166722
0 0.24535115715314787 0.3248954696991321 0.013009422249741043 0.011228440729444423
0 0.35541320781510166 0.27517018626413225 0.016425520678164496 0.01755117591180557
0 0.38177450061917256 0.25471286910979196 0.00824914764263518 0.009556837955902786
0 0.4245827388323482 0.3025334264804865 0.016352746071058633 0.015988675911805573
0 0.49993164929526496 0.36203701947038236 0.01649829528527036 0.019113675911805572
0 0.5749916153825343 0.44884799486909766 0.011519696856846905 0.012754573138263937
0 0.609030513439454 0.30838730223979216 0.008321922249740866 0.011119337955902786
0 0.6174765601724664 0.2719049415824658 0.01315497146395277 0.014353440729444422
0 0.6192895789886042 0.49514241983097274 0.00824914764263518 0.009556837955902786
0 0.6549039013621796 0.5560623892457645 0.008176373035529316 0.007994337955902786
0 0.672380345737827 0.529155050339931 0.00981164764263518 0.009593205547083272
0 0.6942038800648426 0.2939812697547228 0.016571069892376045 0.020676175911805574
0 0.7781893899896402 0.4551382817225701 0.011446922249740865 0.011192073138263935
0 0.8949167793601077 0.6490538955140285 0.00832192224974122 0.011119337955902786