1 0.632304388895936 0.6303935897464802 0.02027800790866543 0.03837329528527036
1 0.5919022233826163 0.6377544795312324 0.018906508897248563 0.04298802067816432
1 0.505910326652377 0.7364702694398193 0.029589340912471052 0.03724744292790536
1 0.41311935429552493 0.4762284363128769 0.019705004942915848 0.02431079528527036
1 0.38054427623463516 0.5027930903656529 0.02961851581733077 0.07623716832079949
1 0.607649309809282 0.25583023738911537 0.024519838935304607 0.02765411910658786
1 0.6828482865775773 0.14196248242671666 0.015399506920082118 0.03346747146395272
1 0.7151991660447923 0.3596208633201288 0.018460839923887917 0.032050520678164406
1 0.7420056996566202 0.5180497934277527 0.031915844866803766 0.05607021753501122
1 0.7124548039149641 0.6188331974805286 0.02684634288963732 0.04647689371369381
1 0.5184129852456145 0.6975340479758666 0.029462006920082117 0.03412244292790554
1 0.2932153725843136 0.5686963802742395 0.023212006920082205 0.03383134449948209
1 0.1820338389724857 0.41419727895033204 0.023594008897248563 0.04320634449948209
1 0.20351354402913233 0.5955735574863793 0.027164677870609298 0.05428939371369381
1 0.6236748523183586 0.4570288643535861 0.020469008897248564 0.04306079528527036
1 0.6361310899610688 0.39774375558608044 0.03392401384016441 0.06708049214211709
1 0.764030596881151 0.4246615124105061 0.015081171939110405 0.02565497146395259
1 0.7035693048663662 0.22788071174855223 0.04215300790866543 0.03939213978475227
1 0.7618911408359214 0.2376880512856355 0.022349843878220456 0.050946069892376135
1 0.8723365509120334 0.20123466687756672 0.026846342889637498 0.04647689371369372
1 0.8295932939919514 0.17035069396587194 0.038484179847775836 0.06417381596343472
2 0.4752015657407811 0.2901774662966662 0.04974001482874755 0.07249573821317572
2 0.39360269174795476 0.4967057562052529 0.032841674904859806 0.040517992142117265
0 0.37228079007479964 0.5689275126153938 0.009757001977166358 0.00981164764263518
0 0.3942605608350463 0.6665281046336764 0.006632001977166358 0.009666098428423453
0 0.4596773138007958 0.6775704584387834 0.004942167984777512 0.00646832382131759
1 0.5660029096561827 0.7321059470662439 0.029398339923887917 0.03255994292790554
0 0.4792046107213155 0.5036770401179838 0.004942167984777512 0.00646832382131759
0 0.45972244026508 0.486581585403254 0.0032523339923887563 0.0032705492142117267
0 0.4284379481737455 0.525609852152477 0.004942167984777512 0.00646832382131759
0 0.3855726744477493 0.4148928300265705 0.004942167984777512 0.006468323821317412
0 0.23043418828791368 0.4878680653442622 0.006632001977166358 0.009666098428423453
0 0.28104563642447805 0.6350127390417453 0.006504667984777513 0.006541098428423453
0 0.28132020904816035 0.5841223271310865 0.006504667984777601 0.006541098428423453
0 0.31989859490398476 0.43595450082856957 0.006568334980971979 0.008103598428423453
0 0.346759525246052 0.4996702444184288 0.004942167984777512 0.00646832382131759
0 0.5524590158916929 0.8415366050479612 0.008194501977166268 0.009738873035529139
0 0.5757479827741566 0.6831226375129499 0.003316000988583312 0.004833049214211726
0 0.6215114689339921 0.6152416246926683 0.004942167984777512 0.00646832382131759
0 0.6700126359301865 0.6145481118723868 0.004942167984777512 0.00646832382131759
1 0.6120091349416034 0.6125532723353034 0.019705004942915848 0.02431079528527036
0 0.7779963019006166 0.21032503060747104 0.009820668973360824 0.011374147642635179
0 0.7918877055509382 0.14784214723285957 0.009884335969555024 0.01293664764263518
0 0.8133607989348672 0.19458871464403638 0.004942167984777512 0.00646832382131759
0 0.8848882890490355 0.14429330811006108 0.004942167984777512 0.00646832382131759
0 0.9238048449039848 0.40782711518215564 0.009884335969555024 0.01293664764263518
0 0.6060907628887623 0.4288867477281976 0.011383168973360825 0.011446922249741042
0 0.6056013315581119 0.35924633581753884 0.008194501977166268 0.009738873035529316
0 0.5699821665390838 0.36873265178097353 0.006568334980971891 0.008103598428423453
0 0.631854766843095 0.4464723540145039 0.006504667984777513 0.006541098428423453
0 0.6597768369953194 0.3825532491759397 0.004942167984777512 0.00646832382131759
0 0.7099187584401381 0.40291709905210515 0.011446835969555202 0.013009422249741043
0 0.7435934214819998 0.38412855769577636 0.008194501977166268 0.009738873035529316
0 0.7363884165390839 0.3609821561241997 0.011383168973360825 0.011446922249741042
0 0.7251763439154015 0.41238199028459954 0.00813083498097189 0.008176373035529316
0 0.7636565706836971 0.30022443858918846 0.009820668973360824 0.011374147642635179
0 0.7194927352084335 0.2921058775881525 0.006568334980972068 0.008103598428423453
0 0.7310576349044222 0.2109457688206468 0.004942167984777512 0.00646832382131759
0 0.755259138858755 0.22860414971405896 0.0033796679847775124 0.006395549214211727
0 0.795491502508639 0.3707531083577301 0.006504667984777513 0.006541098428423453
0 0.7677339170333755 0.36187041398208264 0.008194501977166268 0.009738873035529316
0 0.6175535504177418 0.2107531778358215 0.011446835969555202 0.013009422249741043
0 0.6534738043720745 0.22786574917593966 0.008194501977166268 0.009738873035529316
0 0.6887613414439435 0.40233705624803423 0.011446835969555025 0.013009422249741043
0 0.6865011630790427 0.3468683062480342 0.008194501977166268 0.009738873035529316
2 0.6167417614058875 0.4213460754784567 0.5812074625082015 0.6384077601296851
2 0.9566279792769343 0.2528827500045092 0.014826503954332538 0.01940497146395277
1 0.9720009698853943 0.20755097932634475 0.02458350593149916 0.02921661910658786
1 0.8624694609881456 0.17038492721664894 0.02139483893530496 0.027508569892376135