1 0.5375 0.4 0.09453125 0.0421875
1 0.32421875 0.54140625 0.16875 0.096875
0 0.3390625 0.64765625 0.00703125 0.00625
0 0.10625 0.56328125 0.01171875 0.0078125
0 0.0703125 0.57734375 0.00546875 0.00390625
1 0.040625 0.81171875 0.08125 0.0515625
0 0.35 0.8828125 0.00546875 0.0046875
1 0.50859375 0.6359375 0.0515625 0.04375
1 0.52421875 0.6796875 0.0203125 0.009375
1 0.41015625 0.65390625 0.07734375 0.1171875
1 0.32890625 0.50546875 0.028125 0.01640625
1 0.378125 0.50625 0.05859375 0.02578125
1 0.2515625 0.53671875 0.02578125 0.02265625
1 0.2609375 0.56796875 0.034375 0.0359375