1 0.6143048185915514 0.5534398973233675 0.2579875982129911 0.19499041736243078
1 0.30015831818451433 0.3866037683330205 0.06484552434972919 0.1358297036472223
0 0.23299413758354937 0.34209200854937477 0.008003414772652383 0.011119337955902786
0 0.20381515219404597 0.3583898089862151 0.0063863676947516265 0.00795797036472221
0 0.3280026745151803 0.3125480192829511 0.011101141233702094 0.009629573138263936
0 0.48565153328147825 0.31824989257371483 0.015897735389503433 0.015988675911805573
0 0.48314018790786084 0.28316637775607595 0.015897735389503252 0.015988675911805573
0 0.5261128920477762 0.3266793352030204 0.009538641233702095 0.009593205547083362
0 0.5613183660764891 0.7256974102411453 0.012745461850553141 0.0143534407294446
0 0.5309177999238651 0.7225003282691662 0.027026150162155815 0.027180749050069508
0 0.7298598603944464 0.6889753941892355 0.011155688311602675 0.012754573138263937
0 0.8814029951353266 0.7760363702535409 0.012745461850553141 0.014353440729444422
0 0.870401265427866 0.8247102595962146 0.012745461850553141 0.0143534407294446
0 0.8727762431067319 0.8676062744138534 0.008003414772652206 0.011119337955902609
0 0.8011990722449994 0.6732581687905201 0.01595228246740419 0.019113675911805572
0 0.34018152597787765 0.5543536595755553 0.014280688311602674 0.012827308320624908