0 0.52578125 0.471875 0.01328125 0.02109375
0 0.5875 0.48125 0.0078125 0.0125
0 0.4875 0.4171875 0.00625 0.009375
0 0.48984375 0.38828125 0.0078125 0.00859375
0 0.54296875 0.38515625 0.00625 0.00625
0 0.46953125 0.4265625 0.00625 0.009375
0 0.42890625 0.3921875 0.00546875 0.00703125
0 0.45078125 0.44140625 0.00859375 0.0125
0 0.40390625 0.3703125 0.00625 0.00703125
0 0.3828125 0.35078125 0.00546875 0.0078125
0 0.3921875 0.33515625 0.00546875 0.00625
0 0.375 0.3015625 0.00546875 0.0078125
0 0.43515625 0.45234375 0.003125 0.00546875
0 0.490625 0.48046875 0.00390625 0.00703125
0 0.51875 0.60390625 0.00625 0.01015625
0 0.55078125 0.51875 0.0046875 0.00625
0 0.2203125 0.428125 0.00703125 0.009375
0 0.43125 0.4875 0.0078125 0.01328125
0 0.39453125 0.43203125 0.01015625 0.01640625
0 0.6265625 0.50625 0.01484375 0.0171875
0 0.56640625 0.6046875 0.00859375 0.0125
0 0.34609375 0.36484375 0.01015625 0.015625
0 0.53046875 0.60078125 0.00546875 0.009375