0 0.3176911160126889 0.7783825125912277 0.021213258706427318 0.01730567466803503
0 0.31615959351145173 0.7330927384889268 0.021213258706427318 0.01730567466803503
0 0.5171112618742459 0.7584780369881162 0.033795145861557074 0.018940897540672096
0 0.6095167678671398 0.8133922750842595 0.017760710085908116 0.011037493949875809
0 0.41533964269779766 0.9269876633533535 0.012991322930778537 0.009447722872636889
0 0.3949928431727675 0.957565497662309 0.011674484396167806 0.014126132513557366
0 0.37054055631089344 0.649208096998379 0.014635710085908294 0.011019313231716588
0 0.3669961544564426 0.6125211632551577 0.017924484396167804 0.01416249394987581
0 0.4706157994134886 0.6173854043763631 0.020967597241038048 0.012618174668035031
0 0.5389729737691765 0.6989939526791609 0.014635710085908294 0.01101931323171641
0 0.6616900995043455 0.7865343384141721 0.01948698439616763 0.014171584308955331
0 0.3624148750578005 0.5360086602300955 0.016525758706427317 0.01727840359079611
0 0.5473387516974807 0.5989757719610017 0.01956887155129756 0.015734084308955332
0 0.5926379635924113 0.539355332265852 0.017760710085908293 0.011037493949875809
0 0.6839047727283798 0.46697127215739337 0.022939533016686654 0.020439765027114733
0 0.663978454320157 0.35540251308220705 0.02277575870642732 0.017314765027114643
0 0.6651149084131716 0.2890098986208265 0.024420145861557073 0.018886355386194254
0 0.47654821687177157 0.6681166574014252 0.02738137155129756 0.015779536104353654
0 0.49087074570458683 0.5438524556060271 0.01628009724103805 0.012590903590796287
0 0.4923823360482199 0.5001070007855669 0.014635710085908294 0.011019313231716588
0 0.5253320341483405 0.3780774646812134 0.024420145861557073 0.018886355386194254
0 0.6445058372914153 0.2500792088274809 0.024502033016686832 0.020448855386194252
0 0.7220576272055071 0.2605621908735 0.015127033016686654 0.020394313231716588
0 0.7200646800098977 0.3582002601553408 0.017924484396167627 0.01416249394987581
0 0.5018823253056277 0.14000529294004463 0.02121325870642714 0.01730567466803503
0 0.4785223954113311 0.8539859797083281 0.023021420171816586 0.02200226502711473
0 0.4794076232487782 0.5837507477605048 0.018088258706427142 0.01728749394987581
0 0.4081987658309748 0.4373348108940255 0.011674484396167629 0.014126132513557366