0 0.578125 0.54140625 0.009375 0.01640625
0 0.7265625 0.5015625 0.0078125 0.0125
0 0.540625 0.53515625 0.01015625 0.01796875
0 0.5234375 0.7703125 0.00546875 0.009375
0 0.50234375 0.771875 0.00625 0.01015625
0 0.3671875 0.86875 0.0078125 0.0109375
0 0.3796875 0.82265625 0.00625 0.009375
0 0.38984375 0.80703125 0.00625 0.009375
0 0.36875 0.825 0.00859375 0.0109375
0 0.3890625 0.83515625 0.0046875 0.00703125
0 0.42578125 0.86796875 0.00625 0.009375
0 0.39765625 0.92890625 0.00625 0.01171875
0 0.3109375 0.59609375 0.00546875 0.01015625
0 0.32421875 0.5078125 0.0046875 0.00859375
0 0.33046875 0.390625 0.00703125 0.009375
0 0.3953125 0.421875 0.00703125 0.0078125
0 0.3234375 0.39609375 0.0046875 0.0078125