1 0.45625 0.73671875 0.07578125 0.0375
1 0.30703125 0.86953125 0.1265625 0.1046875
1 0.3828125 0.95234375 0.0625 0.0953125
1 0.4671875 0.940625 0.05859375 0.0328125
1 0.47578125 0.97734375 0.02421875 0.009375
0 0.32578125 0.95703125 0.00546875 0.00546875
0 0.634375 0.52734375 0.00546875 0.0046875
1 0.45 0.31171875 0.0609375 0.053125
1 0.61640625 0.3453125 0.11328125 0.053125
1 0.515625 0.340625 0.01484375 0.015625
2 0.5390625 0.32421875 0.04453125 0.0265625
0 0.15390625 0.8953125 0.00859375 0.00625
0 0.12734375 0.9109375 0.0046875 0.003125
0 0.33671875 0.70703125 0.00546875 0.00390625
0 0.78046875 0.41328125 0.0046875 0.0046875
1 0.86640625 0.6203125 0.05703125 0.0328125
1 0.88984375 0.6953125 0.04453125 0.0421875
1 0.8578125 0.66875 0.06015625 0.04375
1 0.36015625 0.075 0.0953125 0.08515625
1 0.971875 0.5453125 0.05625 0.01640625
1 0.8671875 0.5328125 0.059375 0.0375
1 0.90703125 0.52890625 0.02109375 0.040625
2 0.92421875 0.61328125 0.1515625 0.1578125