2 0.6875 0.6390625 0.125 0.09921875
2 0.6109375 0.65625 0.02421875 0.015625
2 0.6296875 0.453125 0.03828125 0.0375
2 0.56328125 0.4703125 0.0359375 0.04921875
2 0.46796875 0.49765625 0.01640625 0.01484375
2 0.53359375 0.4703125 0.01171875 0.01171875
2 0.3765625 0.453125 0.15234375 0.08984375
2 0.28359375 0.465625 0.01875 0.0140625
0 0.61171875 0.50625 0.00703125 0.00546875
0 0.72890625 0.49296875 0.00625 0.00390625
0 0.55078125 0.42421875 0.00546875 0.0046875
0 0.7015625 0.5 0.0046875 0.003125
0 0.68359375 0.51796875 0.0046875 0.003125
0 0.653125 0.53125 0.0046875 0.003125
0 0.50078125 0.453125 0.003125 0.00234375
0 0.3546875 0.54453125 0.00390625 0.003125
0 0.33359375 0.52109375 0.0046875 0.003125