0 0.31875 0.43828125 0.015625 0.01484375
1 0.35703125 0.453125 0.01953125 0.06953125
1 0.2125 0.50546875 0.0984375 0.0515625
0 0.203125 0.5265625 0.009375 0.00625
2 0.31171875 0.47265625 0.09765625 0.04453125
0 0.3578125 0.50390625 0.0078125 0.00546875
0 0.63046875 0.46015625 0.009375 0.00703125
1 0.60390625 0.48046875 0.05859375 0.03671875
2 0.60859375 0.4765625 0.02421875 0.015625
1 0.61953125 0.4296875 0.0453125 0.04140625
1 0.61640625 0.51484375 0.04140625 0.02890625
2 0.63046875 0.5078125 0.0515625 0.0296875
1 0.36484375 0.32421875 0.0171875 0.01875
1 0.9796875 0.1328125 0.00703125 0.00703125