1 0.4625 0.83671875 0.0296875 0.08984375
0 0.31640625 0.9328125 0.009375 0.0078125
0 0.29453125 0.925 0.00546875 0.00390625
0 0.29296875 0.8875 0.009375 0.00625
0 0.503125 0.86875 0.00625 0.0046875
0 0.553125 0.840625 0.01171875 0.01015625
0 0.59140625 0.8765625 0.02109375 0.0140625
0 0.628125 0.75703125 0.00546875 0.003125
0 0.63046875 0.6578125 0.0078125 0.00546875
0 0.59296875 0.61796875 0.00859375 0.00625
0 0.61875 0.54765625 0.021875 0.01796875
0 0.6609375 0.53828125 0.02109375 0.01640625
0 0.715625 0.4953125 0.00703125 0.00546875
0 0.67734375 0.48359375 0.00703125 0.00546875
0 0.69296875 0.47734375 0.00703125 0.00546875
0 0.69375 0.45625 0.0046875 0.00390625
0 0.64375 0.45390625 0.00625 0.0046875
0 0.64453125 0.46171875 0.00546875 0.0046875
0 0.53125 0.4171875 0.00703125 0.0046875
0 0.59375 0.42421875 0.01484375 0.01171875
0 0.621875 0.42578125 0.00390625 0.003125
0 0.60703125 0.378125 0.00625 0.00390625
0 0.60390625 0.34921875 0.00546875 0.00390625
0 0.665625 0.33203125 0.0046875 0.00390625
0 0.29609375 0.44453125 0.00703125 0.00546875
0 0.43984375 0.2828125 0.009375 0.0078125
0 0.559375 0.3046875 0.00703125 0.00625
0 0.5265625 0.31171875 0.009375 0.0078125
0 0.4921875 0.33828125 0.00390625 0.003125
0 0.50390625 0.32578125 0.0046875 0.003125
0 0.22578125 0.23125 0.0125 0.01171875
0 0.4625 0.21640625 0.009375 0.00703125
0 0.45078125 0.2234375 0.00625 0.00546875
0 0.44140625 0.2921875 0.0046875 0.00390625