1 0.6263740824762885 0.5397774408263537 0.02625496515360979 0.03651938145888885
1 0.8046652627835078 0.607561086818541 0.2283135168750409 0.189539197947639
1 0.7594296630536602 0.7227691659407285 0.12865576805616746 0.10759690729444457
1 0.9224901690441101 0.6454767012755894 0.04662202885594056 0.03855466014423605
1 0.9217436353788461 0.6017085174799992 0.02512897477225664 0.048983013867708355
1 0.9063219881039185 0.4511636568226729 0.04366071996293321 0.04316942496187508
1 0.8638145403735038 0.3982029641933673 0.06079365626060209 0.04200696846486114
1 0.88572425670824 0.35390745032565896 0.028472229581580067 0.055305749050069505
1 0.9013418222246694 0.398111392005034 0.03557540145127867 0.03517508700597229
1 0.701748560791924 0.3472431422893744 0.10115081614940155 0.1694059230620139
2 0.7473016190519592 0.2187356293715966 0.034449411069925696 0.04763871941479172
2 0.7819568720471841 0.1811804247744438 0.05448909255827132 0.04029899810013893
1 0.8206944790334258 0.2381382863817007 0.04226191106992587 0.0478205573706945
1 0.8560689838427493 0.2435700155801382 0.02156746515360979 0.03641027868534721
2 0.8446850505403048 0.20865015492281183 0.013536710344286006 0.029978440729444424
2 0.8625545968194406 0.2277813614198257 0.021076391832632168 0.022347778685347208
0 0.8926612482707196 0.26148356098298536 0.006468254809323426 0.0063954703647222996
1 0.935444003713015 0.3894988049990617 0.03886409255827132 0.03993532218833336
0 0.9586979652384275 0.33891692354017283 0.008139882213985317 0.009556837955902786
1 0.7644668156012474 0.3520384386421521 0.04168155771188111 0.07590918977951393
1 0.555657266875041 0.17159179170003427 0.06915179328391083 0.05781380642076397
1 0.4928572658635506 0.9033340606017358 0.0925198606144388 0.14578658510611148
1 0.4039311751193778 0.9093132632990276 0.050892866604888454 0.07143989532659703
0 0.43061518229095397 0.755442727679826 0.008085318511654194 0.007994337955902786
2 0.7147297766633238 0.8309278112673258 0.4000992368379741 0.2356907653863196
0 0.3412401359270002 0.41271167344326365 0.00970238221398514 0.009593205547083272
0 0.3860640518062493 0.4648365646857983 0.003234127404661713 0.0031977351823611498
0 0.4233532314804965 0.4131461249062844 0.0032886911069926585 0.00476023518236115
1 0.21111121414211934 0.7613336242406943 0.08345239546082901 0.10966724715020852
1 0.16188751885877556 0.8742888723408331 0.02518353847458741 0.05054551386770854
1 0.24842521958441494 0.8894761548259027 0.08034724282842394 0.1548706443766669
1 0.3749133085144893 0.8396190123490971 0.02409226442797028 0.019295513867708537