0 0.45400359498666615 0.613616499933493 0.011119337955902786 0.008130748746358663
0 0.37263349373173593 0.24693981380268887 0.02554551386770836 0.024164925705962938
0 0.42123203505052054 0.3757838793212373 0.028634146276527873 0.022693353919208282
0 0.7317870221327427 0.4348539685924623 0.011155705547083273 0.009693248746358662
0 0.4732881103729859 0.2217245166265404 0.01609777868534721 0.02076714106622681
0 0.43246374183187486 0.19551971780103936 0.01606141109416672 0.019204641066226814
0 0.23569523176388865 0.31956966857982694 0.022275043502986057 0.017823997492717503
0 0.29815951738309004 0.28933425079142283 0.012790940729444422 0.012863712852981468
0 0.295035170593472 0.2556268405248662 0.025472778685347208 0.021039925705962935
0 0.32013643484243 0.6550645508705651 0.017514808320625085 0.014562605172849529
0 0.500353224545694 0.5367872269722394 0.020676175911805574 0.016216033386094963
0 0.4255896138883676 0.5244486998543507 0.0095204703647223 0.006522784639735946