0 0.3541667175293006 0.47458586006628456 0.026917056006354478 0.021240082939624472
0 0.3557622195578955 0.5659921100662846 0.02694432954530477 0.02280258293962447
0 0.336014555596022 0.6871032182336526 0.017432961850553052 0.014662700725639511
0 0.21814521712226354 0.6439484405588385 0.0268897824674041 0.01967758293962447
0 0.1615934338440806 0.49050349282842387 0.0253272824674041 0.019623019237293704
0 0.15993370210802516 0.35068702467958934 0.0268897824674041 0.01967758293962447
0 0.21044221671852173 0.3368353450053421 0.0268897824674041 0.01967758293962456
0 0.2278421765404799 0.2601463594333124 0.018940914772652383 0.011592264427970279
0 0.24542118871534452 0.32790677830778636 0.02373750892845372 0.01800595553496285
0 0.11790193506189657 0.44759674101432534 0.017432961850553052 0.014662700725639332
0 0.11016730153883225 0.4965153906515056 0.0237647824674041 0.019568455534962937
0 0.3718178676914564 0.5017485607919239 0.017405688311602673 0.01310020072563951