1 0.40566223964767334 0.3153184937983008 0.10192878875333342 0.15286423871722885
0 0.38854290235736066 0.547690724597971 0.008067073138263936 0.011164820533113406
1 0.6611452541809718 0.5085299700456244 0.26297931078916703 0.363660649379497
1 0.6375434468102773 0.5498141995916533 0.029288762917777867 0.05081835391920819
1 0.7471353459365966 0.604398748021443 0.06842399810013902 0.05507995658477523
1 0.6051868481207983 0.46409565993735225 0.13946646276527802 0.22265991316955044
1 0.6747538125015968 0.4940810251393316 0.022602351823611144 0.03188649749271768
2 0.6816564695117009 0.566487222552907 0.1118129350298613 0.17501202335696497
1 0.7634916170224997 0.3712679992750842 0.17155030452090295 0.12522262351524951
1 0.7262299659963192 0.26148983399396253 0.054761541603125075 0.07185827962517113
0 0.8027521791428468 0.46225070044958316 0.011192073138263935 0.011255748746358662
2 0.7577170085493747 0.21685328391482028 0.036883057370694416 0.041670674452321685
2 0.7379136548259025 0.19556931730091512 0.0403353656913195 0.05582410266556703