0 0.25675491275458684 0.6578111358930055 0.009465906667727175 0.008194501977166268
0 0.2233953307208611 0.4081321294672148 0.012590906667727175 0.008321835969555203
0 0.31626463072881533 0.47048223224268393 0.011064769334818082 0.011383168973360825
0 0.33361576273072435 0.4852450692008222 0.009447725334181811 0.006632001977166268
0 0.38149818471513414 0.3724068295809455 0.01731476933481808 0.011637836958138336
0 0.4699067040499522 0.38694151486592865 0.014189769334818081 0.01151050296574958
0 0.2508379833704528 0.2835287188968111 0.009465906667727175 0.008194501977166358
0 0.31766185669954394 0.2550163997331699 0.009465906667727264 0.008194501977166358
0 0.2962590240292714 0.22759439528454561 0.009465906667727175 0.008194501977166358
0 0.5142117820655424 0.5035361072612744 0.011046588001272718 0.009820668973360824
0 0.4703617847310425 0.4931596813678315 0.009465906667727175 0.008194501977166268
0 0.07724177745063096 0.8668001808363588 0.015752269334818124 0.011574169961944136
0 0.17371624077017706 0.7692168680985083 0.012590906667727265 0.008321835969555203