1 0.7784355024389272 0.6053745697629598 0.07381142126547431 0.11470430913596844
1 0.6971445921305017 0.6034601876962127 0.035929591720169365 0.09086401741285446
1 0.7334269655072962 0.6303845358417618 0.030478432629559828 0.04686835594746519
1 0.560918945621794 0.7472400859326189 0.041525026785361165 0.05369156603337366
2 0.27487235146599265 0.7385047365438744 0.04708528003177204 0.10393722749876275
0 0.2361859525216528 0.8045081948207603 0.014362508928453721 0.017924484396167627
1 0.4683628474055075 0.44993463873700945 0.04429547077900686 0.033542840343633175
1 0.5903975344992942 0.4023746432595652 0.05736821509696384 0.06701043758467104
1 0.9047815884770539 0.49000959859577514 0.03829093262955965 0.04727779172311415
1 0.5459036461082614 0.6666927708037566 0.03651024431795715 0.034695904567984215
1 0.6606475791415629 0.3200401780852743 0.045631874187573376 0.11010534034363299
1 0.680681615262415 0.4266553482570908 0.021103432629559826 0.04637703301668665
1 0.7132622901813371 0.4416562285148157 0.026063668019063256 0.0622476944820761
1 0.8144834655040011 0.15294228855529535 0.032122753246410694 0.051637743102595036
0 0.7961060178602027 0.48900594131425734 0.012718188311602674 0.01315509724103805
0 0.7764150807664161 0.5419295454527002 0.0064136412337020944 0.009702548620519025
0 0.7474639663180753 0.4981861895052351 0.0063863676947516265 0.008140048620519025
0 0.7218503116916926 0.5320322450231589 0.007948867694751626 0.008221935775648781
0 0.7236740901019069 0.6963404064885482 0.009593188311602673 0.012991322930778537
0 0.6310440795486001 0.4928668464480685 0.0063863676947516265 0.008140048620519025
0 0.6579884090939048 0.4723839280852743 0.0064136412337020944 0.009702548620519025
0 0.6806446590939048 0.47357129183465574 0.009538641233702095 0.009866322930778538
0 0.7166191152624151 0.42853875282507514 0.006359094155801337 0.006577548620519025
0 0.7163191063339612 0.44572625282507516 0.0064136412337020944 0.009702548620519025
0 0.6742015645310664 0.3051112189038772 0.009565914772652385 0.011428822930778538
0 0.6539475657488824 0.3454938794647553 0.009593188311602673 0.012991322930778537
0 0.6344180900986116 0.20997245929293876 0.0064136412337020944 0.009702548620519025
0 0.7089174837679456 0.28738148631673177 0.011210235389503253 0.016198210085908292
0 0.7983033120954344 0.22872686058156272 0.009593188311602673 0.012991322930778537
0 0.7465890332814783 0.36911616519497553 0.009593188311602673 0.012991322930778537
0 0.4998098961082613 0.6642770997274289 0.012718188311602674 0.01315509724103805
0 0.6307225255708404 0.42169120929293874 0.011155688311602675 0.013073210085908293
0 0.6318622857171102 0.4459918464480685 0.0064136412337020944 0.009702548620519025
0 0.33558770901447454 0.7096261420163698 0.02072160308425506 0.024502033016686832
2 0.7447867999205698 0.293171140884716 0.41667640015886037 0.5291850474888652
0 0.7090327118538483 0.5047737042045561 0.014335235389503431 0.01636198439616763