0 0.6664129782917323 0.58125 0.01134693577564878 0.0078125
0 0.605421246609098 0.52265625 0.00978443577564878 0.0078125
0 0.8653040954320158 0.0359375 0.011346935775648603 0.0078125
0 0.6871447959069855 0.06640625 0.01134693577564878 0.0078125
0 0.6591559147447497 0.1234375 0.008221935775648781 0.0078125
0 0.18283359565915833 0.46171875 0.012909435775648782 0.0078125
0 0.23218846449692238 0.51875 0.01159259724103805 0.0125
0 0.2641278612629906 0.47578125 0.008221935775648781 0.0078125
0 0.1271634497976013 0.48046875 0.01134693577564878 0.0078125
0 0.10384213647776122 0.4484375 0.008221935775648736 0.0078125
0 0.47749539970674426 0.31015625 0.012909435775648782 0.0078125