1 0.4053733705949295 0.4966255795809456 0.07502936305535765 0.11061384783255335
1 0.6176744914722077 0.689213622090022 0.1554896787556686 0.20741986364988402
0 0.7214218467762319 0.6505742278312406 0.008358531570031146 0.00969333498097189
0 0.7094124833679384 0.9127413053978387 0.01331904735504672 0.014571835969555025
0 0.7348065964938831 0.9472900603407546 0.005051521046687313 0.006441000988583312
1 0.9725272903897274 0.914444362735663 0.05494541922054523 0.07461268083635879
0 0.9578606047393269 0.5885039452451769 0.006705026308359408 0.008067167984777513
1 0.6551612679923284 0.4764072159682426 0.06310621572854594 0.0664818458553869
1 0.6957106732822351 0.45000122486549116 0.015427578925077689 0.02401050296574958
1 0.7045535942159831 0.5750648918616855 0.1469953683170294 0.11510502965749528
1 0.5796662572572233 0.6923412806832594 0.027002115756780753 0.03539367193911023
1 0.5641630836220523 0.6402694447137043 0.04610072625188959 0.06890650889724856
1 0.6362417519249642 0.7671303750557715 0.033161110495108836 0.03408583992388792
1 0.664882691415738 0.750371297983465 0.04795165258848364 0.04715884288963732