1 0.6031957690780188 0.46691956053746997 0.11211026217486478 0.0710615228654909
1 0.5506241481368562 0.5265326627143881 0.0886454886359143 0.06868056733052796
0 0.46896504505260117 0.5528074752355927 0.011073867694751627 0.008194445916316084
0 0.4951668551161452 0.34889130155179526 0.007948867694751626 0.008085318511654283
1 0.8357531245979057 0.518137287039007 0.04111592370110628 0.02954365626060227
1 0.8203229935104736 0.5522493922111501 0.026998876623205346 0.025927582939624473
1 0.8181332021146156 0.588241455913481 0.047638659090609534 0.04538691106992552
0 0.5024637431067317 0.8701933826773214 0.014253414772652384 0.01142857332097762
1 0.23543770455024768 0.6913516531805594 0.028561376623205438 0.025982146641955417
1 0.21843103125288338 0.41320929501319137 0.10306254464226869 0.08948414065150559
0 0.339392367698047 0.46129707623138455 0.006359094155801337 0.006468254809323426
0 0.43544520738962145 0.4602851585380369 0.004769320616851047 0.004851191106992658
0 0.3214935758951521 0.3237251543616857 0.009538641233702095 0.00970238221398514