0 0.4125 0.27578125 0.0078125 0.00625
0 0.43515625 0.2890625 0.00390625 0.003125
1 0.42890625 0.45390625 0.06875 0.03203125
1 0.5109375 0.67421875 0.10703125 0.0875
1 0.5078125 0.646875 0.01640625 0.00859375
2 0.4953125 0.64921875 0.02890625 0.028125
2 0.54140625 0.7015625 0.04453125 0.046875
1 0.4609375 0.703125 0.0375 0.0203125
0 0.25 0.7296875 0.00703125 0.00546875
0 0.28203125 0.5984375 0.00703125 0.00625
0 0.190625 0.5 0.0046875 0.00390625
0 0.2984375 0.23046875 0.009375 0.00859375
0 0.325 0.22578125 0.0078125 0.00546875
0 0.3515625 0.10703125 0.0109375 0.009375