2 0.71015625 0.79453125 0.034375 0.03515625
2 0.571875 0.9671875 0.05546875 0.065625
0 0.49140625 0.91328125 0.00859375 0.00625
0 0.465625 0.88515625 0.009375 0.0078125
0 0.58828125 0.77578125 0.015625 0.0140625
0 0.3796875 0.69140625 0.0109375 0.00859375
0 0.37578125 0.70625 0.00859375 0.00625
2 0.38828125 0.70390625 0.03671875 0.01875
0 0.375 0.5546875 0.009375 0.00625
0 0.3125 0.56953125 0.01171875 0.0078125
0 0.396875 0.44609375 0.00625 0.00390625
0 0.31953125 0.39296875 0.00625 0.00390625
0 0.31875 0.3625 0.01484375 0.0109375
0 0.4015625 0.39140625 0.00390625 0.00234375
0 0.3703125 0.39609375 0.015625 0.0109375
0 0.30234375 0.31875 0.0046875 0.003125
0 0.7671875 0.5859375 0.009375 0.00546875
0 0.6796875 0.5234375 0.0109375 0.00703125
0 0.57109375 0.653125 0.015625 0.01171875