1 0.3455293424913396 0.3076173055559256 0.24491186680159913 0.3269502595669114
1 0.4537036906368888 0.3412444963055833 0.21729147783744712 0.2762228338609486
1 0.5855501549066686 0.2442976369760987 0.13187187697836436 0.1645291644231918
2 0.3297085114199607 0.08038721582248233 0.11510710085908257 0.11255748746358767
1 0.04391261080870533 0.37507655634734843 0.027374727498762807 0.046039925705962936
0 0.365873899252459 0.5315860029695009 0.008221935775648781 0.008039820533113407
0 0.4137857767966503 0.4902874015575751 0.008221935775648781 0.008039820533113407
0 0.4004226396415206 0.48911134646386784 0.008303822930778536 0.009602320533113407
0 0.40988617084918505 0.4606680977175091 0.008385710085908294 0.011164820533113406
0 0.46549211894930576 0.5811109783588947 0.008303822930778536 0.009602320533113407
0 0.4787745324508599 0.20749998211981832 0.013236984396167805 0.014426212852981379
0 0.39968349672063963 0.11669077718439569 0.010030097241038049 0.012772784639736124
2 0.41313956637205784 0.254008920757905 0.08460072930778502 0.09606866943775678
1 0.768274123699004 0.2671488006078677 0.0545923247398008 0.05931281551854841
0 0.7289393860234761 0.3825297596999254 0.008221935775648604 0.008039820533113407