0 0.3501667844927037 0.6012946931904332 0.023710235389503433 0.016306961599340218
0 0.3554058892018118 0.40935724577685784 0.020530688311602673 0.013091033386094963
0 0.47546897321134346 0.443303999933493 0.014253414772652384 0.011346676959604096
0 0.45483887337349926 0.4692527344940868 0.011101141233702094 0.00969324874635884
0 0.7236473745913152 0.43568904288649934 0.017378414772652385 0.01143760517284953
0 0.7489377008902091 0.4083142006457735 0.017405688311602673 0.01300010517284953
0 0.8208536111986348 0.41274929955041684 0.017378414772652208 0.01143760517284953
0 0.13479474918263054 0.8331882362099463 0.0237647824674041 0.01943196159934004
0 0.6402581761334428 0.44497546318218595 0.011073867694751627 0.008130748746358663
0 0.582459312902918 0.4440745412371466 0.011128414772652384 0.01125574874635884
0 0.6386217637964224 0.35122546318218584 0.009484094155801337 0.006522784639736124
0 0.6479285799490466 0.34759199782192196 0.012636367694751627 0.008176212852981379