1 0.5110957419372294 0.38406753138782923 0.11229460049533806 0.20047620435383653
1 0.48574683147431263 0.44108885770403183 0.04382708271265763 0.07016865626060227
2 0.5153102069910414 0.39438747249482187 0.03826628742738745 0.0512549651536097
0 0.34858700992930663 0.798606202624556 0.02630994292790545 0.028998019237293705
0 0.36089441894448127 0.6855704892850449 0.011665246071058632 0.016006945916316084
0 0.5293383579434453 0.6476315235832809 0.014863020678164317 0.01767857332097762
1 0.6607595241973303 0.8165501930907272 0.1098588052100677 0.1816716406515056
1 0.683595556662319 0.8470834304768553 0.021695217535011226 0.030396828130301045
1 0.6640086486806016 0.8643974160488852 0.025111315963434678 0.036755955534962935
2 0.6661918868937773 0.8175224160488851 0.045389582712657625 0.07022321996293321
0 0.7541585754784565 0.6257466330165933 0.037756865177646405 0.04031746515360979