2 0.2732937420865422 0.6348163030486431 0.14027087516934209 0.11640991316955063
2 0.3531073948455042 0.6449749015575751 0.027463258706427317 0.017960389812585475
2 0.33036369290019635 0.43892112984996273 0.04587906603337357 0.041897994985435005
2 0.39841765208159347 0.45020195915856476 0.04340916327441162 0.05430706677218975
2 0.49735311906490665 0.4676047563347131 0.01808825870642732 0.01768760517284953
2 0.42900923281428816 0.44697165907942243 0.014799484396167628 0.014471676959604097
2 0.5898991451841885 0.41342807020390904 0.16790455223856354 0.10785326708875882
2 0.6857062901412343 0.4161007776466141 0.021131371551297563 0.016216033386094963
0 0.3494545296257848 0.4914096323572452 0.008140048620519025 0.006477320533113407
0 0.22938769109117402 0.49022286856719166 0.006413774310259512 0.0033068564264906895
0 0.41033115389061575 0.40149167451882867 0.006577548620519025 0.00643185642649069
0 0.25730797320334964 0.4933107646479834 0.0048512743102595126 0.003261392319867973
0 0.2758565773417926 0.5114924633151998 0.0048512743102595126 0.003261392319867973
0 0.30653336725588437 0.5215206811827462 0.0048512743102595126 0.003261392319867973
0 0.46288626583097486 0.42570441284034616 0.0032887743102595125 0.0032159282132454337
0 0.6147553030315331 0.5047517521780781 0.0032887743102595125 0.0032159282132454337
0 0.6355967475136092 0.4791834508452945 0.0048512743102595126 0.0032613923198681503