0 0.26073594945770706 0.43903172550491565 0.007857951795398143 0.007857951795397966
0 0.2770149344305924 0.4610021742752516 0.003143180718159222 0.003143180718159222
1 0.4419950398167867 0.43852370715815125 0.03791815651766246 0.07209316861791085
1 0.6736808561717612 0.4992486254814745 0.10069086729005097 0.11933178298109545
1 0.6447746061717612 0.4990804538385015 0.011037493949875809 0.017251132513557366
2 0.6464143742239379 0.48580829419758115 0.0314318071815924 0.0314318071815924
2 0.7039859797083281 0.5275508874835271 0.051853391490547907 0.05029998184962743
1 0.6974274283804682 0.4462599808676687 0.02522725897699054 0.039207945745273955
0 0.7033739431129952 0.22988100194490757 0.006286361436318444 0.006286361436318444
0 0.5734182775201465 0.2752202521412993 0.006286361436318444 0.006286361436318444
0 0.46452052137182653 0.19255267700572606 0.0031522710772389217 0.004705680718159222
0 0.2043455697728201 0.32854367739850954 0.011001132513557365 0.011001132513557365
0 0.20183819330938696 0.35665504185989005 0.007857951795398143 0.007857951795398143
0 0.08442343433239652 0.3950357649289188 0.011010222872636932 0.012563632513557276