1 0.12421875 0.42890625 0.0453125 0.0375
1 0.40078125 0.26484375 0.06171875 0.05234375
1 0.39921875 0.35 0.09765625 0.06328125
1 0.39609375 0.44140625 0.03125 0.03203125
1 0.83515625 0.6359375 0.17109375 0.10234375
1 0.98125 0.4703125 0.0375 0.02265625
0 0.98359375 0.5390625 0.00703125 0.00546875
1 0.7328125 0.925 0.03203125 0.00703125
2 0.7609375 0.9390625 0.08125 0.02890625
1 0.4484375 0.92109375 0.05 0.025
1 0.96953125 0.6921875 0.02734375 0.01328125
2 0.9890625 0.69765625 0.02109375 0.028125
2 0.9921875 0.49921875 0.01484375 0.0734375
0 0.84765625 0.14765625 0.015625 0.0078125
1 0.67421875 0.009375 0.06015625 0.01875
1 0.71875 0.05703125 0.01796875 0.0125
1 0.959375 0.0484375 0.03203125 0.0171875
1 0.9796875 0.06640625 0.0359375 0.0109375
1 0.93515625 0.02890625 0.02890625 0.01953125
1 0.840625 0.0296875 0.028125 0.01796875
1 0.7828125 0.02578125 0.021875 0.021875
1 0.2703125 0.40703125 0.0234375 0.0171875
1 0.315625 0.4265625 0.0203125 0.0125
2 0.2328125 0.47578125 0.3421875 0.30625
1 0.29765625 0.47109375 0.0203125 0.00703125
1 0.30078125 0.51640625 0.0171875 0.009375
1 0.3078125 0.44921875 0.01796875 0.0125
1 0.68828125 0.03359375 0.02265625 0.02109375
2 0.84453125 0.0984375 0.30234375 0.18984375
0 0.9859375 0.1015625 0.0078125 0.00703125
1 0.91328125 0.17421875 0.02890625 0.03046875
1 0.87421875 0.05546875 0.034375 0.01875
1 0.8734375 0.12734375 0.03828125 0.01640625