0 0.557222975653566 0.5957910942027339 0.01913182954530477 0.022529764427970278
0 0.40745044115427176 0.2301537144358195 0.012745461850553141 0.014499009618646853
0 0.38856011931960477 0.19411701071495518 0.012745461850553053 0.014499009618646853
0 0.3915527057647684 0.24632435145912807 0.012745461850553053 0.014499009618646853
1 0.3432071144516361 0.511133385124392 0.24771612012708832 0.4146528101589517
1 0.4864270547918337 0.4022891200634495 0.3261604943146619 0.5251389315731636
0 0.4631439188364327 0.752108070789089 0.01123750892845372 0.017569445916316085
0 0.43444222037856034 0.7413987492822098 0.01762387662320535 0.02560020072563951
0 0.48525865219734127 0.8270708652541261 0.012718188311602674 0.012936509618646851
2 0.38364160511944057 0.8337425059056318 0.10996710957707681 0.127202395460829
1 0.7452059910748415 0.47211051362536205 0.1611865105500115 0.2882688702330857
2 0.4466497142894803 0.53406739891939 0.10706029788867966 0.13959326805616729