0 0.4829689392764969 0.4888863744396864 0.025764003954332537 0.019477425705962937
0 0.4748261754363325 0.4234204988128658 0.014571835969555025 0.012909176959604095
0 0.438226783649009 0.5425940476383668 0.011255834980972068 0.00813074874635884
0 0.40794903463759213 0.5481680977175091 0.011319501977166269 0.00969324874635884
0 0.38934627326888566 0.49473922083704724 0.00813083498097189 0.008039820533113407
0 0.45220837060714736 0.559395102732074 0.011255834980972068 0.008130748746358663
0 0.42921388098727065 0.609341278438037 0.00969333498097189 0.008085284639736123
0 0.47234445707099404 0.5736705513992906 0.014571835969555025 0.012909176959604095
0 0.41401730391496405 0.6395061515575751 0.009693334980972069 0.008085284639735946
0 0.3995064763483659 0.6673045426238019 0.01125583498097198 0.008130748746358663
0 0.38128305836358833 0.6615773798499627 0.00813083498097189 0.008039820533113407
0 0.35108356380079575 0.6882679119824163 0.01125583498097189 0.00813074874635884
0 0.48929187653864636 0.5864744282797524 0.006441000988583134 0.004869356426490867
0 0.5015571131927735 0.5227612692668369 0.008003500988583134 0.004914820533113406
0 0.6194821008354838 0.4606667830568904 0.012818334980972068 0.008176212852981379
0 0.5236284313678314 0.450158843560874 0.008130834980972067 0.008039820533113407
0 0.5242730074887358 0.8115055205204781 0.011255834980972068 0.008130748746358663
0 0.5250702090481603 0.5815225038274308 0.016070668973360826 0.011392141066226814
0 0.47945130292638094 0.6329091590794225 0.01932300296574958 0.014608069279472247
0 0.4901673325466951 0.3776078936400163 0.022639003954332715 0.0193864974927175
0 0.6073521739534578 0.4125247997499379 0.014571835969555025 0.012909176959604095
0 0.42431281676654536 0.7002163310244617 0.017760502965749582 0.014562605172849529
0 0.6127545983640259 0.4491298894833811 0.01125583498097189 0.008130748746358663