0 0.44045610872849716 0.4352010219210188 0.006340906667727175 0.008103598428423453
2 0.3811356527291335 0.4426539569910413 0.038263616008908666 0.06737159057054054
2 0.40524476738540666 0.3649270632773476 0.033430665340545215 0.05465326674922295
2 0.23986685741563257 0.5954065835412272 0.15948518268618095 0.15110023531769165
2 0.5897026780712695 0.4978186842459623 0.12792610001590835 0.1230822431755744
2 0.564103788749178 0.5818683525667618 0.020603401336727067 0.025946069892376043
2 0.34645266474376923 0.5521402729544761 0.01900453866963616 0.022748295285270358
0 0.49548795938095236 0.3278936360652079 0.006322725334181811 0.006541098428423453
0 0.49072828138922475 0.3890858471900783 0.0031977253341818113 0.006395549214211727
0 0.4856589733847704 0.3564916710113959 0.0031795440006362695 0.004833049214211726
0 0.48490554272754266 0.42609569561850175 0.0031795440006362695 0.004833049214211726