0 0.6593604359086861 0.6765378333269968 0.03174089600572714 0.04236930718159222
0 0.7089229892186871 0.8487128151766242 0.01424431333545435 0.01570681323171641
0 0.6158542418841872 0.856765688811387 0.007957950668363623 0.012545451795398321
0 0.6042531232097784 0.9137333062978297 0.00793976933481808 0.010982951795398321
0 0.5193445105824583 0.6233759510098311 0.01111931333545435 0.015688632513557364
0 0.46480136656591375 0.7449418788011242 0.007994313335454351 0.015670451795398145
0 0.7304552805935943 0.5425673543060399 0.012736357336090798 0.020385222872636888
0 0.4454733952896383 0.32448847823539007 0.01424431333545435 0.015706813231716587
0 0.2997529099697741 0.224415234481906 0.012736357336090798 0.020385222872636888
0 0.4812114479630926 0.2746930113146815 0.00792158800127254 0.009420451795398055
0 0.3584557479710468 0.2153811229473917 0.044349984006999674 0.05181703005422929