1 0.4202948106063067 0.11955610888515822 0.041096390773174465 0.0996924651536097
0 0.2625852091813971 0.022475233842749208 0.009538774310259512 0.0034523822139851334
0 0.2388201605608781 0.027906778307786373 0.006413774310259512 0.003343254809323426
0 0.23665015094993969 0.06931302830778636 0.009702548620519025 0.006577382213985139
0 0.46362540875185576 0.0842832969969259 0.006577548620519025 0.006468254809323426
0 0.5184014399595203 0.11437259028083671 0.013073210085908293 0.011374009618646852
0 0.5588526995704587 0.07430315098794267 0.02433825870642714 0.01800595553496285
0 0.5990538964273839 0.20328381205786833 0.006413774310259512 0.003343254809323426
0 0.6020383763009959 0.31061516242068804 0.009702548620519025 0.006577382213985139
0 0.5606830359573628 0.35300106986241664 0.009702548620519025 0.006577382213985139
0 0.5887837025111347 0.42911962576019924 0.026064533016686653 0.021185519237293705
0 0.6352902103130509 0.4377877868301249 0.024502033016686832 0.021130955534962935
0 0.6939348699694178 0.4836657712210283 0.006577548620519025 0.006468254809323426
0 0.6525319419956852 0.497090864960426 0.008140048620519025 0.0065228185116541935
0 0.6693918933751661 0.5039410656860654 0.006577548620519025 0.006468254809323426
0 0.6698079732033497 0.5258706293883962 0.006413774310259512 0.003343254809323426
0 0.6155741745828307 0.5302381816579818 0.006495661465389269 0.004905754809323426
0 0.6168058039360442 0.5216717135091471 0.006495661465389091 0.004905754809323426
0 0.4952306970840678 0.5714311221320021 0.006495661465389269 0.004905754809323426
0 0.5622101571699761 0.5628125794810634 0.016361984396167806 0.014608137023308565
0 0.5928836250578005 0.5599703216765152 0.0048512743102595126 0.0032886911069926585
0 0.5760779053609537 0.6118229983555376 0.006413774310259512 0.003343254809323426
0 0.5720554686807938 0.6437724028020412 0.006413774310259512 0.003343254809323426
0 0.6384650407070612 0.6609623920022679 0.004933161465389269 0.004851191106992658
0 0.2397995686353654 0.5468576749497418 0.008140048620519025 0.0065228185116541935
0 0.3959223366140468 0.7190203955456471 0.00978443577564878 0.00813988221398514
0 0.5249447732942067 0.6914360872856118 0.008140048620519025 0.0065228185116541935
0 0.48925293475959597 0.6854936221320022 0.009866322930778538 0.00970238221398514
0 0.4524047099743666 0.6568130614248961 0.0048512743102595126 0.0032886911069926585
0 0.46424961273332854 0.6697495710435429 0.0048512743102595126 0.0032886911069926585
0 0.16505743894346744 0.7782688768565075 0.013155097241038005 0.012936509618646851
0 0.4196630517883377 0.788725260336437 0.009702548620519025 0.006577382213985139
0 0.4074906004088567 0.7820387507177902 0.006577548620519025 0.006468254809323426
0 0.3980580466999551 0.7081374592479779 0.0048512743102595126 0.0032886911069926585