0 0.41796875 0.69140625 0.03046875 0.028125
0 0.58046875 0.534375 0.03046875 0.05
0 0.7 0.6609375 0.01796875 0.0203125
0 0.43671875 0.41875 0.02734375 0.03671875
0 0.475 0.509375 0.0140625 0.01953125
0 0.51640625 0.51953125 0.03515625 0.04921875
0 0.61875 0.46953125 0.00546875 0.009375
0 0.41640625 0.55546875 0.04296875 0.0546875
0 0.35859375 0.6015625 0.03671875 0.04453125
0 0.37265625 0.51484375 0.028125 0.04921875
2 0.22734375 0.55390625 0.21171875 0.20078125
0 0.64296875 0.4828125 0.009375 0.01796875