1 0.4765625 0.4390625 0.06328125 0.046875
1 0.5640625 0.4921875 0.0453125 0.03515625
1 0.65 0.37578125 0.0328125 0.0421875
0 0.5390625 0.50390625 0.00859375 0.00625
0 0.26328125 0.4625 0.0078125 0.00546875
0 0.54140625 0.25078125 0.0109375 0.009375
0 0.63046875 0.07578125 0.009375 0.009375
1 0.72421875 0.03203125 0.05859375 0.06328125
0 0.44375 0.0953125 0.00625 0.0046875
0 0.18046875 0.23515625 0.01328125 0.01171875
0 0.128125 0.24453125 0.00859375 0.00703125
2 0.40625 0.5359375 0.0796875 0.0390625
2 0.453125 0.65078125 0.02109375 0.02421875