1 0.4540212316669795 0.3278447876322752 0.059158100873680654 0.06050516046291676
1 0.5667563145888891 0.2761260839510028 0.07976154160312507 0.0739512303552928
2 0.3023846900638544 0.2505459253501129 0.08339438145888893 0.028857054176610396
0 0.06830259042444473 0.3528018223735755 0.011192073138263892 0.011446922249741042
0 0.04234015567892392 0.3773459040527759 0.01751480832062501 0.014863020678164408
1 0.02813283852458367 0.40399829528527026 0.03859102773541671 0.04862159057054054
2 0.03323987224392402 0.489300094499482 0.04647756933854177 0.11922518899896399
0 0.19588468939826428 0.4695612909420441 0.006395470364722211 0.006541098428423453
0 0.20206195421590317 0.46672738937046754 0.00795797036472221 0.006613873035529317
0 0.8416706212939935 0.5534870663732103 0.014317073138263936 0.011592471463952769
2 0.5678285053183336 0.28866247125455574 0.07605466014423605 0.04880568114108117