1 0.447791806813838 0.6292933172740481 0.14042617694751697 0.07974313868554468
1 0.48862135835596554 0.6405393526018667 0.05040910308425524 0.024019302673454136
2 0.45086225973593735 0.6261319546069573 0.03640115016215582 0.026980670671545325
1 0.7292349013766766 0.4580155645687773 0.14325116801906326 0.0625920013526354
2 0.7252741042987758 0.4549360179026408 0.05517842370110611 0.028761346674090405
1 0.18188438879477475 0.5714375533100011 0.04881932954530477 0.02243862133990877
1 0.18355380316039005 0.7566119846435465 0.009756829545304768 0.021984088001272717
0 0.21932766192668804 0.7468188139720013 0.009538641233702095 0.009484088001272716
0 0.780941271910802 0.6894922838956411 0.020612508928453722 0.01742385733609062
0 0.6943043425276529 0.6951888479074133 0.012636367694751627 0.007957950668363623
0 0.6304718932590017 0.5748132605824584 0.011073867694751627 0.00793976933481808
0 0.5684240864418684 0.4223791512571854 0.031659103084255055 0.023801126670909056
0 0.7839769484545771 0.4605042178946867 0.022120461850553143 0.014317038669636161
1 0.7595672836819248 0.449848528564641 0.02373750892845372 0.017460220003181703
1 0.7406400056787475 0.43991045456718647 0.02368296185055314 0.014335220003181704