0 0.5125 0.57578125 0.0109375 0.015625
0 0.6 0.5890625 0.009375 0.0171875
0 0.62109375 0.5515625 0.0046875 0.015625
0 0.62421875 0.51875 0.00703125 0.01953125
0 0.5640625 0.515625 0.00859375 0.0171875
0 0.51953125 0.6078125 0.00703125 0.009375
0 0.48125 0.684375 0.01328125 0.01640625
0 0.5 0.6953125 0.00703125 0.0078125
1 0.51875 0.715625 0.021875 0.06328125
0 0.43671875 0.71875 0.00390625 0.01015625
0 0.434375 0.6421875 0.0125 0.0171875
0 0.43671875 0.6234375 0.0109375 0.01484375
0 0.4296875 0.66484375 0.0109375 0.01171875
0 0.565625 0.66328125 0.0046875 0.00703125
0 0.47578125 0.77734375 0.0125 0.01640625
0 0.52578125 0.4703125 0.01015625 0.01328125
0 0.459375 0.528125 0.01328125 0.01953125
0 0.4359375 0.5609375 0.01015625 0.0140625
0 0.440625 0.4671875 0.0109375 0.01953125
0 0.43671875 0.4921875 0.01015625 0.01796875
1 0.5640625 0.36015625 0.021875 0.0390625
0 0.64765625 0.2703125 0.00859375 0.01796875
0 0.67265625 0.43203125 0.01015625 0.0234375
0 0.659375 0.509375 0.009375 0.0171875
0 0.7625 0.4921875 0.01171875 0.0140625
0 0.85625 0.53984375 0.01015625 0.0140625
0 0.840625 0.559375 0.00703125 0.0125
0 0.85625 0.640625 0.0125 0.0140625
0 0.8546875 0.60390625 0.0046875 0.00703125
0 0.80859375 0.6 0.00625 0.00859375
0 0.78984375 0.58828125 0.0078125 0.0078125
0 0.83984375 0.6453125 0.0109375 0.009375
0 0.834375 0.65859375 0.01171875 0.015625
0 0.83046875 0.671875 0.01015625 0.01328125
0 0.77578125 0.7671875 0.00625 0.0171875
0 0.75 0.69140625 0.00625 0.009375
0 0.809375 0.39140625 0.01171875 0.0171875
0 0.78984375 0.36328125 0.0109375 0.01640625
0 0.79609375 0.390625 0.01171875 0.01796875
0 0.88671875 0.453125 0.01171875 0.02109375
0 0.88359375 0.40546875 0.00703125 0.0125
0 0.78828125 0.20390625 0.0078125 0.0140625
0 0.671875 0.18828125 0.01171875 0.015625
0 0.16796875 0.49140625 0.00625 0.0171875
0 0.1890625 0.3796875 0.015625 0.01875
0 0.16171875 0.4 0.01171875 0.01953125
0 0.125 0.38984375 0.00703125 0.0140625
0 0.15078125 0.4 0.003125 0.00546875
0 0.271875 0.39296875 0.01171875 0.0171875
0 0.2953125 0.22421875 0.0109375 0.01640625
0 0.30859375 0.20703125 0.00546875 0.0078125
0 0.253125 0.16875 0.0046875 0.01015625
0 0.2640625 0.209375 0.00546875 0.00703125
0 0.24453125 0.2453125 0.00546875 0.009375
0 0.19609375 0.2109375 0.0046875 0.01015625
0 0.1625 0.2484375 0.00625 0.01015625
0 0.31875 0.39140625 0.0046875 0.0078125
0 0.31328125 0.334375 0.0046875 0.00625
0 0.365625 0.2921875 0.00546875 0.00625
1 0.4078125 0.23203125 0.02578125 0.01875
0 0.4609375 0.06328125 0.00390625 0.00546875
0 0.28671875 0.08125 0.009375 0.0140625
0 0.24140625 0.11171875 0.01328125 0.015625
0 0.35078125 0.09921875 0.00703125 0.01015625
0 0.23671875 0.18515625 0.0125 0.021875
0 0.7984375 0.52421875 0.00390625 0.0046875
0 0.821875 0.45546875 0.00546875 0.00625
0 0.82421875 0.40625 0.0046875 0.0078125
0 0.81953125 0.41171875 0.0046875 0.00703125
2 0.80859375 0.78359375 0.0171875 0.05859375
2 0.81875 0.7203125 0.02890625 0.04453125