0 0.665819058031654 0.6120409427282147 0.014253414772652384 0.011346676959604096
1 0.7540730344927036 0.6130471647523963 0.08625687418757337 0.11026756175762475
1 0.6390638689092724 0.4660237490755632 0.08872730925276535 0.07285848997087001
2 0.7071241221556833 0.5179787056603384 0.0985114123370204 0.09656877461060631
1 0.5121367248329013 0.7098610141192581 0.04939207386326192 0.056096887305303156
0 0.3638668202065186 0.6704084060434146 0.007948867694751716 0.008039820533113407
0 0.25255717329077376 0.6905952224198929 0.020612508928453722 0.017778533386094787
2 0.5754861586802772 0.7156085604374767 0.10564207386326192 0.05773359514371954
1 0.6186867337613551 0.7301400733696003 0.06342730032431163 0.05494356426490725
1 0.2596684695578955 0.561180507059629 0.06874209172016936 0.0910174565847754
1 0.37096052556424997 0.5847209586298394 0.020694329545304768 0.022466033386094965
1 0.48291900892515843 0.5122358563599837 0.02055796185055314 0.014653533386094786
1 0.0859248266993404 0.7622703309579546 0.039935253246410875 0.051136602665567035
2 0.2610127812462928 0.5487259711662517 0.04130683847375849 0.04024456677218975