0 0.81015625 0.8765625 0.0140625 0.021875
0 0.7703125 0.93984375 0.01328125 0.02265625
0 0.2578125 0.74375 0.01171875 0.01640625
0 0.1875 0.7125 0.0140625 0.0234375
0 0.153125 0.75234375 0.0078125 0.01328125
0 0.88203125 0.93203125 0.00546875 0.01171875
0 0.86328125 0.9328125 0.0078125 0.01484375
0 0.94140625 0.90625 0.0078125 0.01171875
0 0.92578125 0.89609375 0.0078125 0.01015625
0 0.9609375 0.86875 0.0078125 0.015625
0 0.97890625 0.703125 0.00859375 0.0109375
0 0.78046875 0.7421875 0.00546875 0.00859375
0 0.5609375 0.89140625 0.01015625 0.0125
0 0.53125 0.98125 0.00546875 0.009375
0 0.51953125 0.98046875 0.0046875 0.00703125
0 0.90390625 0.57578125 0.00859375 0.01015625
0 0.2828125 0.80390625 0.0078125 0.01171875
0 0.215625 0.590625 0.01796875 0.02109375
0 0.15078125 0.52109375 0.0109375 0.0109375
0 0.17265625 0.4875 0.01328125 0.0125
0 0.57890625 0.56328125 0.01171875 0.01640625
0 0.59296875 0.57421875 0.0046875 0.00703125
0 0.6453125 0.59765625 0.02109375 0.0328125
0 0.69609375 0.56171875 0.00703125 0.01015625
0 0.73125 0.6078125 0.0125 0.0140625
0 0.71171875 0.621875 0.009375 0.0140625
0 0.7828125 0.61953125 0.009375 0.0125
0 0.58515625 0.6828125 0.01328125 0.01640625
0 0.43984375 0.696875 0.01796875 0.02265625
0 0.490625 0.6296875 0.01015625 0.0125
0 0.5015625 0.6234375 0.0078125 0.0109375
0 0.54375 0.57734375 0.00625 0.0078125
0 0.5734375 0.58203125 0.0046875 0.0078125
0 0.3625 0.43359375 0.01484375 0.01796875
0 0.3953125 0.42265625 0.0125 0.015625
0 0.4375 0.4140625 0.00859375 0.0125
0 0.4796875 0.47734375 0.00546875 0.0125
0 0.48125 0.4203125 0.0078125 0.0203125
0 0.525 0.39296875 0.01484375 0.0234375
0 0.53046875 0.42265625 0.00703125 0.01796875
0 0.5703125 0.46171875 0.01171875 0.0203125
0 0.5875 0.4640625 0.00703125 0.01015625
0 0.42734375 0.67265625 0.0125 0.01328125
0 0.46640625 0.6359375 0.00859375 0.009375
0 0.40859375 0.634375 0.0125 0.01953125
0 0.31171875 0.5296875 0.0109375 0.01875
0 0.29375 0.56796875 0.0078125 0.01171875
0 0.51796875 0.47421875 0.00703125 0.01484375
0 0.53515625 0.4890625 0.00546875 0.01171875
0 0.56328125 0.490625 0.00546875 0.009375
0 0.6828125 0.54765625 0.00625 0.00859375
0 0.634375 0.621875 0.003125 0.00625
0 0.628125 0.63203125 0.0046875 0.00390625
0 0.41484375 0.525 0.00625 0.00859375
0 0.43515625 0.578125 0.00625 0.0140625
0 0.5015625 0.38828125 0.009375 0.01171875
0 0.5265625 0.35390625 0.009375 0.01796875
0 0.48828125 0.44375 0.0046875 0.00859375
0 0.4265625 0.465625 0.00546875 0.0109375
0 0.38125 0.46171875 0.0046875 0.0078125
0 0.35078125 0.46015625 0.0046875 0.0078125
0 0.52265625 0.56875 0.0078125 0.00859375
0 0.56484375 0.5578125 0.0046875 0.0046875
0 0.5171875 0.51875 0.00390625 0.00625
0 0.5640625 0.4 0.01796875 0.028125
0 0.63671875 0.4015625 0.009375 0.0125
0 0.653125 0.396875 0.00625 0.009375
0 0.6734375 0.40703125 0.00703125 0.009375
0 0.68046875 0.44765625 0.0078125 0.01328125
0 0.56875 0.31796875 0.00625 0.00859375
0 0.58984375 0.3109375 0.00390625 0.00625
0 0.5484375 0.30234375 0.00546875 0.009375
0 0.52265625 0.284375 0.01015625 0.01015625
0 0.49609375 0.30625 0.00703125 0.01171875
2 0.77734375 0.4046875 0.21953125 0.2296875
0 0.33671875 0.33828125 0.0171875 0.01953125
0 0.26328125 0.3875 0.0078125 0.01171875