0 0.4015625 0.35625 0.01796875 0.02734375
0 0.39609375 0.39296875 0.0046875 0.00859375
0 0.3984375 0.4078125 0.00546875 0.01015625
0 0.48359375 0.4296875 0.00703125 0.009375
0 0.45703125 0.471875 0.00703125 0.00859375
0 0.50859375 0.43203125 0.00546875 0.00703125
0 0.45 0.51953125 0.0109375 0.0109375
0 0.36015625 0.425 0.0046875 0.00703125
0 0.29609375 0.36484375 0.00625 0.01015625
0 0.26484375 0.39609375 0.01015625 0.01328125
0 0.2453125 0.47421875 0.00703125 0.0078125
0 0.4546875 0.35 0.0046875 0.00625
0 0.6375 0.3890625 0.01015625 0.015625
0 0.65546875 0.2203125 0.009375 0.0125
0 0.5015625 0.1015625 0.00546875 0.00625