0 0.40234375 0.31328125 0.01328125 0.01953125
0 0.38046875 0.4484375 0.01171875 0.01875
0 0.39296875 0.4515625 0.00703125 0.0125
0 0.4 0.446875 0.00703125 0.01171875
0 0.34453125 0.40078125 0.00859375 0.0125
0 0.49765625 0.4375 0.00859375 0.01796875
0 0.3671875 0.69375 0.0140625 0.01875
0 0.95703125 0.33828125 0.0109375 0.01875
0 0.7640625 0.1609375 0.0140625 0.02421875
0 0.70234375 0.0859375 0.00859375 0.0140625
0 0.64296875 0.1203125 0.00703125 0.009375
0 0.5984375 0.090625 0.0078125 0.01015625