1 0.4296875 0.46171875 0.22421875 0.1390625
1 0.32890625 0.39765625 0.13046875 0.06796875
1 0.2234375 0.54921875 0.0296875 0.0265625
1 0.4328125 0.703125 0.19453125 0.13671875
1 0.53984375 0.6875 0.05078125 0.06328125
1 0.62109375 0.41796875 0.040625 0.0421875
1 0.76796875 0.5578125 0.0578125 0.04609375
1 0.72109375 0.62890625 0.1609375 0.03984375
1 0.79296875 0.62109375 0.05078125 0.040625
1 0.8 0.671875 0.065625 0.05625
1 0.8875 0.61875 0.0484375 0.05
1 0.95625 0.63125 0.0265625 0.0328125
2 0.95078125 0.5859375 0.0984375 0.0765625
2 0.7671875 0.44375 0.05703125 0.03359375
0 0.78359375 0.46171875 0.00546875 0.00390625
0 0.48984375 0.490625 0.0046875 0.003125
0 0.57109375 0.4828125 0.00625 0.003125
0 0.66171875 0.48125 0.00390625 0.003125
0 0.63125 0.55078125 0.00546875 0.00390625
0 0.59375 0.57109375 0.0046875 0.003125
0 0.99453125 0.66953125 0.01015625 0.01171875
0 0.84921875 0.75078125 0.01171875 0.00859375
1 0.70390625 0.7796875 0.071875 0.03046875
1 0.784375 0.7734375 0.03671875 0.02578125
1 0.10625 0.940625 0.04921875 0.0328125
2 0.5515625 0.78515625 0.04765625 0.025
2 0.60625 0.80078125 0.0421875 0.01328125
2 0.2796875 0.80390625 0.02734375 0.01484375