2 0.4791371507475162 0.6373629152751384 0.10749147642635144 0.09615026101791671
0 0.4662240818885975 0.5627447749825343 0.030633569892376044 0.02100348423243048
0 0.4394625287454442 0.550881207828194 0.03219606989237604 0.021039851823611143
0 0.5832660326743857 0.5631422056439925 0.021040246071058633 0.01609777868534721
0 0.650106776264245 0.5857789654276383 0.014717471463952591 0.014389808320624909
0 0.6459479691921504 0.5577812519967702 0.017769696856846907 0.012900043502986236
0 0.6349612733687607 0.47531424411298556 0.016207196856846906 0.012863675911805572
0 0.5966265194398194 0.4605984338924995 0.013009422249741043 0.011228440729444423
0 0.5866350893321955 0.44054050703076336 0.04825771753501122 0.030778527735416717
0 0.5331654869748306 0.4324201889264926 0.0356121683207995 0.027362587005972293
0 0.5432896577768296 0.3658502847661801 0.020894696856846907 0.012972778685347209
0 0.7248885682397462 0.3038736955760063 0.020894696856846907 0.012972778685347209
0 0.7839917404894873 0.2915724109067354 0.017769696856846907 0.012900043502986059
0 0.7326175233687608 0.47304126966420074 0.009738873035529316 0.008030705547083272