0 0.6124027393777707 0.3415089267648269 0.018968176002545432 0.019186411094166723
1 0.5878300007160886 0.37764579530593795 0.07856135200509069 0.03931837955902786
1 0.5655811886934987 0.21076676662059074 0.07947041868236297 0.11744337955902787
0 0.5458863066915898 0.1962496717308338 0.00793976933481808 0.011119337955902786
2 0.5778368353755435 0.3243025897588546 0.07320223734881744 0.11573540919430565
0 0.5345686407144978 0.3646905472057991 0.00793976933481808 0.011119337955902786
0 0.5177378660884504 0.6634365185204518 0.00950226933481808 0.011155705547083273
1 0.5017219674172234 0.6294790926086462 0.05552384134309048 0.07314786569131951
2 0.5049106020846325 0.6350205777910073 0.02063976400381797 0.028597778685347207
1 0.5512770720878141 0.6595309217308338 0.053797709341181485 0.059048998100139014
1 0.4627140114178598 0.6332574028291323 0.04120680267345413 0.050945557370694415
2 0.46681116542008694 0.6497545718070837 0.044477253341817756 0.06351829255305556
1 0.7226686247214975 0.4206171581474659 0.023710220003181702 0.023983013867708357