0 0.4730997071914199 0.9506745455613455 0.011956344499482085 0.022256945916316086
0 0.580263582088976 0.7481720497376967 0.027799668320799498 0.02749008293962447
0 0.5299766759692854 0.5253446741471335 0.013082196856846907 0.012936509618646851
0 0.5015926567388631 0.45356144338442733 0.014790246071058633 0.01611607332097762
0 0.46273567204034405 0.5433431951985258 0.00981164764263518 0.00970238221398514
0 0.6578405026860871 0.4144567594490109 0.024529119106587772 0.024255955534962938
0 0.6040990725784633 0.43667898903059077 0.024892992142117265 0.03206845553496294
0 0.5625643899896401 0.41856639529119305 0.028236315963434677 0.03686508293962447
0 0.6051328796505578 0.4084721434770945 0.009957196856846906 0.012827382213985139
0 0.6806230312221344 0.39957580391404796 0.00981164764263518 0.00970238221398514
0 0.7772262034718753 0.40715763622070034 0.009957196856846906 0.012827382213985139
0 0.8508884894515208 0.5102255833181427 0.01857021753501158 0.03028770072563951
2 0.9479989298982268 0.49509660192246424 0.06501287799792799 0.0896279843909035
0 0.7727935303935649 0.6984101187975051 0.014790246071058633 0.01611607332097762