1 0.14296866576080242 0.5535534683433749 0.10532930913596861 0.07364778003177222
2 0.08464823269868711 0.6173199135548364 0.09159435775648758 0.07965231818121907
2 0.11282746438132141 0.5592716343338432 0.057226001809022306 0.04939207386326192
1 0.11222992084918507 0.4734023181812191 0.06922803482570909 0.0698954886359143
0 0.3657643566248338 0.4856331314911741 0.01134693577564878 0.008003414772652383
1 0.6924241904097462 0.7910605657422918 0.2257037641334943 0.16629102191409723
1 0.8037390694242756 0.5767952885498935 0.06816350180902227 0.0495829886359143
2 0.8708756597679086 0.6216771404163326 0.1592532485296619 0.17918075973923261
1 0.8784845211424408 0.7966498668773822 0.10829053482570927 0.0705773271096728
1 0.30573542288535 0.09978140624794045 0.1406869549975256 0.09299779788867957
0 0.5586800384437537 0.17522528571051968 0.4074937539567289 0.328693384737585
2 0.8913496913142573 0.8187294184195097 0.057226001809022264 0.04939207386326174