0 0.44609375 0.57890625 0.0125 0.0140625
0 0.4046875 0.559375 0.009375 0.01171875
0 0.39921875 0.478125 0.00703125 0.0125
0 0.50234375 0.40703125 0.01328125 0.0203125
0 0.56171875 0.4390625 0.0171875 0.028125
0 0.61171875 0.50703125 0.0078125 0.01015625
0 0.75546875 0.4828125 0.0140625 0.02109375
0 0.77734375 0.49140625 0.00546875 0.00703125
0 0.80625 0.8734375 0.0140625 0.02109375
0 0.82421875 0.87109375 0.00703125 0.0125
0 0.6984375 0.1625 0.01484375 0.01875
0 0.7265625 0.090625 0.01015625 0.015625
0 0.65546875 0.0921875 0.0140625 0.02890625
0 0.6375 0.16640625 0.00703125 0.01171875
0 0.71875 0.115625 0.01171875 0.0125
0 0.89375 0.19453125 0.01015625 0.01171875
0 0.8796875 0.2375 0.00703125 0.0109375
0 0.9859375 0.13125 0.01015625 0.01328125
0 0.82890625 0.2015625 0.00546875 0.0078125
0 0.84609375 0.24765625 0.00546875 0.0078125
0 0.9453125 0.16171875 0.02421875 0.04140625
0 0.8765625 0.26875 0.01171875 0.03359375