0 0.7207719594207231 0.6188416698859642 0.020694308004454244 0.033521828130301044
0 0.6849162754216778 0.6271278850395741 0.011101132001908987 0.014444445916316084
0 0.6226259080999045 0.7144939649839737 0.01111931333545435 0.016006945916316084
0 0.5865878634229504 0.6399403982864179 0.02538180800445424 0.0336855192372937
1 0.5473504513844523 0.3576016134400276 0.09048064401654479 0.12498513103285873
0 0.4717793814051331 0.5126462667054049 0.02231135200509069 0.03826389183263199
0 0.3854947940404072 0.28431542478010574 0.015952264003817974 0.028670637023308566
0 0.3403833833943154 0.4375148358500315 0.027035214672181597 0.04155258293962447
0 0.32654869740608755 0.5247519410221746 0.022256808004454332 0.03357639183263199
0 0.35912593475490506 0.6377231669755574 0.011101132001908987 0.014444445916316084
1 0.1975980887571322 0.6597767601668011 0.0577045066836356 0.12696429328391085
2 0.5026362933640895 0.20910211525412614 0.02067612667090888 0.03195932813030113
2 0.7490134960614062 0.42637142769051267 0.097439716024817 0.18614088584218216
2 0.6557982033736345 0.27409465427686774 0.0348477146721816 0.041825401451278846