0 0.28226209428657023 0.4764010573679075 0.019842063140062115 0.018968176002545432
0 0.27594201778056693 0.6761919720321349 0.014790542093374803 0.012663632001908986
0 0.7491365940748087 0.7043389847628593 0.004869510523343656 0.0031795440006362695
0 0.36153236533325767 0.48356921471195247 0.01139252630835923 0.00793976933481808
0 0.6431247286003767 0.37207992075108703 0.00983002630835923 0.007921588001272717
1 0.7094594440465739 0.7335446794239049 0.11730786831702958 0.1106658746817267
1 0.18761745222143036 0.4331408586887263 0.13476838410204497 0.11555336935072642
0 0.5295128807653373 0.8610504193984516 0.01139252630835923 0.00793976933481808
0 0.6135253177664495 0.6949537994111783 0.004960515785015574 0.00474204400063627
0 0.6880563389543113 0.5537299100890868 0.008267526308359408 0.007903406667727176
0 0.48248044411716107 0.6567350893936791 0.00826752630835923 0.007903406667727176