1 0.4647990437472469 0.48789937031790365 0.02280258293962447 0.02732639183263199
1 0.5868501477382637 0.39751496169504863 0.08345239546082901 0.11059524881887359
1 0.508754918789656 0.32673618102500956 0.05492560217691818 0.05341766587924912
1 0.5224801128918735 0.3592857861971527 0.014662700725639511 0.01767857332097771
1 0.5418948010036411 0.31850701877395754 0.027435519237293704 0.025927582939624473
1 0.5559473773198438 0.34168162394610063 0.016443455534962938 0.023983137023308565
1 0.5410391399337154 0.365409300625123 0.014608137023308565 0.016116073320977708
1 0.5309275299522488 0.3861756684111378 0.01153770072563951 0.017569445916315995
1 0.5069865437472469 0.4893725902808367 0.048511911069925695 0.048511911069925515
1 0.5137648226031875 0.4520635632389947 0.034449411069925516 0.0480208377489479
1 0.3381174926587879 0.5092882422802697 0.016661710344286273 0.030233137023308564
1 0.4340326494675443 0.6745536329317753 0.13694447241000382 0.212341287293461
1 0.6102925930216075 0.5101885764858386 0.027708337748947896 0.03374008293962447
1 0.6741988363981856 0.5616990019837346 0.05192957694917481 0.10169147477225664
1 0.6768129157096131 0.6212376930907272 0.017842264427970277 0.01935020072563951
1 0.6713342420258156 0.6437302519837346 0.014662700725639511 0.01767857332097762
1 0.6415276909373565 0.6685020734906137 0.05234623920022674 0.06893353847458741
1 0.6124924992822098 0.46959085833700404 0.06046627404661713 0.033323420688572546
1 0.6551388454686783 0.34592766904411 0.04269842068857255 0.06079365626060227
1 0.693980601459128 0.4208111071558777 0.021021828130301047 0.021021828130301047
1 0.3346402846767543 0.6984598696849315 0.031215283665263983 0.044786710344286364
1 0.3424726320443491 0.6533656244942548 0.026364092558271414 0.0399355192372937
1 0.2280207516444625 0.6157341605217714 0.024583337748947987 0.03363095553496294
1 0.5766120190676577 0.6458978979927178 0.09737105172143128 0.15165675843752044
2 0.6518129157096131 0.6203646738534334 0.039136911069925694 0.04818452885594056
2 0.2738268638413317 0.5398363486335392 0.5476537276826634 0.4515278498994835
2 0.24789919810893268 0.8080679934613961 0.03390377404661713 0.0323958377489479
0 0.4966021152541261 0.5179514580668515 0.004905754809323426 0.006413691106992659
0 0.5597940852170592 0.4779192243089204 0.006468254809323426 0.006468254809323426
1 0.5924131230586744 0.5518031576113647 0.022911710344286185 0.030451391832631992
1 0.5664508237843139 0.5336880746717401 0.019895837748947896 0.03346726442797028
0 0.6516442793192767 0.5131970145976064 0.003343254809323426 0.006359127404661713
0 0.6578297919331485 0.5376613012580951 0.0032886911069926585 0.004796627404661713
0 0.7343427066312712 0.40735873156531455 0.0032886911069926585 0.004796627404661713
0 0.7797172048171727 0.45196439263524024 0.003234127404661713 0.003234127404661713
0 0.8280827829474738 0.4333160855563313 0.003288691106992303 0.004796627404661713
1 0.8137499536360464 0.37336816668185724 0.03343254809323426 0.06359127404661713
1 0.7789954969199571 0.3158359196770822 0.03423115626060227 0.041770837748947895
1 0.9259622330401409 0.542331476207837 0.034176592558271324 0.0402083377489479
1 0.837852141747814 0.3327530903656547 0.03902778366526398 0.045059528855940556
1 0.6843773567317877 0.9422049575186975 0.0321230192372937 0.026091274046616774
2 0.6572865778758471 0.9753212254476378 0.04878472958158007 0.04935754910472454
1 0.39544635382138077 0.5699554129688422 0.021676592558271413 0.03977182813030104
1 0.396465705998299 0.5183656311176768 0.030887901451278843 0.03541171034428618
1 0.40764130817521727 0.46713051333166195 0.02280258293962447 0.02732639183263199
1 0.42638878585788065 0.7814484736759482 0.0386458377489479 0.03412202885594055
0 0.5401760112631093 0.6141196191367773 0.009866073320977619 0.014389882213985138