0 0.43671875 0.35859375 0.00859375 0.0140625
0 0.40625 0.38828125 0.0078125 0.0125
2 0.3671875 0.35078125 0.03515625 0.053125
2 0.06171875 0.61953125 0.0109375 0.02421875
0 0.153125 0.57578125 0.0140625 0.02421875
0 0.2625 0.2796875 0.01640625 0.02109375
0 0.6125 0.3171875 0.00390625 0.00859375
0 0.73203125 0.3109375 0.00546875 0.009375
0 0.6734375 0.34765625 0.01953125 0.0265625
0 0.646875 0.25 0.0171875 0.01796875
0 0.60234375 0.81328125 0.01328125 0.01875
2 0.678125 0.62578125 0.02265625 0.03515625
0 0.71953125 0.6828125 0.0046875 0.01015625
0 0.56796875 0.934375 0.01640625 0.0203125
0 0.63203125 0.7609375 0.01640625 0.0265625
0 0.47890625 0.75078125 0.01484375 0.021875
0 0.496875 0.7390625 0.0140625 0.01796875
0 0.4015625 0.86796875 0.00859375 0.01015625
0 0.3421875 0.6 0.0078125 0.0125
0 0.50703125 0.44140625 0.01484375 0.0265625
0 0.40703125 0.49765625 0.02109375 0.02890625