1 0.6611240252625942 0.556059565240404 0.07074994668999893 0.1754780348257091
0 0.6023046506206385 0.3708347161903437 0.023837489337999784 0.035603307326946346
0 0.6833439232575035 0.5947469289897855 0.01894999466899989 0.018170145861557074
0 0.48411608259073075 0.585087566710742 0.012645450668363622 0.01315509724103805
0 0.4037365972310957 0.7747432089542545 0.009556813335454351 0.016116322930778536
0 0.46475536588959604 0.8381340015818797 0.020603401336727244 0.026064533016686653
1 0.3155393526018666 0.494171560379164 0.14987382535009014 0.13121677973732648
1 0.3386859512651395 0.5203998677061102 0.024201116008908664 0.06685330732694617
2 0.3345529819382756 0.472497956240721 0.042605670671545234 0.03814845318850324
1 0.21989323464354654 0.18194047602842475 0.025599984006999678 0.05287269448207601
1 0.6816274292648213 0.5407178482570908 0.023564769334818082 0.012165807326946165
1 0.6805552779280942 0.565676904679526 0.023582950668363623 0.013728307326946165
2 0.6581262945974122 0.5449582909301446 0.031959072008272395 0.06257524310259513