1 0.43837059094825487 0.3849365187395478 0.033176114363184794 0.06269089754067192
0 0.5546086693052819 0.41316553698811626 0.003143180718159222 0.003143180718159222
0 0.5672041180756178 0.39668656411547937 0.006286361436318444 0.006286361436318444
0 0.5845769286750558 0.6332962298065239 0.007876132513557366 0.010982951795398144
0 0.6169319281840765 0.3089002178044714 0.007867042154477666 0.009420451795398143
0 0.616800117977422 0.3315564678044714 0.004723861436318444 0.006277271077238833
0 0.7064211541799714 0.36931502215739337 0.007876132513557366 0.010982951795398054
1 0.2765382114597596 0.40540862090428825 0.07071247579950324 0.06915906615858276
2 0.2890382114597596 0.40533589803165126 0.026707945745273954 0.025154536104353475
2 0.2420268560735653 0.42904610880403987 0.039289758976990455 0.03928975897699054
1 0.2619126300776704 0.3679949793155446 0.017323855386194253 0.02353749394987581
2 0.2619171752572102 0.3672137293155446 0.011019313231716588 0.014126132513557366
0 0.36026429254726117 0.2478955818730685 0.006286361436318444 0.006286361436318444