1 0.17982645292539462 0.4788965751519669 0.11082049756436803 0.08599498746358769
1 0.10224514935467217 0.584226584323167 0.11202844155801359 0.06572795157021041
1 0.36046675243892723 0.5532875067304246 0.052080697240056394 0.03118781551854859
1 0.2599054651002592 0.4094131377675215 0.13019778896022585 0.12247805674305993
1 0.546201475246529 0.4252892242022595 0.05341710064862326 0.10775031551854859
1 0.6540060669666984 0.33313516495191725 0.042678423701106104 0.029352530878812465
1 0.5506276968363146 0.26118126009563686 0.046348894480112965 0.06069345909205772
1 0.5776265734595201 0.2354083702830513 0.08527502678536117 0.05401756175762475
1 0.44494866680454254 0.36576712318604515 0.10095457386326193 0.05759720282385157
1 0.4777844862035776 0.31874135900028017 0.03319432954530477 0.022829746239076344
1 0.506977108362556 0.3014940230277606 0.042514782467404186 0.019977530878812377
1 0.6234924525183575 0.2918569470843709 0.036428423701106105 0.029170674452321597
1 0.3009492508140742 0.33950380304864314 0.04591251785690744 0.03569345909205772
1 0.5212929784929399 0.3760393819615338 0.04558523538950325 0.016943459092057724
1 0.5880128741908688 0.35613840743006986 0.06463524431795716 0.03467652837152997
2 0.5697265243530245 0.330121476709542 0.17696369480442442 0.11759197994174028
2 0.23646005682042862 0.3210780634734844 0.12581029788867956 0.1395291644231918
1 0.36932710389832935 0.31408861441055647 0.048901150162155814 0.027971887305303155
0 0.7889893985438933 0.6969894133025646 0.01587046185055314 0.014517141066226813
1 0.45827260146269727 0.22873012443968638 0.06940456493480802 0.03950042069139794