1 0.45078125 0.31953125 0.1578125 0.05703125
0 0.6171875 0.38125 0.03125 0.02109375
0 0.41640625 0.29765625 0.015625 0.01640625
0 0.41015625 0.48125 0.01171875 0.01171875
0 0.22734375 0.54765625 0.0140625 0.0078125
0 0.17421875 0.4890625 0.0234375 0.0171875
1 0.4796875 0.64140625 0.1109375 0.134375
1 0.4578125 0.61953125 0.06015625 0.0203125
2 0.5015625 0.625 0.03203125 0.03828125
1 0.76171875 0.7421875 0.04609375 0.021875
1 0.46640625 0.3015625 0.009375 0.021875
1 0.44296875 0.3015625 0.01015625 0.021875
2 0.46015625 0.32265625 0.0546875 0.028125