0 0.584375 0.5015625 0.00546875 0.0046875
1 0.56484375 0.425 0.284375 0.1171875
1 0.58984375 0.3015625 0.15546875 0.10234375
1 0.33046875 0.32890625 0.05078125 0.03125
1 0.76015625 0.55625 0.059375 0.040625
1 0.671875 0.75234375 0.08046875 0.0359375
1 0.55078125 0.76171875 0.078125 0.09921875
1 0.6203125 0.796875 0.0671875 0.0203125
1 0.55390625 0.82421875 0.046875 0.0578125
1 0.6671875 0.846875 0.0765625 0.0296875
0 0.66484375 0.93671875 0.0125 0.009375
1 0.3765625 0.67109375 0.09296875 0.03125
1 0.28984375 0.5984375 0.0625 0.1859375
2 0.25 0.7078125 0.02578125 0.0359375
2 0.271875 0.74375 0.01953125 0.0234375
1 0.35703125 0.81015625 0.028125 0.05078125
1 0.68828125 0.90078125 0.05 0.02265625
2 0.74921875 0.9828125 0.03671875 0.034375
1 0.75625 0.82421875 0.02734375 0.01875
2 0.80078125 0.671875 0.01953125 0.06640625
2 0.740625 0.48203125 0.03046875 0.03515625
2 0.77578125 0.5265625 0.0203125 0.02421875