1 0.64375 0.384375 0.03515625 0.01484375
1 0.653125 0.42265625 0.03828125 0.01328125
1 0.7515625 0.50078125 0.03359375 0.025
1 0.50546875 0.60078125 0.0203125 0.01640625
1 0.5328125 0.63125 0.0703125 0.01953125
1 0.28671875 0.42421875 0.0234375 0.02109375
1 0.175 0.35703125 0.03046875 0.0109375
1 0.38125 0.3171875 0.02890625 0.01328125
1 0.53203125 0.28359375 0.05078125 0.02421875
1 0.63046875 0.3078125 0.04296875 0.02109375
1 0.7125 0.48984375 0.0296875 0.02421875
1 0.5984375 0.71171875 0.0296875 0.01796875
1 0.45546875 0.825 0.03984375 0.01796875
1 0.62734375 0.79609375 0.05 0.01953125
1 0.47890625 0.4 0.03984375 0.01484375
1 0.421875 0.39140625 0.06171875 0.025
1 0.4421875 0.26796875 0.021875 0.0125
1 0.25703125 0.334375 0.03359375 0.0359375
1 0.26328125 0.278125 0.046875 0.015625
1 0.225 0.17421875 0.0421875 0.02109375
1 0.196875 0.215625 0.0578125 0.03046875
2 0.325 0.55 0.0640625 0.03828125
2 0.52578125 0.61875 0.0359375 0.028125
0 0.59609375 0.6359375 0.00859375 0.00703125
0 0.6875 0.61015625 0.0078125 0.0046875
0 0.69609375 0.54765625 0.00625 0.0046875
1 0.74453125 0.44296875 0.02890625 0.025
0 0.5296875 0.53671875 0.00625 0.00390625
0 0.5140625 0.55625 0.00390625 0.00234375
0 0.5515625 0.584375 0.00703125 0.0046875
0 0.44765625 0.63046875 0.00546875 0.0046875
0 0.5234375 0.77578125 0.0078125 0.0046875
0 0.6625 0.7203125 0.00625 0.0046875
0 0.6140625 0.72265625 0.00625 0.00546875
0 0.4703125 0.6921875 0.00703125 0.00546875
0 0.5296875 0.6640625 0.00546875 0.00390625
0 0.84921875 0.45078125 0.00859375 0.00546875
0 0.696875 0.4359375 0.00390625 0.00390625
0 0.63046875 0.3953125 0.00625 0.0046875
0 0.62734375 0.34921875 0.00546875 0.0046875
1 0.62890625 0.4046875 0.0203125 0.01640625
0 0.23671875 0.2640625 0.01015625 0.0078125
0 0.1765625 0.253125 0.01171875 0.00703125
0 0.2203125 0.23046875 0.00703125 0.0046875
0 0.16875 0.1640625 0.00625 0.0046875
0 0.41953125 0.11484375 0.01171875 0.00703125
0 0.45234375 0.41796875 0.01015625 0.0078125
0 0.38671875 0.421875 0.0078125 0.00546875
0 0.39609375 0.45546875 0.00703125 0.00625
0 0.46875 0.39296875 0.00703125 0.00625
0 0.40546875 0.36875 0.00546875 0.0046875
0 0.42421875 0.3203125 0.01171875 0.00859375
0 0.4046875 0.28828125 0.009375 0.00703125
0 0.38203125 0.296875 0.009375 0.00859375
0 0.43203125 0.30546875 0.0078125 0.00703125
0 0.3234375 0.2734375 0.01015625 0.0078125
0 0.3171875 0.31640625 0.0078125 0.00625
0 0.23984375 0.30859375 0.00625 0.0046875
0 0.25546875 0.28515625 0.00546875 0.00390625
0 0.3890625 0.23984375 0.00703125 0.00546875
0 0.38203125 0.2671875 0.009375 0.00703125
0 0.24296875 0.4171875 0.01171875 0.009375
0 0.2578125 0.38203125 0.009375 0.00703125
0 0.42421875 0.33984375 0.0109375 0.009375
0 0.37109375 0.3453125 0.00859375 0.00625
2 0.44453125 0.40859375 0.546875 0.48671875
2 0.2703125 0.090625 0.01640625 0.0125
1 0.2265625 0.078125 0.025 0.02109375
1 0.1953125 0.184375 0.025 0.01796875