1 0.56796875 0.52890625 0.1421875 0.14921875
1 0.64765625 0.5953125 0.0546875 0.065625
1 0.51171875 0.53515625 0.01875 0.01875
2 0.52265625 0.55546875 0.05234375 0.03984375
2 0.61875 0.490625 0.09453125 0.06484375
0 0.7046875 0.38125 0.0125 0.01171875
0 0.390625 0.815625 0.009375 0.009375
0 0.5859375 0.903125 0.0109375 0.0125
0 0.51484375 0.8890625 0.01015625 0.0109375
0 0.68515625 0.778125 0.0078125 0.00625
0 0.60859375 0.77265625 0.009375 0.0078125
0 0.5640625 0.8875 0.00546875 0.00546875
0 0.85234375 0.6609375 0.01015625 0.00703125