1 0.2566515384420446 0.48222088688158865 0.04575792759490129 0.0784088428896375
1 0.1129419241770557 0.34905160672980184 0.1101385901626879 0.13570668973360736
1 0.14026749345889647 0.34704077916320364 0.015752265027114642 0.02251166996194396
1 0.14906577653818787 0.3825471976422728 0.031504530054229284 0.04502333992388792
1 0.12525557181592356 0.31752969269935694 0.011010222872636932 0.012945668973360736
1 0.10639194232742832 0.2972344387450242 0.014153403590796153 0.01619800296574958
1 0.07912546037960508 0.3094015163116224 0.04081589754067196 0.03446784190105419
2 0.11756124648395856 0.33752385771838495 0.050463608313060515 0.08172484387822054
0 0.0357981620768073 0.3802750904181794 0.007857951795398088 0.00813083498097189
1 0.048593598746894874 0.4315656763877346 0.09255111436318471 0.0662563527754692
1 0.06853391490547767 0.5026740138401644 0.03146816861791084 0.038773339923887915
1 0.06480038172799041 0.5322023463496784 0.007885222872636932 0.012818334980971891
1 0.03974129439397289 0.5210274244105682 0.012636355386194264 0.023946835969555026
1 0.6485117855151783 0.44195130292638096 0.05347043364502539 0.06153967787060921
1 0.6400276407049809 0.5946943009492145 0.0631272347764936 0.11035917984777566
1 0.6317060805965223 0.5068759659682426 0.01729658430895533 0.019450336958138338
2 0.6497884600850174 0.527139386424478 0.028388620413308984 0.04645850593149916
0 0.6640908128389331 0.300432306386422 0.004714771077238921 0.004878500988583135
0 0.2692691922292324 0.36869955634924095 0.004723861436318444 0.006441000988583134
1 0.8486748910977642 0.3438825119373602 0.08650110226293606 0.1003766847906915
1 0.4212423210303566 0.8482172544858054 0.03779998184962743 0.05309050790866543
1 0.3704383451326576 0.8422418271094877 0.03775453005422928 0.04527800790866543
1 0.34796844749378975 0.873349905664669 0.0314318071815924 0.032523339923887916
1 0.49925875760224836 0.9612239666724989 0.03957156010845857 0.07755206665500225
1 0.49934004995311776 0.8467131042955248 0.04252384328594587 0.059531508897248384
1 0.5096962878528694 0.8815019397707884 0.047038626463433174 0.030035009885831698
2 0.4388434323684793 0.9093789530794802 0.17769879488495235 0.18124209384103943
0 0.4746389900410509 0.628570599352609 0.006286361436318444 0.006504667984777513
0 0.6962973840656815 0.9995376974137177 0.007857951795397966 0.0009246051725646965
0 0.5995667880492611 0.7555071255500632 0.0031522710772389217 0.004814833992388756
1 0.7882848961659299 0.9725221650933902 0.03779998184962743 0.05309050790866543