1 0.6167471709647859 0.6386706693788471 0.153760165083434 0.10934177973732631
0 0.6138611883776406 0.6040500079134578 0.004933161465389269 0.004933161465389269
0 0.519115254411014 0.5583480042954132 0.0032887743102595125 0.0032887743102595125
0 0.4883565773417926 0.5473352611928182 0.0032887743102595125 0.0032887743102595125
0 0.4295614314802356 0.5630554364530174 0.016443871551297562 0.016443871551297562
1 0.45736112562362735 0.7650616717536962 0.058624727498762755 0.048260437584671224
0 0.4680629302370402 0.814976462572299 0.008140048620519025 0.0066594357756486035
0 0.47525795454729974 0.8122199547703829 0.004933161465389091 0.004933161465389446
1 0.6398460770031085 0.7808924689038772 0.0871525192218769 0.0871525192218769
0 0.608012900838398 0.7455381450685875 0.0032887743102595125 0.0032887743102595125
0 0.554106650838398 0.742713038216611 0.009702548620519025 0.006741322930778537
0 0.5136387810961228 0.7076895850281077 0.008140048620519025 0.006659435775648781
0 0.5601286787667021 0.642753981794176 0.01471759724103805 0.013236984396167628
0 0.5225058480340075 0.643132440071062 0.0032887743102595125 0.0032887743102595125
0 0.2799498558359236 0.6374711810259504 0.008221935775648781 0.008221935775648781
0 0.6270715965636695 0.4715650565339768 0.008221935775648781 0.008221935775648781
0 0.5946032553155253 0.5380188941640764 0.004933161465389269 0.004933161465389269
0 0.595214086952731 0.5114154505865115 0.0032887743102595125 0.0032887743102595125
0 0.5423015281554467 0.35509685153645115 0.006577548620519025 0.006577548620519025
0 0.5923258616016749 0.2825125226127788 0.008221935775648781 0.008221935775648781
0 0.5547882400503773 0.29621317446722967 0.01134693577564878 0.008385710085908294
0 0.42145792514865754 0.7326276300305822 0.014799484396167805 0.014799484396167805
0 0.49518867424414637 0.7607769634768102 0.0032887743102595125 0.0032887743102595125
0 0.6581257654922906 0.7011607033000449 0.004933161465389269 0.004933161465389269
0 0.7220687567858632 0.7217465202379296 0.01784259724103805 0.013400758706427141
0 0.6151946370435881 0.6832428629564119 0.004933161465389269 0.004933161465389269
0 0.6784615196761621 0.8064180913596859 0.02277575870642732 0.018333920171816585
0 0.4933384899388356 0.945561399252459 0.011346935775648603 0.008385710085908115
0 0.484547661126705 0.24631167175369623 0.008140048620519025 0.006659435775648781
0 0.50722608604822 0.5310894634768102 0.013400758706427141 0.01784259724103805
0 0.4152333378572422 0.4776977905914602 0.02606453301668683 0.0216226944820761