1 0.48359375 0.56484375 0.08359375 0.0390625
1 0.54140625 0.5328125 0.03984375 0.04765625
1 0.53046875 0.4375 0.04140625 0.01953125
1 0.5078125 0.4640625 0.0203125 0.06875
1 0.45625 0.4859375 0.01796875 0.0171875
1 0.40390625 0.48359375 0.0375 0.01796875
1 0.3953125 0.5234375 0.028125 0.01171875
1 0.3890625 0.559375 0.11015625 0.07578125
1 0.30234375 0.59921875 0.03125 0.01171875
2 0.32109375 0.60859375 0.04921875 0.03671875
2 0.478125 0.49609375 0.07109375 0.0640625
2 0.6046875 0.61171875 0.0328125 0.028125
1 0.57734375 0.61328125 0.03515625 0.0046875