0 0.40854940015697017 0.5722388331954574 0.01628009724103805 0.012772735389503432
0 0.31884949230962556 0.6627762840889618 0.02590075870642723 0.01762387662320535
0 0.4776933050636387 0.8341445438281945 0.032887743102595124 0.031795470779006504
0 0.43368327623082353 0.7092712288933865 0.03946529172311415 0.038154564934808025
0 0.5489231739014028 0.7784087869283356 0.01940509724103805 0.012827282467404189
0 0.236453072137809 0.6394830600635443 0.012991322930778537 0.009593188311602673
0 0.2869167395960921 0.5896291103878558 0.023021420171816586 0.02225682954530477
0 0.2518490208037566 0.5609177293004234 0.011428822930778538 0.009565914772652385
0 0.20114517243106475 0.9487392832781829 0.025818871551297563 0.016061376623205347
0 0.1882966966297826 0.30145122605401253 0.027217597241038005 0.012963650162155815
0 0.040237654906668564 0.26140115016215576 0.014471935775648759 0.008057961850553052
0 0.7655750853667921 0.7868736720729578 0.01940509724103805 0.01282728246740401
0 0.8169804551090672 0.7549884723972694 0.019241322930778536 0.009702282467404188