0 0.5796875 0.5484375 0.01328125 0.01640625
0 0.43984375 0.503125 0.015625 0.0234375
0 0.42421875 0.59375 0.0109375 0.0140625
0 0.36484375 0.58828125 0.009375 0.0140625
0 0.2890625 0.33984375 0.0078125 0.01171875
0 0.3 0.334375 0.00546875 0.00703125
0 0.26640625 0.32734375 0.00703125 0.0078125
0 0.2734375 0.3734375 0.00546875 0.009375
0 0.296875 0.37109375 0.0046875 0.00703125
0 0.24375 0.4328125 0.009375 0.01640625
0 0.5953125 0.51484375 0.00546875 0.00859375
0 0.54765625 0.46796875 0.0046875 0.0078125
1 0.43203125 0.3796875 0.03046875 0.0765625