1 0.5707027453472565 0.4731718222852425 0.063483231382639 0.11079333605604162
1 0.37827493674229107 0.6892546832269094 0.13590505167111128 0.2030548776591667
0 0.26575740615708277 0.6590788335874997 0.00803070554708336 0.009556837955902786
0 0.31578854806520756 0.9249571003049997 0.011264808320625087 0.014317073138263936
0 0.29460322587687415 0.9629298789903469 0.006395470364722211 0.0063954703647222996
1 0.038462981860797836 0.9306310977395487 0.06006598423243058 0.03106946846486096
0 0.010616617688089759 0.617386868541111 0.007994337955902783 0.007994337955902786
1 0.30907491432520795 0.47535714380798577 0.057704703647222286 0.06380923328249999
1 0.26356304578409684 0.45142998774781223 0.013045513867708358 0.02372844072944442
1 0.2714820357161106 0.5808629146095484 0.1414263934267362 0.10479921561506948
1 0.4188999367422911 0.6883091258562148 0.024201219414791808 0.033358013867708355
1 0.4272040524336106 0.6334579716959023 0.039100174011944586 0.06962282218833345
1 0.3709332557964924 0.7698507197960414 0.028852351823611143 0.031904616641249994
1 0.33768499791270773 0.7557888730064233 0.04629442496187508 0.043242160144236055