2 0.4070261839396131 0.12329011817148021 0.13851812021691715 0.17900084138279593
0 0.43948468081635517 0.048920603985715266 0.009411361436318443 0.00652278463973609
0 0.5187403887600732 0.12082068454795851 0.020403403590796287 0.016216033386094876
0 0.533447783373879 0.14382627553504307 0.009411361436318443 0.006522784639736079
0 0.6791597382925351 0.20520038156582238 0.014126132513557366 0.011346676959604096
0 0.6680904280858806 0.2281748803121811 0.017251132513557366 0.01143760517284953
0 0.47147852761834236 0.3229431256933276 0.03452044574527378 0.02600021034569906
0 0.48999672346181206 0.36224130641385544 0.03610112646343318 0.029170674452321688
0 0.3882796873574586 0.3917589733443297 0.03134999394987581 0.018096782132453627
0 0.3156552536142373 0.3884043043022844 0.018831813231716586 0.014608069279472247
0 0.43177061212368956 0.43501722835889467 0.028243174668035033 0.021130853919208194
0 0.40190130494209714 0.4671310463847256 0.02511817466803503 0.021039925705962935
0 0.40255983509452237 0.4882020643314142 0.015697722872636887 0.012954641066226813
0 0.4830967627876195 0.4741419128403462 0.015679542154477664 0.009829641066226812
0 0.4984132114597596 0.39246000382743074 0.012554542154477844 0.00973871285298138
0 0.3766240489901688 0.5155147220906885 0.032967036104353475 0.027517246239076344
0 0.4053530369881163 0.5451423861181689 0.032967036104353475 0.027517246239076344
0 0.464568955704223 0.570758500066507 0.0376727168225127 0.030778638558944492
0 0.43814735626995704 0.5473126398790926 0.029823855386194253 0.02430131802583091
0 0.5306348381195845 0.49306775758835447 0.018804542154477667 0.009920569279472246
0 0.5551626603282914 0.43923806393570286 0.006268180718159222 0.0033068564264908673
0 0.6108450337666624 0.4009053381505977 0.009411361436318443 0.006522784639736124
0 0.5970961511549093 0.3474082651102018 0.012554542154477665 0.00973871285298138
0 0.7368217264868742 0.3636517275674718 0.009420451795397966 0.008085284639736123
0 0.7298308622218854 0.4911773339939625 0.01726022287263689 0.01300010517284953
0 0.4870201517440845 0.7396077884671668 0.02199317466803503 0.02094899749271768
0 0.540271895890352 0.8505392767886842 0.023573855386194255 0.02411946159934004
0 0.5582946671639826 0.974993707509212 0.03759090359079629 0.016716138558944493
0 0.5857389319947055 0.8226583176966266 0.039217036104353474 0.02769910266556721
0 0.7413753327568313 0.9235806570343584 0.017242042154477666 0.00987510517284953
0 0.5982849046709507 0.6801298368969564 0.015679542154477845 0.009829641066226812
0 0.8113575972929666 0.5755092183962718 0.02195681323171641 0.014698997492717681
0 0.33384515476914656 0.7526570209161896 0.028261355386194252 0.024255853919208193
0 0.29007242887144746 0.7578362659016247 0.028261355386194252 0.024255853919208193
0 0.2935928594914109 0.6897765876883792 0.03449317466803503 0.021312710345699058
0 0.39665877215739337 0.6969322066512824 0.026644313231716586 0.014835389812585476
0 0.011654596605595553 0.14494878714701856 0.015679542154477706 0.009829641066226812
0 0.11691933440715127 0.04268394200329891 0.015697722872636932 0.012954641066226813