1 0.41015625 0.59609375 0.08125 0.0359375
0 0.4109375 0.46796875 0.0015625 0.0015625
0 0.44296875 0.46171875 0.003125 0.00234375
0 0.4234375 0.41875 0.0046875 0.003125
0 0.4 0.40390625 0.00859375 0.00625
0 0.3046875 0.384375 0.00390625 0.00234375
0 0.27578125 0.35234375 0.01015625 0.00859375
0 0.30546875 0.34921875 0.00859375 0.00546875
0 0.340625 0.22578125 0.01171875 0.00859375
0 0.72734375 0.26328125 0.0109375 0.0078125
0 0.22734375 0.76640625 0.009375 0.00625
0 0.12890625 0.65 0.00546875 0.0046875
0 0.1921875 0.90859375 0.00390625 0.00390625
0 0.18359375 0.9296875 0.00859375 0.00703125
0 0.18828125 0.92109375 0.003125 0.00234375
0 0.18359375 0.9125 0.00390625 0.00390625
0 0.1734375 0.9265625 0.00546875 0.003125
1 0.49921875 0.86015625 0.12578125 0.1125
1 0.49375 0.82734375 0.021875 0.009375
2 0.53125 0.89375 0.05625 0.05546875
2 0.47578125 0.828125 0.03671875 0.03515625
1 0.428125 0.8875 0.034375 0.021875
0 0.290625 0.94921875 0.00390625 0.00390625