1 0.06976899841715437 0.6083568453214552 0.020022994985435073 0.043968176002545434
1 0.062346606492997725 0.46083695532304586 0.016807066772189704 0.04080681333545435
1 0.14650499465623065 0.574662550644501 0.013181961599340219 0.023582950668363623
1 0.23308500382743072 0.497899508633047 0.038045569279472245 0.01918635200509069
1 0.21852239865458117 0.515250640634956 0.013591138558944315 0.037645450668363625
1 0.3124218481797275 0.6969086259548203 0.019568353919208192 0.028343176002545434
1 0.37682298047046575 0.6040029632797752 0.015244566772189749 0.040788632001908985
1 0.40896789073702244 0.5997239959420936 0.013409282132453626 0.03139545066836362
1 0.576086160728775 0.3049098405872309 0.016352425705962938 0.02518181333545444
1 0.5688192300082473 0.28625074725495814 0.014608069279472247 0.018913632001908987
1 0.5516999261681813 0.28410699192395805 0.015153638558944315 0.03766363200190899
0 0.25556775758835437 0.5304392886298653 0.0033068564264906895 0.006286362667090905
0 0.2092550472426554 0.5653415473026833 0.006522784639736124 0.009447725334181811
0 0.17367891158670495 0.47281823997454653 0.004869356426490734 0.006304544000636269
1 0.4864229524946472 0.5144762919319122 0.016897994985435004 0.043931813335454525
1 0.47068664073702243 0.5990058332670485 0.015108174452321776 0.03610113200190899
1 0.647620179929105 0.31579224924414045 0.016261497492717502 0.02205681333545444
2 0.04363371041220599 0.43293922199236395 0.05190949247815261 0.06620680267345432
0 0.0997723986545812 0.5166324219844098 0.004869356426490734 0.006304544000636269
0 0.13513558564331518 0.5896335699793191 0.00643185642649069 0.006322725334181811
0 0.13220916244463476 0.6365267513128646 0.004869356426490734 0.006304544000636269
1 0.3034032346936078 0.9531768072883657 0.019977530878812468 0.04240567600254508
1 0.35876565076615224 0.6877785266152296 0.019568353919208283 0.028343176002545434
1 0.5012081811827462 0.3284297039306396 0.010466138558944316 0.03760908800127272
0 0.48130485814235036 0.31460356126673034 0.0033068564264908673 0.006286362667090905
0 0.5208818351810968 0.26962686859486695 0.006477320533113407 0.007885225334181812
0 0.4745199975592246 0.4404211739338212 0.00643185642649069 0.006322725334181811
0 0.48756556683869673 0.4215257232654577 0.00486935642649069 0.006304544000636269
0 0.5035770117449895 0.40806265993000324 0.0033068564264908673 0.006286362667090905
0 0.5023471323572453 0.36980868193032135 0.006477320533113407 0.007885225334181812
0 0.39359660649299777 0.45698251261141165 0.006477320533113407 0.007885225334181812
0 0.3941792796916782 0.4101166032781844 0.0033068564264906895 0.006286362667090728
0 0.40773096582248236 0.32014558394336623 0.006522784639735946 0.009447725334181811
1 0.47193220665128227 0.39515412726768484 0.019841138558944316 0.037718176002545345
2 0.3893266436400163 0.46952796594527524 0.38792852665567035 0.39500670138445226
2 0.5887677363429604 0.8084979172501857 0.08001777210332381 0.11964088534372692
1 0.5999385685545564 0.7466700792489129 0.022647889812585652 0.02681703866963616
1 0.594364518475414 0.7771933732495493 0.009920569279472246 0.01885908800127254
0 0.6164574449727998 0.4473604225811858 0.006522784639736124 0.009447725334181811
0 0.6374040939565854 0.34480758724541316 0.009647784639735946 0.009484088001272716
0 0.652460792623802 0.3641570239099587 0.0064318564264908675 0.006322725334181811