0 0.27265625 0.5734375 0.01171875 0.01640625
0 0.27265625 0.51875 0.0046875 0.00625
0 0.29609375 0.49375 0.0140625 0.021875
0 0.340625 0.4859375 0.0234375 0.04375
0 0.4515625 0.559375 0.009375 0.01484375
0 0.41875 0.57734375 0.0078125 0.015625
0 0.425 0.65078125 0.00546875 0.0078125
0 0.440625 0.64921875 0.0125 0.0234375
0 0.4625 0.68828125 0.00859375 0.01484375
0 0.3171875 0.69296875 0.01015625 0.01875
0 0.44921875 0.825 0.00859375 0.01171875
0 0.49765625 0.85 0.009375 0.0140625
0 0.496875 0.81484375 0.009375 0.01875