0 0.4915632960185272 0.5897384933959062 0.016607645861557073 0.01893181333545435
0 0.4004879166653136 0.5800902260502705 0.01512703301668683 0.020476132001909165
0 0.3849547698992454 0.5369669347151341 0.010275758706427319 0.017296588001272716
0 0.38862200248639084 0.5026555693825432 0.013646420171816498 0.022020450668363622
0 0.450954906149864 0.5150924820575883 0.01512703301668683 0.020476132001908988
0 0.4783163455435574 0.6200345207272244 0.008385710085908294 0.011028406667727354
0 0.5024332762308235 0.7077617873965426 0.016689533016686832 0.020494313335454352
0 0.48170801842890737 0.714547589393679 0.008385710085908294 0.011028406667727175
1 0.45904844640264 0.7291186193904974 0.041103034825709095 0.06918635200509068
0 0.541567697307151 0.7542827987348606 0.00846759724103805 0.012590906667727353
0 0.5586489767057933 0.677965746737724 0.018333920171816585 0.02207499466899989
0 0.5599691372666713 0.6584617687380422 0.01496325870642714 0.017351132001908985
0 0.5591369776103046 0.7021754060709513 0.014799484396167628 0.014226132001908986
0 0.41971262946475535 0.6638566987189521 0.0066594357756486035 0.007885225334181812
0 0.49024089269373833 0.8028742927275427 0.016607645861557073 0.01893181333545435
0 0.4998527515818797 0.47974587539781516 0.013236984396167805 0.014207950668363622
0 0.5553867786056725 0.5561271094048149 0.0184976944820761 0.025199994668999894
0 0.5730180139063515 0.5945901727402694 0.01496325870642714 0.017351132001908985
0 0.5882944538658718 0.4987327800763602 0.016771420171816587 0.02205681333545435
0 0.5865615355030777 0.5252589174092692 0.01512703301668683 0.020476132001908988
1 0.4817877470593239 0.35851576539622443 0.03362472749876275 0.04567612667090888
0 0.4142140654675467 0.24607885272117933 0.015127033016686654 0.020476132001908988
0 0.3568187245580867 0.4023464867122707 0.018579581637205765 0.02676249466899989
0 0.3548268566248338 0.48352376137808883 0.015127033016686742 0.020476132001908988
0 0.2517937098587656 0.43938231536440764 0.016607645861557073 0.01893181333545435
0 0.14685390434084167 0.46314598468331736 0.01496325870642723 0.017351132001908985
0 0.15901971166778797 0.48671075401813557 0.010111984396167806 0.014171588001272717
0 0.12721751300184042 0.5651988333465903 0.016525758706427272 0.01736931333545435
0 0.13618972127872636 0.5278261026814084 0.006659435775648781 0.007885225334181812
0 0.18351510063194004 0.5369652926877718 0.008385710085908294 0.011028406667727354
0 0.20493972127872637 0.528626081357408 0.009948210085908293 0.011046588001272539
0 0.14251164235505404 0.5739653060152721 0.01315509724103805 0.012645450668363622
0 0.14559237675122183 0.5880550780155902 0.01660764586155703 0.01893181333545435
0 0.14719249830251935 0.6036891686823629 0.014881371551297517 0.015788632001908987
0 0.18335240558403712 0.7126374546864991 0.012002033016686741 0.02043976933481808
0 0.225061870758328 0.644414713359317 0.008385710085908294 0.011028406667727354
0 0.22390000395672888 0.3242840266947714 0.0183339201718165 0.02207499466899989
0 0.2500563902073475 0.30194595003181673 0.016689533016686832 0.02049431333545444
0 0.23816722184455327 0.3283539086966804 0.018333920171816585 0.02207499466899989
0 0.13244284430036193 0.36694314668204475 0.01849769448207601 0.025199994668999894
0 0.1455702860689045 0.3194687100174992 0.010111984396167761 0.014171588001272717
0 0.28380951322898307 0.14149934603754372 0.011838258706427318 0.017314769334818125
0 0.4063805540475859 0.15619874005408843 0.016607645861557073 0.01893181333545444
0 0.8627798767512218 0.5964003101129494 0.012002033016686653 0.02043976933481808
0 0.8627655093837958 0.4769417854471311 0.021458920171816588 0.0221113573360908
0 0.8868957281761315 0.50533041478354 0.01841580732694652 0.023637494668999892
0 0.9266575910210015 0.504231538788949 0.011838258706427495 0.01731476933481808
0 0.897956058908826 0.5078014341183582 0.005015048620519024 0.006304544000636269
0 0.7756782671857119 0.468901471435359 0.018333920171816585 0.02207499466899989
0 0.7852159622336148 0.2933383974379043 0.015045145861557075 0.018913632001908987
0 0.7746945420617983 0.27135430943663164 0.008303822930778536 0.009465906667727175
0 0.8397905975797222 0.24712701611231305 0.006823210085908471 0.011010225334181811
0 0.8199218328804012 0.2851537274426768 0.008221935775648604 0.007903406667727176
0 0.8330293424913396 0.3266872467774949 0.008385710085908115 0.011028406667727175
0 0.889695422319523 0.3054849561186764 0.006823210085908471 0.011010225334181811
0 0.916288899818286 0.3510792667886308 0.010030097241038049 0.012609088001272717
0 0.7272850327895442 0.4542844407622229 0.008385710085908294 0.011028406667727175
0 0.7454308452048731 0.39827988876508635 0.006659435775648781 0.007885225334181812
0 0.6987738511977669 0.342302061425814 0.008221935775648604 0.007903406667727176
1 0.6677042356393631 0.27089013808876866 0.0325601944820761 0.025363626670908877
0 0.6470631077564877 0.08560661875395052 0.005015048620519024 0.006304544000636314
0 0.8222135939616777 0.15010656544394946 0.013400758706427495 0.017332950668363534
0 0.8627057971501809 0.19273950811581284 0.018170145861557074 0.01894999466899989
0 0.7536273682719372 0.15243158676794988 0.008385710085908115 0.01102840666772722
0 0.853396074173974 0.26836621678067657 0.0184976944820761 0.025199994668999894
0 0.20849076718571197 0.46230164735836254 0.005015048620519024 0.006304544000636269
0 0.19905049016191895 0.3864567626909534 0.008221935775648781 0.007903406667727176
0 0.20654540762020202 0.33579369135899884 0.006741322930778537 0.009447725334181811
0 0.2100388998182859 0.3428613040260897 0.006659435775648781 0.007885225334181812
2 0.1471249785148156 0.7215851933481812 0.03616987336031983 0.06444430800445425
2 0.14989477442180116 0.655251668682363 0.04497166327441153 0.05361589600572714