1 0.521254918789656 0.33337350371954444 0.07652778366526398 0.04724318114108117
1 0.6851215005481542 0.23458290094789486 0.135014895460829 0.11392556699689198
1 0.6802058220550333 0.26330721443013017 0.022420637023308564 0.016643844499481995
1 0.6443228857573642 0.26007089846669545 0.04484127404661713 0.03328768899896399
1 0.7125098905666876 0.2569865938758003 0.012881945916316084 0.011519696856846905
1 0.7371924320364999 0.24483335028594105 0.01611607332097762 0.014790246071058544
1 0.7327603923807862 0.21489113916107055 0.03423115626060227 0.04215326674922295
2 0.6949776501853344 0.24364968589408287 0.0829960384745874 0.05378427956950453
0 0.675540658622855 0.15040695409104798 0.006468254809323426 0.006541098428423453
1 0.6244419500926672 0.13472414205655467 0.06492065027015244 0.11690070967712844
1 0.5489781586228549 0.14451221091547353 0.03859127404661713 0.032996590570540586
1 0.5220436363903364 0.131519905291121 0.012772818511654193 0.008394696856846861
1 0.5392137782229683 0.11040903866573251 0.02387400961864685 0.01359161910658786
1 0.4597394883976186 0.7280288782028158 0.06128472958157989 0.05745293507002245
1 0.31461052687220603 0.6711880651348652 0.10999504809323427 0.06752144789030404
1 0.4015376079977321 0.6916696931327933 0.01935020072563951 0.01806079528527036
2 0.376936912081416 0.7014791867226524 0.04624008293962456 0.028672963606069857
0 0.5915053543695349 0.7865948571103666 0.004851191106992658 0.00490582382131759
0 0.6267856669755575 0.3813273143062957 0.006359127404661713 0.003416098428423453
1 0.5019368789643062 0.9537951656302033 0.09987600362819701 0.09044952564056316
1 0.12602177514292545 0.3799144400324213 0.052872028855940556 0.03990156203449331
1 0.14490074991518198 0.3322774607105857 0.043497028855940555 0.03946491439185813
1 0.12093746025946825 0.30142556699689205 0.03234127404661713 0.032705492142117175
1 0.018701609622571454 0.4231849429279054 0.03740321924514291 0.03499573821317572
1 0.10847712187754807 0.4565668312649157 0.05923115626060227 0.04331766046291676
1 0.07329359002638267 0.45571065260503385 0.028144847367594837 0.0465496683207995
2 0.07620285753439585 0.37576844148016336 0.1524057150687917 0.17297523531769157
0 0.3237102522774347 0.500239864349077 0.006413691106992569 0.004978598428423453
0 0.1706001212445759 0.5823160020669146 0.004796627404661713 0.00334332382131759