0 0.49453125 0.51875 0.01875 0.0328125
0 0.5296875 0.39609375 0.0109375 0.021875
0 0.45625 0.5890625 0.009375 0.01875
0 0.3875 0.58671875 0.00625 0.00859375
0 0.4609375 0.5703125 0.00625 0.00859375
0 0.47734375 0.484375 0.00625 0.01015625
0 0.46875 0.459375 0.00859375 0.0109375
0 0.43203125 0.45625 0.009375 0.01640625
0 0.37890625 0.45703125 0.0078125 0.01015625
0 0.42109375 0.43515625 0.00703125 0.0125
0 0.5765625 0.55625 0.00859375 0.01328125
0 0.621875 0.57734375 0.00703125 0.0109375
0 0.71015625 0.61015625 0.0078125 0.01171875
0 0.63671875 0.6359375 0.0078125 0.01328125
0 0.57734375 0.4046875 0.01015625 0.01171875
0 0.5421875 0.3859375 0.00625 0.0078125
0 0.728125 0.471875 0.00859375 0.01171875
2 0.7578125 0.76171875 0.0859375 0.0984375