2 0.36580409442774464 0.33711314191745 0.11563895250377901 0.1381398954608291
2 0.3533943706655167 0.4185441911918105 0.017081084186749605 0.025545637023308566
2 0.566873041740439 0.4026092002623033 0.04299113680346807 0.04204365626060227
2 0.5537807785156721 0.47232149953666386 0.05540013154179633 0.040917665879249124
2 0.5331336205243423 0.5729564165970393 0.016626057878390377 0.017733137023308566
2 0.556382133749109 0.5035987813878292 0.013228042093374803 0.012936509618646851
2 0.587213446747997 0.6715228913692959 0.107993052475544 0.16750001324684388
2 0.5819637756024876 0.7687971954529799 0.016808068401734034 0.020858137023308566
0 0.5117606075113371 0.42017615697839245 0.00670502630835923 0.008030754809323425
0 0.5170256892084251 0.2963939165970393 0.005051521046687313 0.006413691106992569
0 0.6044633179782111 0.48578628801125123 0.006614021046687313 0.006468254809323426
0 0.5125047891801902 0.32586316178771585 0.0033980157850155733 0.004796627404661713
0 0.4941111049510883 0.34471236550858014 0.0033980157850155733 0.004796627404661713
0 0.4826499601845253 0.37549857403876785 0.0033980157850155733 0.004796627404661713
0 0.5771797521367257 0.5394097958157995 0.0033070105233436566 0.003234127404661713
0 0.4925302783039106 0.6923859736759482 0.003307010523343834 0.003234127404661713
0 0.5180686045981524 0.7158879610620764 0.0033980157850155733 0.004796627404661713