0 0.41900549346139615 0.27339957592114017 0.008085318511654194 0.007857951795398143
0 0.484980179126093 0.14877175976255735 0.008194445916316084 0.010982951795398054
1 0.6181101707733905 0.38085703103618795 0.11363096878180681 0.12251132513557321
1 0.3636607729503088 0.43391034992524524 0.06490080290255769 0.06911361436318479
1 0.29819700797418436 0.6179222564429077 0.09731648801910042 0.1474113311856975
1 0.321694016959859 0.5076069251590143 0.01940476442797028 0.01885908430895533
2 0.33512159989948354 0.5340967022863774 0.0427529843909034 0.06117384933607006
0 0.19504227003990188 0.796683581578481 0.006468254809323426 0.006286361436318444
0 0.21005468954734807 0.9356869942444634 0.008085318511654283 0.007857951795397966
0 0.04520845034712127 0.8694448915887436 0.032361121414211935 0.07673521682251269
2 0.03974962403091868 0.8921375030250621 0.01871528366526396 0.04384999394987581