1 0.27925064188333126 0.1930395555299031 0.2879545179539809 0.0948699681476202
1 0.3474915817748726 0.27653532401634173 0.18637383723582168 0.08582962613895004
1 0.4017074248644267 0.08594114511949887 0.10534200585373235 0.11859735253201391
1 0.2720290152235064 0.09193208183826233 0.020430674668035033 0.021495568401734035
1 0.21394432533196497 0.01489768693052498 0.056486349336070066 0.02979537386104996
1 0.15695398194782326 0.009413526378946414 0.048592036104353475 0.01882705275789283
1 0.1088068525575239 0.09128588168297055 0.09547612646343313 0.03367632096198281
1 0.08476990973911624 0.06144646323888423 0.037790891490547776 0.052184126280124365
1 0.6407001845287883 0.4867245821911982 0.22110336123992677 0.1487692418957307
1 0.5149825670423456 0.483113005755782 0.1865556444174139 0.11707962613895014
1 0.39441553698811627 0.5338704109045145 0.11290906615858284 0.07686487884037305
1 0.2853496091968233 0.4871157792215438 0.11445338544042354 0.07383088410204497
1 0.2506382659108774 0.5469303949783245 0.02836134933607006 0.04226309471009326
1 0.2179666664766115 0.5246227554734334 0.01895907825883114 0.0370295631400623
1 0.1354354467272325 0.6153380317112054 0.026717036104353477 0.028109589448421346
1 0.6618934075978169 0.6026380085277923 0.07521816861791084 0.04186825256024882
1 0.7582048053348807 0.6938706823041377 0.08002384328594588 0.06245376834526439
1 0.8007922811343839 0.6226635402389977 0.04232385538619425 0.025894642065139983
1 0.6074462812325796 0.6987464400554712 0.17456470452587247 0.20385158404557532
1 0.4268149465308408 0.4687235530402415 0.045430674668035034 0.02295165258848364
1 0.5181434075978169 0.6110104926016025 0.06595225292686635 0.060072220990217674
1 0.45552523292978186 0.6349632030684764 0.023592036104353474 0.02792757892507769
1 0.2992116004162246 0.6550012292356613 0.022029536104353476 0.02783657366340577
2 0.64507615066393 0.008865829242719997 0.048592036104353475 0.017731658485439995
1 0.9636281035394825 0.6897159903942895 0.022111349336070063 0.04189907366340595
0 0.49685019057891244 0.5122845662650083 0.015706813231716587 0.01497255261671846
1 0.6362985099589491 0.5721083453453778 0.02668976502711473 0.023422089448421345
0 0.6871479376520462 0.5574319243410427 0.007857951795397966 0.00826752630835923
0 0.8672030763139237 0.6180145666179442 0.006277271077238922 0.005051521046687313
2 0.07060585314669908 0.4824415027014231 0.03605567466803503 0.022405621018452494
2 0.26859896731349203 0.6967560897307701 0.5371979346269841 0.27836282053845984