0 0.47890625 0.60234375 0.025 0.028125
0 0.534375 0.57421875 0.03359375 0.0546875
0 0.3328125 0.69453125 0.03515625 0.040625
0 0.73671875 0.55703125 0.0171875 0.02421875
0 0.63203125 0.45078125 0.0125 0.0140625
0 0.60625 0.45390625 0.00625 0.0109375
0 0.4796875 0.47421875 0.02421875 0.04765625
0 0.54296875 0.40390625 0.00859375 0.01796875
0 0.48046875 0.42265625 0.00625 0.009375
0 0.4984375 0.39921875 0.00390625 0.00703125
0 0.51875 0.41953125 0.00859375 0.0125
0 0.45390625 0.45625 0.01484375 0.02578125
0 0.4671875 0.4953125 0.00703125 0.0125
0 0.49453125 0.50078125 0.0078125 0.009375
0 0.44375 0.4984375 0.0265625 0.0453125
0 0.4109375 0.4890625 0.028125 0.05
0 0.4640625 0.63984375 0.00625 0.0078125
0 0.46015625 0.3875 0.00390625 0.00703125
0 0.39921875 0.33984375 0.0078125 0.0125
0 0.36953125 0.35078125 0.0265625 0.04453125
0 0.3515625 0.371875 0.0125 0.021875
0 0.3125 0.33359375 0.003125 0.00546875
0 0.25703125 0.30234375 0.04609375 0.02734375
0 0.23125 0.46328125 0.01640625 0.02265625
0 0.8546875 0.303125 0.009375 0.0109375
0 0.925 0.60390625 0.01875 0.02265625