1 0.31692312870600653 0.49952469520421705 0.15429006933854178 0.12424663688926821
1 0.32749891242534684 0.41396818486513476 0.19200827488562505 0.13536822745980875
1 0.5684707109623262 0.32080241997793857 0.06199216014423605 0.04815070967712849
1 0.4876571220564928 0.3058366995474432 0.027144381458888846 0.026237168320799586
1 0.5155665293509374 0.1796723058337495 0.1236570119678472 0.0822389193542569
1 0.5762266999444094 0.4234543850317506 0.18630378875333342 0.1585146290313853
1 0.4730296179724302 0.39782514640429006 0.03731946846486114 0.06104881596343477
1 0.43287674344739546 0.41296214888548943 0.030305749050069507 0.027945217535011224
1 0.4840015259324648 0.4964253122438903 0.03997168977951393 0.0408818651776464
1 0.5226464518442704 0.4790173343697968 0.047529616641249994 0.03030823821317572
1 0.5050037037441315 0.5329064677444082 0.025509146276527873 0.02303939371369381
1 0.34764383900274254 0.6213975411514411 0.20189242116215295 0.1576798751024439
1 0.29987979264996484 0.5611899412752756 0.044550087005972294 0.036412688998963993
1 0.40322495782819406 0.44633972911694786 0.03328527868534721 0.021840766749222952
1 0.4975445343849304 0.11573823842257269 0.03949891109416672 0.020569365177646404
1 0.28929627650114575 0.11060989847120468 0.04124324905006951 0.028454639784752267
2 0.5270138288378471 0.12373052088756142 0.03535692496187508 0.043788541356328904
2 0.29149902251399235 0.8206741031859345 0.03357621941479172 0.03434076674922295
1 0.470515028497916 0.7740965479758666 0.03492051386770836 0.02503854135632899
1 0.3587612173274994 0.7137477069910413 0.05069098423243057 0.03201628742738745
1 0.39366354739961745 0.6894904156347124 0.061737587005972296 0.03721320967712849
1 0.24987652659805493 0.7313055421848984 0.019186411094166723 0.01962329528527036
1 0.2487510909026036 0.6790709540955572 0.029070557370694416 0.04193494292790554
1 0.5312187519967703 0.64718513751295 0.025436411094166545 0.01991439371369381
1 0.45698247141156195 0.6178658186540311 0.041206881458888844 0.026892139784752266
0 0.46961171761183984 0.5111427837078429 0.007994337955902786 0.008176373035529316
0 0.4820584726458329 0.44578961145810203 0.004796602773541636 0.00490582382131759
0 0.3783347138121177 0.4092592601341944 0.0031977351823611498 0.0032705492142117267
0 0.3882370438842358 0.38616636249155933 0.0031977351823611498 0.0032705492142117267
0 0.41487227906659696 0.3818041941707597 0.0063954703647222996 0.006541098428423453
0 0.3187791822769789 0.3527224698113229 0.00476023518236115 0.00334332382131759
0 0.48395154701836784 0.2638675233687608 0.006359102773541636 0.004978598428423453
0 0.4229237812507984 0.23705462034944214 0.0031977351823611498 0.0032705492142117267
0 0.42265233073770814 0.181658644956548 0.006359102773541636 0.004978598428423453
2 0.5233685779848257 0.7162262359413732 0.40891267268076437 0.5356722502048878
0 0.41382731098298536 0.8625811592245716 0.0031977351823611498 0.0032705492142117267
0 0.4163892665300687 0.8530969973139129 0.006359102773541636 0.004978598428423453
1 0.44406163127145765 0.7706462162966663 0.019113675911805572 0.01649829528527036