0 0.1301927299410081 0.22890625 0.01293664764263518 0.009375
0 0.0749958076912671 0.21796875 0.016134422249740998 0.0109375
0 0.15739943114108118 0.075 0.01784247146395268 0.0140625
0 0.246297342842343 0.625 0.01449914764263518 0.009375
0 0.39604263171747245 0.61953125 0.012863873035529317 0.0078125
0 0.37267359821902646 0.55390625 0.009738873035529316 0.0078125
0 0.5450601745215433 0.5984375 0.014717471463952591 0.0140625
0 0.4586303688971909 0.57109375 0.011446922249741042 0.0109375
0 0.5378983378799442 0.5453125 0.013009422249741043 0.0109375
0 0.8662031203449331 0.515625 0.01613442224974122 0.0109375
0 0.6172754687733564 0.521875 0.014571922249741043 0.0109375
0 0.6820464441662505 0.5203125 0.013009422249741043 0.0109375
0 0.6737544470617347 0.409375 0.012863873035529317 0.0078125