0 0.5268259350982802 0.4517877857105196 0.014553822930778537 0.009620461850553142
0 0.6642794267305373 0.24618444236549722 0.022939533016686654 0.020694329545304768
0 0.3752877685445083 0.3740740685849609 0.013073210085908293 0.011155688311602675
0 0.4537812607425922 0.36840649553247784 0.01628009724103805 0.012772735389503432
2 0.38917652815544673 0.3328723701270884 0.09627521370395282 0.10939436525911965
0 0.49668365445644264 0.6240758429346901 0.024256371551297562 0.01603410308425506
0 0.6465940439864216 0.7776117203686744 0.021131371551297563 0.01597955600635448
0 0.657929850181714 0.352420805596022 0.056734678878243724 0.04001707386326192
0 0.44905721845365126 0.20489342045139997 0.029271420171816588 0.022365923701106107
0 0.5527354963819554 0.10661165340527137 0.017760710085908293 0.01123750892845372
0 0.6043013184082227 0.12236906696010777 0.009784435775648604 0.00797614123370205
0 0.0005229242999172001 0.820953428165333 0.0010458485998344003 0.011182961850553142
0 0.04206367424414637 0.7342170872559425 0.037002033016686774 0.020939791395857908
0 0.08486864993388687 0.7380921095770768 0.036838258706427277 0.01781479139585791
0 0.1309690439864216 0.7686114525150621 0.020967597241038048 0.0128545560063543
0 0.30648694312733893 0.8811501830333016 0.03708392017181659 0.02250229139585791
0 0.660655464724065 0.9569270734529296 0.012991322930778537 0.009593188311602673
0 0.8522088789029876 0.8828561481269702 0.024256371551297208 0.016034103084255236