2 0.4703125 0.78828125 0.209375 0.4234375
0 0.43359375 0.6078125 0.02109375 0.01640625
0 0.371875 0.61484375 0.01171875 0.00703125
0 0.48828125 0.6125 0.0140625 0.009375
0 0.490625 0.5234375 0.00625 0.00546875
0 0.60703125 0.5046875 0.0046875 0.003125
0 0.509375 0.4859375 0.00546875 0.0046875
0 0.7140625 0.3625 0.00859375 0.00625
0 0.38515625 0.396875 0.0046875 0.00390625
0 0.34609375 0.4375 0.00625 0.003125
0 0.4828125 0.35546875 0.00546875 0.0046875
0 0.4953125 0.38515625 0.0046875 0.003125
0 0.44921875 0.328125 0.0078125 0.00625
0 0.49609375 0.32890625 0.00859375 0.00703125
0 0.49765625 0.2734375 0.0203125 0.0125
0 0.43203125 0.43515625 0.00390625 0.003125
2 0.40625 0.159375 0.325 0.18671875
2 0.40625 0.26796875 0.01796875 0.01640625