0 0.6129883384704632 0.4886631145423509 0.006359094155801337 0.006577548620519025
1 0.5772087512145208 0.4099958819552055 0.33594895697928917 0.19712946404263718
1 0.5802365194784652 0.2698655269122513 0.18992734496658023 0.14888895861557022
1 0.3018581493480816 0.3595233276804769 0.06167388555165916 0.04538109905006031
1 0.8158502857105198 0.507746227953048 0.07282957386326175 0.05845430913596861
1 0.7573867694751699 0.7422717141582382 0.0947045738632621 0.05960072930778502
1 0.6259009902541768 0.7804411787667022 0.10525233603812652 0.12727955223856355
1 0.7091635036468574 0.8018824095448253 0.07869774431795715 0.03690685775648746
1 0.6419175024290414 0.8468507507929693 0.06375458279171564 0.07515048620519024
1 0.7701515965848428 0.8463860040723299 0.08985343262956 0.04998006784239593
1 0.41764243100141146 0.7209787268213942 0.10868525324641087 0.055650213703953
1 0.3086980791349724 0.6617851905253472 0.10373647483619663 0.21930327792830404
2 0.2859208725594251 0.7904391350074231 0.035138659090609536 0.04555151741285464
2 0.3170169139552829 0.824779835482393 0.025490923701106106 0.0294351944820761
1 0.4235084216659207 0.8778462025111349 0.040126168019063255 0.06298467887824373
1 0.8039186704481047 0.899353873814605 0.05994774431795698 0.03592421189493038
1 0.8631788478026587 0.8000665247645447 0.034811376623205346 0.026801517412854636
2 0.8827804614402208 0.6238791610151633 0.03414890340856687 0.07828213025772471
2 0.7800979719935276 0.43064149536590257 0.041388659090609535 0.04587906603337348
2 0.8269553810841369 0.47197582428957485 0.025518197240056394 0.0309976944820761