1 0.4525724318220763 0.56875 0.11698076866768634 0.1671875
1 0.5621519833642038 0.55703125 0.030560253246410873 0.05
1 0.23382638596199157 0.61328125 0.05311709172016936 0.0890625
1 0.2927667836885154 0.50390625 0.025463650162155814 0.0265625
1 0.10493377273146672 0.6125 0.20576262499835235 0.240625
1 0.19013270738962146 0.47578125 0.07573638555165915 0.0421875
1 0.19115546510025921 0.4171875 0.024037517856907487 0.034375
1 0.20394361160896707 0.26640625 0.13830238960884902 0.225
1 0.09010393851512126 0.246875 0.18020787703024252 0.1953125
1 0.03294709334502246 0.33359375 0.06589418669004492 0.1609375
0 0.4839060267886565 0.4296875 0.004796594155801337 0.00625
0 0.22515831818451434 0.39375 0.004823867694751627 0.0078125
2 0.09613942532925449 0.66875 0.060356847402212234 0.05625
1 0.05929931331325037 0.55625 0.11859862662650074 0.2
2 0.5294798051988708 0.59375 0.061646612012708955 0.040625