1 0.9050709357049126 0.7326018121426864 0.045787343878220456 0.05152778366526398
1 0.9029937825488826 0.6683756210356938 0.03816584486680341 0.05594246515360961
1 0.8459015241459257 0.7062823596029484 0.04129084486680377 0.05605159255827132
1 0.5457556496216267 0.8913914472670783 0.04129084486680377 0.05605159255827132
1 0.5603659307619967 0.7440352976298981 0.06268568380210837 0.08332342068857254
1 0.6175284678338657 0.5700000861044854 0.0727318458553869 0.061830366604888456
1 0.5555842247539481 0.5349777561600858 0.05311968281352506 0.07830853847458741
0 0.538102247491361 0.4264013643274538 0.004942167984777512 0.006413691106992659
1 0.3786556047154544 0.30739092558271397 0.07119852076024662 0.10078373920022674
2 0.37468568771926003 0.3088170163268868 0.03985567885919252 0.059122028855940555
1 0.4320406595074585 0.8404787332945951 0.02652800790866543 0.03837301923729371
2 0.9334757558943181 0.4003076673148295 0.036094008897248384 0.04338790145127884
2 0.9177128571497313 0.7103547899101678 0.06392984882113631 0.07556548439090349