1 0.5231292889684287 0.5541740012383451 0.07506018415851479 0.058035131926869356
1 0.5599082231269434 0.610426155291121 0.06539675782192056 0.07940070967712849
1 0.6457022389825461 0.5450794451997079 0.03655912628012441 0.03910104135632882
1 0.4140350100292335 0.5405224160444879 0.03030912628012441 0.03880994292790554
1 0.44127234421598305 0.5667231970617346 0.07213260523343692 0.034524857319763666
1 0.447491523112826 0.6199937462759463 0.02949007892507769 0.02474744292790554
1 0.5278839493788329 0.6759398393276863 0.0915798262236546 0.1008776033908223
1 0.5531562361399487 0.7620421592200625 0.03279708944842134 0.028017992142117264
1 0.4719979704255203 0.6795699534718753 0.032706084186749605 0.026455492142117266
1 0.4199349414863251 0.6685746414373821 0.03261507892507787 0.024892992142117088
1 0.4373961862952404 0.5938122359368642 0.023149073663405774 0.022893844499482084
1 0.6816019416274994 0.5327271484666956 0.020206084186749608 0.02587329528527036
1 0.6447165916557344 0.5014022198068137 0.01966005261671846 0.01649829528527036
1 0.639331141641617 0.5159548713783902 0.01331904735504672 0.014644696856846906
2 0.595305938784902 0.7499809609154735 0.08102175782192056 0.08012845574818712
0 0.6761163230281213 0.719463015092084 0.0033070105233436566 0.0032705492142117267
0 0.8033242941595133 0.6427999693925288 0.011392526308359052 0.008321922249740866
2 0.6589533969032887 0.5184270539672134 0.04749662628012423 0.03961046360606986
0 0.8724628890813682 0.45201661165848056 0.008267526308359408 0.008176373035529316
0 0.7597661970303456 0.38989113916107054 0.0033070105233436566 0.0032705492142117267