2 0.2078125 0.7734375 0.2359375 0.34140625
0 0.25703125 0.715625 0.0109375 0.01640625
0 0.4671875 0.68125 0.0078125 0.01171875
0 0.5234375 0.81796875 0.01015625 0.01640625
0 0.46484375 0.82578125 0.01953125 0.02421875
0 0.415625 0.78671875 0.01875 0.021875
0 0.45234375 0.6546875 0.0078125 0.01171875
2 0.5375 0.471875 0.06328125 0.09453125
2 0.58828125 0.396875 0.0453125 0.06484375
0 0.56953125 0.36875 0.01640625 0.028125
0 0.6421875 0.21328125 0.009375 0.01953125
0 0.50390625 0.1359375 0.00859375 0.0203125
0 0.5546875 0.121875 0.00703125 0.01015625
0 0.96015625 0.9578125 0.0140625 0.021875
0 0.87890625 0.778125 0.0078125 0.0125
0 0.65625 0.73203125 0.01953125 0.02890625