0 0.4634697644729114 0.4079888439154016 0.02423802067816432 0.01814250494291585
0 0.39696716108208924 0.3195046640676259 0.02899829528527036 0.019896005931499074
0 0.3771662373846062 0.36314457612090445 0.017769696856846907 0.013200336958138336
0 0.44384000702931325 0.287884590949652 0.030488020678164317 0.01839717292769345
0 0.2501885144729114 0.3992982989348671 0.019477746071058545 0.016389003954332716
0 0.2951371414373821 0.3933321418245045 0.011301373035529316 0.008258168973360824
0 0.35130155831043963 0.47749623619701664 0.011374147642635179 0.009820668973360824
0 0.405466827540862 0.5522216635733344 0.020894696856846907 0.013327670950527093
0 0.47539833787994423 0.5636485949039848 0.014426373035529317 0.00838550296574958
0 0.4953576193114756 0.43969910034119214 0.011301373035529316 0.008258168973360824
0 0.4680160233642516 0.47211501091159597 0.04520549214211709 0.03303267589344294
0 0.4145828083104396 0.4800747495428895 0.02423802067816432 0.01814250494291585