0 0.5854242805717164 0.6203868709898958 0.026018671939110227 0.026018671939110227
0 0.4286211822448715 0.6977518201150433 0.016134335969555026 0.013136669961943959
0 0.5223433018262545 0.5223433018262545 0.01938666996194378 0.016389003954332536
0 0.49965255973491995 0.4858301402672677 0.024201503954332716 0.019705004942915848
0 0.5131248107235031 0.48060147079961535 0.017824169961943782 0.016325336958138335
0 0.45488388779580974 0.5126128161607106 0.008067167984777513 0.006568334980971891
0 0.4356882188224489 0.5243143201150433 0.035011669961943784 0.017025673916276674
0 0.4232372983662135 0.5427605725865012 0.01756950197716627 0.010075336958138337
0 0.4526382968833387 0.5485821496588078 0.03513900395433271 0.020150673916276673
0 0.44702762543852004 0.571429400647391 0.03513900395433271 0.020150673916276673
0 0.5389657050194655 0.19096596783386577 0.01938666996194378 0.016389003954332716
0 0.48884900540002646 0.3489986437273087 0.016134335969555026 0.013136669961943959
0 0.4181107410655704 0.4197369080617648 0.009693334980972069 0.008194501977166268
0 0.3850953112177947 0.4834784144875554 0.012754667984777512 0.006759335969555025
0 0.3961137242596564 0.5001884120160975 0.009629667984777513 0.006632001977166268
0 0.3488792855146322 0.6066267544114432 0.03207767095052709 0.021585839923887917
0 0.34036378996325645 0.5859150063886096 0.009629667984777601 0.006632001977166268
0 0.3632136995450771 0.6185219179475965 0.016007001977166268 0.01001166996194378