2 0.2994368402320914 0.6224594667064418 0.07522572930778511 0.09702485731976367
0 0.2779745980340075 0.6285082595105127 0.01134693577564878 0.008321922249741043
0 0.16186159712949638 0.6473780758882322 0.012991322930778537 0.009957196856846906
1 0.4651293600197951 0.7484334234880861 0.07384029172311415 0.040847631926869354
0 0.33700211725588436 0.5482428707592177 0.011510710085908293 0.011446922249740865
0 0.4770860481702931 0.8938743560769093 0.011510710085908293 0.01144692224974122
0 0.5247799197215907 0.8804325942900849 0.008221935775648604 0.00817637303552914
0 0.5549687087311712 0.917080723735755 0.00978443577564878 0.00824914764263518
0 0.5078923128696141 0.9336838728261323 0.00978443577564878 0.00824914764263518
0 0.5152544335164005 0.9426414958616615 0.011346935775648603 0.00832192224974122
0 0.3683484560176377 0.9812223447043698 0.00978443577564878 0.00824914764263518