1 0.5982802855030777 0.5220725262436003 0.12710913387576941 0.13038745764913068
1 0.6235879019659925 0.6175032009116352 0.06610967887824373 0.03943520472226432
1 0.4812875373120999 0.5698146137740095 0.040864017412854635 0.03460225897699036
1 0.37132936114738957 0.6027584030998169 0.08099105042954129 0.0551420179539809
1 0.5365249932141367 0.6849447100850174 0.025900758706427142 0.017332945745273776
0 0.3474624932141367 0.6838447766363837 0.012909435775648782 0.007885222872636887
0 0.2391719583884276 0.6144857225780493 0.00978443577564878 0.007867042154477843
0 0.3583446822691458 0.5636322705862595 0.01134693577564878 0.007876132513557366
1 0.4761253245126582 0.4862163185944697 0.020142081637205857 0.02667158430895533
2 0.47140352498762805 0.45572938787631045 0.1492364393936933 0.10552381303532492
1 0.5439126108087053 0.37883106547121176 0.023103307326946165 0.023564765027114642
1 0.45954425486124 0.348661776439992 0.04464411465389251 0.047120439695149674
1 0.48021420171816526 0.22147710772388535 0.04669793758467104 0.056504530054229285
1 0.22149097693293593 0.24730731293712896 0.08435506784239584 0.08952610831306052
1 0.7371491971956095 0.1019150832288009 0.050566566033373485 0.04090680113146816
2 0.7601020183173657 0.06299802897407478 0.0592798247398008 0.05813975292686624
2 0.981329644391219 0.41969852262936297 0.037340711217562016 0.04718407220870695
1 0.873706331410063 0.4572889053393121 0.03107958163720568 0.026735216822512696
1 0.5635224259375677 0.39534639978016717 0.019896420171816587 0.02198408430895533
1 0.633425490161919 0.38794296593874994 0.06339411465389251 0.04722952400410509