1 0.5727976714465812 0.16192082142314007 0.05517837939029935 0.08469316256778661
1 0.6245283430895541 0.19112705327276747 0.033239746876741985 0.07362839754067196
2 0.6078357467785462 0.14181285450243147 0.06288179508134384 0.0659886143631847
2 0.7765771773003136 0.27560256810349043 0.0440954336450254 0.05962953005422929
1 0.7681197826865079 0.2989900711285525 0.10740447560311157 0.199055644417414
2 0.7412941831540462 0.3878934898446592 0.044249969749379045 0.08619203005422929
1 0.7863844902374426 0.4842463150784283 0.10805793969514958 0.04281473477649378
2 0.9017448280624395 0.4411780920093996 0.19651034387512106 0.2105294756031114
2 0.5986719085607659 0.7151776316297946 0.042551114363184796 0.06274543969514959
1 0.3755702309658646 0.637319755460949 0.003152271077238833 0.004705680718159222
1 0.3930077158405541 0.6803884994108248 0.041052246876741985 0.07367384933607006
1 0.3598548482559155 0.7559743066906129 0.028297716822512697 0.029851126463433176
2 0.4082968934354554 0.7570373578220811 0.08805451190385671 0.09582156010845858
2 0.20711566763595218 0.6871192466803503 0.04400453005422929 0.04400453005422929
1 0.2108764718906783 0.6621419725780493 0.06309996369925477 0.1034886143631848
2 0.17511012607064966 0.28850902985783755 0.08184087334017516 0.10203519867214013