0 0.38828125 0.3156614580497433 0.0390625 0.03954717887824381
0 0.59296875 0.4537324253717408 0.0421875 0.06002345318850324
0 0.68984375 0.30021567898978546 0.0234375 0.026228307326946254
0 0.46875 0.5995661465389256 0.0375 0.04727779172311415
0 0.48828125 0.4982459859780475 0.0203125 0.026064533016686653
0 0.5296875 0.4808847455889859 0.0484375 0.06191350180902226
0 0.646875 0.5159325322237173 0.0078125 0.01134693577564878
0 0.4171875 0.45858262041964376 0.0578125 0.06865482473980081
0 0.346875 0.4205226984388049 0.0484375 0.057226001809022264
0 0.38046875 0.5097832722740946 0.040625 0.059941566033373486
2 0.2203125 0.492796088873295 0.2640625 0.27008892921692806
0 0.66953125 0.49836989597309866 0.0125 0.020967597241038048