1 0.395718875106953 0.7686536612382466 0.053313398676092486 0.10722600180902227
1 0.23645949917593967 0.6569305099496227 0.03913958271265772 0.07063340456798421
1 0.3140473058337495 0.5380410690855912 0.0229323858558109 0.05731453301668665
1 0.1569068939230907 0.5321551599950511 0.02296661910658786 0.024583920171816587
1 0.3335765175777925 0.28688800486124 0.04761136228216234 0.15212906603337348
1 0.38204394272301767 0.3896721681356516 0.01849744292790545 0.029025758706427228
2 0.3626924751880064 0.41841796585165947 0.07962334160399784 0.13666119629109835
1 0.38009399090377205 0.4819824988683462 0.06366439371369373 0.02827548620519007
2 0.37613004466609773 0.2476108208946136 0.10091614474715102 0.12530761646291486
1 0.5034694865605458 0.32163589834794787 0.053818512820281585 0.05113977611928178
0 0.4195032473139129 0.45976998416902515 0.006613873035529139 0.008140048620519025
0 0.41530805293826534 0.43213962912607096 0.00334332382131759 0.0048512743102595126
0 0.40515180293826536 0.43160736261772764 0.0032705492142117267 0.0032887743102595125
0 0.48796861104381717 0.36859610752934496 0.006613873035529139 0.008140048620519025
0 0.5822087626153938 0.37980028041469494 0.00668664764263518 0.009702548620519025
0 0.5609780796122859 0.24711725519992428 0.00824914764263518 0.00978443577564878
1 0.6157553550479612 0.5507202900256334 0.023184942927905537 0.029271420171816588
0 0.6622729441707598 0.45996249321413674 0.00668664764263518 0.009702548620519025
1 0.024734460712840342 0.6563219210763277 0.049468921425680684 0.04718926051544958
1 0.28296643383167747 0.4486986080951718 0.02249573821317572 0.04793953301668665