1 0.38959352312861795 0.6614311327179976 0.04535913879807012 0.0926965773392725
1 0.6723087913925625 0.5249054760900413 0.10919554220663663 0.16998633068109026
1 0.7394241534052715 0.5663031827657228 0.06136596834337489 0.11475339067472685
1 0.8638435008074836 0.6239895081158128 0.0237920560063543 0.020585220003181703
2 0.6391650547852431 0.5502958274188142 0.039826159090609534 0.044204533338636054
2 0.7034809249156269 0.47605944342772294 0.06054776217486459 0.06787839067472685
0 0.7878885215037649 0.8816469194382226 0.009593188311602673 0.012609088001272539
0 0.7651368141174386 0.8759145401018135 0.0032068206168510472 0.0047238626670910834
0 0.6329889671222635 0.6439549207510871 0.0031795470779007575 0.0031613626670909055
0 0.6397686213416092 0.8533662834181779 0.0032068206168510472 0.0047238626670910834
0 0.6008015787279353 0.8583805000795419 0.008003414772652383 0.011028406667727354
0 0.17378729098552545 0.6932880180219535 0.009538641233702006 0.009484088001272716
0 0.12234929626053122 0.8340670120146356 0.009593188311602718 0.012609088001272539
0 0.11787030194257406 0.8012090586807721 0.00641364123370205 0.009447725334181811
0 0.4740542978853843 0.6225782653962244 0.0031795470779007575 0.0031613626670909055
1 0.6334099326262645 0.5338259427514052 0.016115923701106104 0.028306813335454352