0 0.3300663125443455 0.48512410899968306 0.01726022287263689 0.013400758706427318
0 0.3556339391059745 0.4497564970593239 0.014126132513557366 0.011674484396167806
2 0.30856349638576275 0.4137061324054313 0.06277271077238851 0.05015048620519007
2 0.5283295330792914 0.06283410843385613 0.02666249394987581 0.018579581637205765
0 0.5000187015990064 0.16366294606395573 0.02668067466803503 0.021704581637205768
0 0.21738398448190602 0.31364417740790573 0.02511817466803503 0.0216226944820761
0 0.32022420081343944 0.6728321489137747 0.009402271077238834 0.005178822930778537
0 0.33656733918072923 0.7970885204650723 0.010982951795398144 0.008385710085908294
0 0.3643014537403057 0.7313749892574078 0.031395445745273955 0.026637743102595125
0 0.2580014567653678 0.7172129127085847 0.02200226502711473 0.023021420171816586
0 0.829017417832344 0.5995273614860739 0.020412493949875453 0.018252033016686653
2 0.6499753333269969 0.7010478386461524 0.040797716822512695 0.03181656603337348
0 0.7165724808676688 0.7373405427391668 0.010982951795398144 0.008385710085908294
0 0.9466452793668584 0.54711609169837 0.02511817466803521 0.0216226944820761
0 0.7800259268093344 0.6360104160994867 0.03137726502711473 0.023512743102595123
0 0.7408447312604522 0.47931668079880774 0.02667158430895533 0.020142081637205857
0 0.7331458607489474 0.49843849502315896 0.02041249394987581 0.018252033016686653
0 0.8472896530998169 0.3841447009251958 0.012563632513557365 0.01159259724103805
0 0.5612748850476401 0.3558781015364512 0.014117042154477667 0.010111984396167806
0 0.4288356106507516 0.5473142497728574 0.02980567466803503 0.02186835594746519
0 0.4680203096174793 0.4361211222286661 0.03452953610435365 0.028364017412854638