1 0.6003393258229444 0.3760987483025193 0.08345791549465283 0.1152775192218769
1 0.2558524858566481 0.6190620177515388 0.07223861436318471 0.06626680913596861
0 0.8890256176828345 0.1872597348463937 0.01730567466803521 0.021213258706427273
0 0.8516165212736306 0.16966944312327964 0.012572722872636888 0.01315509724103805
0 0.5982511476388679 0.06339403041469496 0.01259090359079611 0.016280097241038006
0 0.5367399132551577 0.4274698185197644 0.012572722872636888 0.01315509724103805
0 0.3886978438751211 0.351721788782438 0.006304542154477666 0.009702548620519025
0 0.21933424463724682 0.44834672602842474 0.004723861436318444 0.006495661465389269
0 0.30304564842443477 0.5668311324054314 0.003143180718159222 0.0032887743102595125
0 0.3727490943661004 0.6752035543862702 0.0031613614363184437 0.006413774310259512
0 0.5162354739527915 0.7280496726582074 0.004723861436318444 0.006495661465389269
0 0.4476672811343838 0.6931966378324983 0.0031522710772389217 0.0048512743102595126
0 0.5114262958669109 0.48006587403768836 0.006295451795398144 0.008140048620519025