0 0.30234375 0.6734375 0.01640625 0.02890625
0 0.3359375 0.6765625 0.0078125 0.0109375
0 0.4046875 0.75078125 0.0078125 0.01328125
0 0.43046875 0.675 0.0203125 0.03046875
1 0.4359375 0.40625 0.07265625 0.1078125
0 0.5234375 0.54140625 0.01640625 0.03359375
0 0.578125 0.3171875 0.0125 0.025
0 0.6375 0.45390625 0.02109375 0.03671875
0 0.66015625 0.534375 0.0171875 0.03046875
0 0.64140625 0.64375 0.00859375 0.0109375
1 0.7953125 0.64296875 0.040625 0.11328125
0 0.965625 0.54921875 0.01015625 0.01328125
2 0.46015625 0.26171875 0.015625 0.02734375
2 0.2546875 0.49765625 0.075 0.16484375
2 0.325 0.34296875 0.02890625 0.0359375
2 0.825 0.01796875 0.053125 0.0359375
0 0.88046875 0.0234375 0.028125 0.046875