1 0.45526854836621344 0.5470254833734596 0.19325920456235507 0.18509772868809904
1 0.40444619460216114 0.64526440657214 0.0826161818249421 0.07419366943775678
1 0.43640314323301715 0.4929517488128658 0.02439250494291585 0.024119461599340218
2 0.4193283897729761 0.509835371932404 0.05404551285158128 0.06243781551854859
2 0.5051438729670621 0.5869314178549111 0.09358285672980174 0.11352895407749272
0 0.6331932771116752 0.6425101649519173 0.016261669961943958 0.016079641066226814
0 0.12603598760552928 0.4497008201374021 0.011383168973360735 0.011255748746358662
0 0.07880952464021726 0.6703459407496577 0.014635502965749536 0.014471676959604097
0 0.07720987395564526 0.5947010830695257 0.013009335969555136 0.01286371285298138
0 0.22678942680766406 0.734708654460569 0.008194501977166358 0.009602320533113407
0 0.2159421101154808 0.656211581420173 0.011383168973360735 0.011255748746358662
0 0.09001628007742472 0.6442691740566102 0.008130834980971956 0.008039820533113407
0 0.3805298976444604 0.8683525655850556 0.011446835969555114 0.012818248746359017