0 0.12020459755211732 0.8724330167902231 0.020930749050069464 0.0272718281303014
0 0.07078647901100624 0.8491790552648103 0.014426175911805571 0.01611607332097762
0 0.059502833684408965 0.8979712193299608 0.014426175911805571 0.01611607332097762
0 0.18701023784472146 0.8864930275899962 0.017696646276527783 0.02247520072563951
0 0.2068882863817007 0.8038342950131913 0.012863675911805572 0.01606150961864685
0 0.3464943406182631 0.876240029952249 0.014389808320624997 0.01455357332097762
0 0.4051822756481244 0.702455300370669 0.014426175911805571 0.01611607332097762
0 0.4986218447023257 0.7795956645284867 0.008030705547083272 0.009647818511654194
0 0.42554998024527724 0.6658357540915333 0.011301175911805572 0.016006945916316084
0 0.2818915524336106 0.6333828965571373 0.009629573138263936 0.011264882213985139
1 0.5683960161488191 0.4313466482864179 0.09607883225631966 0.17040675843752062
2 0.5687044874634719 0.4516318664352525 0.0589412017473613 0.11758929328391084
1 0.5882006762930552 0.3853793838584476 0.02256598423243066 0.030451391832631992
1 0.6010273314032982 0.4044468423886354 0.016352351823611146 0.031795637023308565