1 0.4154500961093842 0.41864419605345204 0.09241987336031983 0.06509883601209036
1 0.25739525667026236 0.3972857220321349 0.064792840343633 0.044477253341817756
1 0.3018302521477066 0.27678286537236185 0.03387703301668674 0.02069430800445433
1 0.6573067254625979 0.43004696208622323 0.09332727611928178 0.05261701734563573
1 0.6250950910210016 0.5007225414146781 0.07251680913596843 0.07267497867599956
0 0.7891775231786057 0.41362362543758613 0.006495661465389269 0.0047602253341818114
1 0.9054598631835546 0.2338372227879944 0.11404921189493038 0.06066587468172653
2 0.901389838873295 0.2306667694541308 0.06430151741285428 0.035102253341817755
1 0.4779555766603648 0.7621311140594973 0.06454717887824372 0.03978975334181776
1 0.4514992972617226 0.8383390780553611 0.05410100180902226 0.04903748400699968
1 0.5315143458822416 0.8455163260661788 0.04695024310259512 0.03177725867281787
2 0.48303258027840934 0.8590061140594972 0.09776247060135787 0.07765338001272681