2 0.6910497981662338 0.8427745010468397 0.16952900723608924 0.1974594943004167
0 0.6709663495002862 0.9222444487101384 0.01134693577564878 0.008067073138263936
0 0.5776833389848367 0.8587105852030203 0.022857645861557075 0.01925914627652787
0 0.5586091123905851 0.8380350625015968 0.011346935775648603 0.008067073138263936
0 0.39899841700399785 0.7924712554152428 0.01628009724103805 0.012863675911805572
0 0.4055007225219218 0.76728941745934 0.021131371551297563 0.01609777868534721
0 0.5885854601974498 0.6488264389264925 0.03905585594746519 0.030560322188333443
0 0.5615382813192061 0.6103458203853815 0.042344630257724704 0.033758057370694414
0 0.6610536024409622 0.5689194269586453 0.03552142017181659 0.022675087005972296
0 0.735067634553138 0.5632857163775689 0.021295145861557074 0.01922277868534721
0 0.6089654799851536 0.5302394398764231 0.03247830732694634 0.024164851823611146
0 0.6320820754171693 0.4937200584175342 0.029271420171816588 0.022529616641250173
0 0.6285919052453528 0.471899609804305 0.017924484396167804 0.014462543502986236
0 0.5485702125722991 0.497228224545694 0.017760710085908293 0.011337543502986058
0 0.5482636753717408 0.5809310773192357 0.014635710085908115 0.011264808320624908
0 0.6488701057203226 0.4409217135277773 0.03593085594746519 0.030487587005972115
0 0.6146245805055519 0.4143416829425689 0.03593085594746519 0.030487587005972296
0 0.5495794346439951 0.3970827541809718 0.04398901741285464 0.03535692496187508
0 0.5811127176606817 0.4166860861529509 0.035767081637205676 0.027362587005972116
0 0.4961888410210015 0.48280335505465233 0.022611984396167628 0.014571646276527872
0 0.48194927860567266 0.5394533985576386 0.006577548620519025 0.0063954703647222996
0 0.4319802561044355 0.5859842128621872 0.011346935775648603 0.008067073138263936
0 0.45581722580128214 0.6378370003812497 0.01628009724103805 0.012863675911805572
0 0.31116314506858755 0.6388572525654512 0.011428822930778538 0.009629573138263936
0 0.2941693176152532 0.5086248919081248 0.021131371551297563 0.01609777868534721
0 0.4953002911572872 0.22704366432520792 0.026228307326946164 0.024019381458888933
0 0.4208591338757694 0.12005008833715243 0.0294351944820761 0.025654616641249996
0 0.3796100141334942 0.15386269709461775 0.042344630257724704 0.033758057370694504
0 0.20314933344622807 0.070363132124479 0.01940509724103805 0.012936411094166678
0 0.39359835029325574 0.30137347672989556 0.017760710085908293 0.011337543502986058
0 0.19632495985876566 0.4326819473789582 0.024420145861556986 0.019295513867708357
0 0.6493360159425166 0.19608133900274252 0.034204581637205675 0.027326219414791676
0 0.6933349994341731 0.18488861265409665 0.034204581637205675 0.02732621941479172
0 0.7024886714150119 0.2550738260849647 0.0388101944820761 0.025872822188333356
0 0.5955802521477066 0.25990875608083286 0.03058825870642714 0.017878484232430568
0 0.9960128999876281 0.8910970193798603 0.007974200024743893 0.014462543502986236