0 0.21890925326227598 0.5326055474519924 0.01731476933481808 0.011637836958138336
0 0.3010859539306396 0.5234480647521979 0.034684082670272606 0.027963173916276673
0 0.2812359832511402 0.6172153107978652 0.012609088001272717 0.009884335969555024
0 0.27848315324636763 0.6522760603035737 0.0315227200031817 0.024710839923887916
0 0.4526853639401846 0.4592794298849567 0.037790901336727245 0.02652800790866543
0 0.3714819119589564 0.31762382908665393 0.011046588001272627 0.009820668973360735
0 0.4862983899586382 0.3246471033069417 0.034647720003181705 0.024838173916276674
0 0.5639870379535477 0.36533045311666135 0.04093408267027261 0.028217841901054187
0 0.6903580866088663 0.4541130633065042 0.02361931333545435 0.01658000494291585
0 0.7263490359245944 0.5853285712151696 0.0299238573360908 0.021522172927693362
1 0.40139777331318277 0.164863585018153 0.11473520934118149 0.06246019072219058
1 0.5747865359245944 0.5791528725843136 0.13562951201463563 0.11328786167271758
2 0.4447524959023227 0.7379946788963736 0.18092383068109025 0.11357170456235507
1 0.4414553205760951 0.6854917614058875 0.0299238573360908 0.021522172927693362
2 0.6147837325748224 0.701933797983465 0.045767033338636055 0.04090884288963732