0 0.46663545988201616 0.483748999576477 0.03746576674922295 0.034905621018452494
0 0.48769713068401516 0.5512018100857032 0.06944351282028158 0.05235072625188941
0 0.38799026736839554 0.3007475128012438 0.05374573821317572 0.04987817363517104
0 0.47470278680370565 0.7740554811606255 0.03077911910658777 0.02516659997176518
0 0.6087267222880131 0.6907031968185842 0.019550520678164318 0.018279563140062117
0 0.6089065047530017 0.661106702080256 0.014426373035529138 0.008631547355046721
0 0.6069715155063686 0.5191922178652716 0.05948631596343468 0.039304694681858446
0 0.6742189815936379 0.6080341809629815 0.020894696856846907 0.013683068401734033
0 0.6630224623632156 0.5349229046546222 0.011301373035529316 0.008449536831702886
0 0.6860254687733564 0.560415728318028 0.006541098428423453 0.006614021046687313
0 0.6595186267550737 0.5767918862387708 0.016207196856846906 0.01341005261671846
0 0.6300622590962279 0.4963840494211852 0.03219606989237604 0.02213260523343692
0 0.5850772448282042 0.5007761468327017 0.01449914764263518 0.01019404735504672
0 0.5754860750596626 0.5290453600009986 0.011446922249741042 0.011574536831702887
0 0.5861838265074046 0.47435015472520936 0.0565068651776464 0.042247684158514785
0 0.6017702851510759 0.44097621260359965 0.06290241439185813 0.0457367052052021
0 0.4264813407754284 0.45803636803468073 0.011301373035529316 0.008449536831702886
0 0.70529985359571 0.5225817993505981 0.00959332382131759 0.005233531570031147
0 0.767523717739899 0.4701085177099798 0.016207196856846906 0.01341005261671846
0 0.7604175390800172 0.43463374929412824 0.0565068651776464 0.042247684158514785
0 0.7405395326698765 0.4093229361540661 0.027363020678164318 0.018734589448421345
0 0.7881572413135476 0.37781460189672933 0.00646832382131759 0.005051521046687402
0 0.8309954046719484 0.327328754485213 0.043172111248705035 0.05705363680346807
0 0.6593344203877141 0.25500018622465326 0.029216619106587773 0.02507559471009326
0 0.734779915835091 0.9715198282897932 0.014644696856846906 0.01331904735504672
0 0.39161211269193785 0.9639986707219865 0.029362168320799676 0.02820059471009344