1 0.3916543971295491 0.5972686823839355 0.05850479065319458 0.0994948858558109
0 0.5328430947928477 0.6149377177444083 0.003161367591180664 0.0017080492142117266
0 0.5453424415824658 0.5807253835840085 0.0031977351823609724 0.0032705492142117267
0 0.5889839920193062 0.6076303318885974 0.0048329703647223 0.00646832382131759
0 0.6013755424561464 0.6359907723353035 0.008067073138263936 0.011301373035529316
0 0.6070099062476049 0.7436577231210918 0.0031977351823611498 0.0032705492142117267
0 0.6368071622315284 0.7805926428896334 0.011264808320624908 0.014571922249741043
0 0.646217876612327 0.7480883579434453 0.008067073138263936 0.011301373035529139
0 0.7872786344961117 0.7266585060003653 0.011264808320624908 0.014571922249740864
0 0.8108531131258683 0.2946251019475893 0.011264808320624908 0.014571922249741043
0 0.1744519793858687 0.7747537892894142 0.008067073138263891 0.011301373035529139
0 0.2853011732494452 0.9002010913991102 0.006395470364722211 0.006541098428423453
1 0.1163426597629865 0.4622752140203546 0.15062086189159735 0.1677783130679506
1 0.15177166669684067 0.47235653536047284 0.016243249050069464 0.027290246071058632
2 0.08489198480111146 0.42150681885891883 0.0719854091943056 0.07514985731976367
2 0.14753876158659765 0.49210610918179043 0.046403527735416714 0.048985463606069854
1 0.07424738516170185 0.5354066530193187 0.03223192496187503 0.04364299214211727