1 0.6043200419319122 0.519316233636157 0.1365385786919079 0.18984741316955062
2 0.8855705892743664 0.46028954077492823 0.06308180267345449 0.05181856426490725
1 0.7874876252785026 0.42695655205769933 0.06271817600254544 0.020568564264907253
1 0.6253438033100011 0.19012883880900647 0.02374658267027261 0.02724446159934022
1 0.45018871463241067 0.26552834092057753 0.03686474801081765 0.08073317445232168
1 0.4118983739656379 0.26519572030832184 0.020585220003181703 0.024028533386094786
2 0.43624439330045606 0.25496291396097337 0.05385225334181776 0.06404577962517113
2 0.35825630064450104 0.17376072657652802 0.011155676002545346 0.019068248746358752
2 0.6559580039783646 0.17851538888814875 0.05188976400381797 0.029625315518548457
2 0.416042075986637 0.11057641646825585 0.0944227093411815 0.060540346397360875
2 0.4408426286600912 0.06128111012090742 0.025199994668999894 0.01791492570596289
2 0.47332841199872727 0.023150624306672384 0.012718176002545434 0.01911371285298145