0 0.5758562944567007 0.30399088572245747 0.012863873035529138 0.008176212852981379
0 0.5593216118678775 0.28491427678868425 0.014571922249740864 0.011346676959604096
0 0.6502292098820162 0.43951319708437087 0.01940497146395259 0.014608069279472247
0 0.6604560804363462 0.40714096628470076 0.006541098428423453 0.00643185642649069
0 0.17175326116314255 0.6474479983506474 0.017696922249741 0.01143760517284953
0 0.17195016025351975 0.6012860521907133 0.014571922249740998 0.011346676959604096
0 0.18635726261088462 0.5914791431777978 0.019404971463952682 0.014608069279472247
0 0.19976479114693188 0.5770074662181937 0.021040246071058543 0.016216033386094963
0 0.23058675971540046 0.7012800405122308 0.009738873035529316 0.008085284639736123
0 0.17810176860674062 0.766956516297336 0.019404971463952723 0.014608069279472247
0 0.20008808457017535 0.8023029829112411 0.02096747146395268 0.014653533386094963
0 0.23566171153464605 0.7934448084589195 0.009738873035529316 0.008085284639736123
0 0.36914414557121134 0.7535746632360576 0.012863873035529317 0.008176212852981379
0 0.3366591313031877 0.761560659475134 0.009738873035529316 0.008085284639735946
0 0.27137873366055254 0.7540724198999752 0.008176373035529316 0.008039820533113407
0 0.2984441937519658 0.6633193877675214 0.01293664764263518 0.00973871285298138
0 0.3274488353987449 0.4966259812618885 0.011374147642635179 0.009693248746358662