0 0.8078125 0.70390625 0.01328125 0.02109375
0 0.8296875 0.65078125 0.0125 0.01875
0 0.784375 0.615625 0.0171875 0.02421875
0 0.76484375 0.58984375 0.0109375 0.01796875
0 0.7375 0.57265625 0.0125 0.0203125
0 0.73125 0.59296875 0.015625 0.01953125
0 0.22734375 0.6265625 0.01015625 0.01640625
0 0.32890625 0.46796875 0.0140625 0.02421875
0 0.2109375 0.553125 0.00859375 0.01015625
0 0.23359375 0.31875 0.0109375 0.01875
0 0.25625 0.32890625 0.00546875 0.00859375
0 0.6625 0.42890625 0.0140625 0.0234375
0 0.6578125 0.409375 0.01328125 0.025