1 0.5006721888295578 0.5059499658714 0.06048612141421188 0.07858135698624161
1 0.446485685834333 0.5407317044386545 0.08510417549789598 0.0685168762235353
1 0.5254861942718534 0.635565544001701 0.040262901451278664 0.035739092558271325
1 0.50213050670824 0.3912971888295579 0.04166171034428636 0.03110615626060227
1 0.47808537149902997 0.4177679195922642 0.03861112141421188 0.07781746515360961
1 0.42283487630835337 0.4220809081595188 0.024419646641955416 0.028943455534962935
1 0.37262903438305417 0.5038194922802697 0.10639882213985138 0.09735120435383653
1 0.28519352176918245 0.5249553930985764 0.030833337748947986 0.03384921034428636
1 0.36196186369448163 0.44414439191745 0.029270837748947988 0.03379464664195542
1 0.3670833841129017 0.38970242857793885 0.029270837748947898 0.03379464664195542
1 0.44826146224320274 0.4128249592479779 0.024255955534962938 0.024255955534962938
1 0.5432292549789594 0.674419712876175 0.025709328130301044 0.021185519237293705
1 0.5723611942718534 0.6372024550716266 0.017951391832631815 0.02247520072563951
1 0.5557639713136955 0.6311607861971527 0.016170637023308565 0.016170637023308565
2 0.3023735872856118 0.5700322801218849 0.0857043762235353 0.0857043762235353
0 0.34440980906264346 0.6565526226801562 0.003234127404661713 0.003234127404661713
0 0.44218016486775885 0.7972991629688423 0.008194445916316084 0.011210318511654193
2 0.555719331295162 0.6522272543459873 0.04231647477225664 0.04985615626060227
0 0.6518850362819707 0.8810913535276808 0.008085318511654194 0.00808531851165455
0 0.704070040458322 0.7666493968115914 0.004851191106992658 0.004851191106992658