0 0.46558337806331523 0.482475260336437 0.0031795440006362695 0.004796627404661713
0 0.5086157627307244 0.48944451215053564 0.006322725334181811 0.006468254809323426
1 0.33759419072245195 0.42255956859647237 0.1284897213558171 0.1700446598887993
1 0.19911075668363556 0.13190230834485325 0.026798857336090796 0.02124008293962456
1 0.13136927335295365 0.14906003729346104 0.08046929734245412 0.06997024881887368
1 0.012874359365043993 0.23394841406515057 0.020767033338636116 0.03977182813030113
0 0.13524770401018132 0.0796924784004536 0.0031795440006363584 0.004796627404661713
0 0.5620220260582246 0.4483582098809501 0.006322725334181811 0.006468254809323426
0 0.5635316240849506 0.6452059280297847 0.0047602253341818114 0.006413691106992659
0 0.5521861387650864 0.7439881684111379 0.0047602253341818114 0.006413691106992659
0 0.14529815006363345 0.4736334513586115 0.00793976933481808 0.011210318511654193
1 0.08907432737904335 0.33969247177703166 0.04115225867281791 0.04673115626060227
1 0.5779139394493583 0.874521405797266 0.06918635200509052 0.03990080290255769
1 0.6900123080839962 0.642594337918584 0.09251585868872639 0.1656646947351895
0 0.6740851267106798 0.34762657829993715 0.0047602253341818114 0.006413691106992569
1 0.7335124813414996 0.08574662639317139 0.07014996268299925 0.12271330290255764
1 0.7846482673456359 0.1179886967189242 0.06929653469127164 0.18359623920022677
1 0.030789660049315916 0.3642088329396246 0.03795453333863612 0.04037202885594056