0 0.24135178364900903 0.5457741205327852 0.026464340912471053 0.03695617193911023
0 0.27366558205240354 0.37855744562792537 0.026082338935304605 0.02758117193911023
0 0.27445876091159593 0.4364336126241198 0.026337006920082208 0.03383117193911023
0 0.30700595855386875 0.5822262736888152 0.02464717292769336 0.03064250494291585
0 0.2613552189339921 0.633386867072744 0.026082338935304605 0.027581171939110406
0 0.4134615469948818 0.6021475014456937 0.014635502965749581 0.014635502965749581
0 0.35186086072131556 0.5115344303048863 0.011637836958138336 0.017633168973360824
0 0.3791727772232184 0.5096390078714844 0.01151050296574958 0.014508168973360824
0 0.4127201062726913 0.4879258339552077 0.008194501977166268 0.009693334980972069
0 0.42045435182406693 0.46648191547613854 0.008258168973360824 0.011255834980972068
0 0.38085068235641467 0.45479234038099836 0.009820668973360735 0.011319501977166269
0 0.33406191258475115 0.3627931827763441 0.014762836958138337 0.017760502965749582
0 0.323077991634224 0.34289451825160766 0.009884335969555203 0.012882001977166269
0 0.3732955089344296 0.4230157583657759 0.013200336958138336 0.017696835969555024
0 0.3656249303792483 0.446022176844845 0.008130834980971979 0.008130834980972067
0 0.3244030696951138 0.3177990177573161 0.012945668973360736 0.011446835969555114
0 0.39280024262280727 0.34474883692095726 0.011765170950527093 0.020758168973360736
0 0.3801928132693232 0.2850064223962208 0.008321835969555113 0.01281833498097198
0 0.43158285281265013 0.47072374650277793 0.008194501977166268 0.009693334980972069
0 0.4491377673373867 0.4598353260465423 0.011383168973360825 0.011383168973360825
0 0.43437758897248563 0.4048759120160975 0.008258168973360824 0.01125583498097189
0 0.4039579185162502 0.3881168349437909 0.008321835969555203 0.01281833498097198
0 0.4467648424325269 0.4208046595446396 0.01151050296574958 0.014508168973360824
0 0.4711944980600148 0.3673785706093349 0.0033796679847775124 0.006377333992388756
0 0.4272561556646689 0.32612882950658345 0.00813083498097189 0.00813083498097189
0 0.517890425930624 0.41868906121779476 0.008321835969555024 0.012818334980972068
0 0.5436769931170988 0.34094872178819846 0.008194501977166268 0.009693334980971979
0 0.5030718977560035 0.2854773131949611 0.008321835969555024 0.012818334980971891
0 0.5213165148659287 0.4451560607235031 0.0033796679847775124 0.006377333992388756
0 0.5240276793906651 0.43487247673111434 0.0033796679847775124 0.006377333992388756
0 0.5182061023183586 0.4648464782139891 0.006632001977166268 0.009629667984777513