2 0.285419359791703 0.1924423269216895 0.14435305674305984 0.13467471463952715
2 0.47424016739269276 0.23644069168505116 0.14054609514371955 0.11109166542531543
2 0.3737975496834309 0.13945006761606454 0.056005959092057814 0.04785961124870504
2 0.14011287147018553 0.1316952638537389 0.16748902837152993 0.07177660835322089
0 0.41661553549766595 0.17351900661502856 0.01755121285298138 0.013300520678164451
0 0.3201664328320989 0.20814225558157123 0.03340353338609479 0.021840766749222952
2 0.19112848753009468 0.3679816743166556 0.062437815518548455 0.0544007096771284
0 0.27195493870459364 0.4132085911897131 0.027153533386094875 0.0215496683207995
0 0.20075588862545138 0.4404024838699495 0.02393760517284953 0.01827911910658777
0 0.286247107746639 0.4866289745643247 0.022329641066226813 0.016643844499482086
0 0.21418423964166572 0.543510367244561 0.017551212852981467 0.013300520678164318
0 0.2775049420698059 0.598874263439454 0.011164820533113406 0.008321922249740866
0 0.350928070203909 0.6296748072769823 0.01598871285298147 0.013227746071058633
0 0.2801609291376822 0.6420249499572188 0.014426212852981467 0.013154971463952591
0 0.5365175438774431 0.408319999790603 0.02067621285298138 0.013446069892376044
0 0.5588662538274306 0.5274895308078497 0.01598871285298138 0.013227746071058633
0 0.5821529896416657 0.5606487872179905 0.027153533386094785 0.0215496683207995
0 0.5069327146353481 0.8067018418088857 0.019159176959604098 0.01493579528527036