0 0.7856477141731297 0.46175653133077554 0.02219324874635884 0.011064765027114731
0 0.7998800472426554 0.5632190373808997 0.015897784639735946 0.009465903590796288
0 0.5257258302330389 0.6968229195016736 0.019113712852981378 0.012609084308955331
0 0.4800208736482636 0.7642649495559029 0.019022784639735946 0.009484084308955332
0 0.5158219813283955 0.7687433712970717 0.012681856426490867 0.0063227228726368875
0 0.5064780735691213 0.7945746182720097 0.019068248746358662 0.011046584308955332
0 0.2630416252976162 0.6241449853656688 0.025454641066226812 0.015770445745273774
0 0.3202798122863502 0.6972370517206434 0.017460284639736125 0.00947499394987581
0 0.2639328723946224 0.7545864642884299 0.009556856426490689 0.006304542154477666
0 0.14672761817148022 0.4068898285534187 0.019113712852981468 0.012609084308955331
0 0.3587322100164946 0.583751268641352 0.01598871285298138 0.012590903590796287
0 0.34945414990822243 0.5267836511549093 0.011210284639736123 0.009438632513557366
0 0.35209341660126986 0.5166137656162898 0.009556856426490689 0.006304542154477666
0 0.32296585774663894 0.47069727761834235 0.011164820533113406 0.007876132513557366
0 0.9152142275674718 0.7336128297317692 0.012681856426490867 0.0063227228726368875
0 0.9491907593042139 0.8544884111138582 0.019113712852981735 0.012609084308955687
0 0.6715454809326842 0.9201553594914109 0.014335284639736124 0.00945681323171641
0 0.7791343235691213 0.7929883506126163 0.012772784639736124 0.009447722872636889
0 0.0046902250269358625 0.9725017138956465 0.009380450053871725 0.012627265027114731