0 0.4484375 0.66640625 0.00546875 0.009375
0 0.44765625 0.50234375 0.009375 0.01171875
0 0.51953125 0.3796875 0.00859375 0.0125
0 0.49609375 0.7765625 0.01875 0.03125
0 0.4546875 0.77734375 0.00625 0.0078125
0 0.4125 0.73515625 0.00546875 0.0125
0 0.7921875 0.51015625 0.009375 0.01484375
0 0.75546875 0.33671875 0.0125 0.01640625
0 0.76875 0.34765625 0.00546875 0.0078125
0 0.8015625 0.4203125 0.00546875 0.00859375
0 0.62734375 0.38515625 0.01015625 0.01640625
0 0.728125 0.3046875 0.0140625 0.01953125
0 0.73984375 0.29453125 0.0046875 0.0078125
0 0.67265625 0.28203125 0.00703125 0.01015625
0 0.71875 0.26640625 0.0171875 0.02109375
0 0.68671875 0.23515625 0.00703125 0.01171875
0 0.61328125 0.30703125 0.009375 0.0140625
0 0.64296875 0.23671875 0.0046875 0.00703125
0 0.4921875 0.878125 0.00859375 0.01640625
0 0.43515625 0.99375 0.00546875 0.009375
0 0.45859375 0.984375 0.003125 0.0046875
0 0.10546875 0.32265625 0.00859375 0.0140625
0 0.22578125 0.328125 0.0140625 0.01484375
0 0.26484375 0.3359375 0.0140625 0.0140625
0 0.284375 0.3390625 0.01484375 0.01171875
0 0.2484375 0.24296875 0.00625 0.00859375
0 0.2359375 0.2265625 0.00546875 0.0078125
0 0.3046875 0.315625 0.00859375 0.01015625
0 0.38515625 0.23046875 0.01640625 0.01640625
2 0.08359375 0.3515625 0.1640625 0.20703125
2 0.83203125 0.57421875 0.02421875 0.06796875