2 0.3275535699072226 0.5198462534184725 0.039609320288472284 0.09149782218833344
2 0.3718575755098967 0.9776285382783682 0.046476262917777865 0.04474292344326365
0 0.40637543303309104 0.8535322288171878 0.022820557370694418 0.04113414627652787
0 0.4154003684442019 0.6038777209334031 0.019331881458888846 0.025436411094166545
0 0.37257447596739623 0.47482534735829895 0.022820557370694418 0.04113414627652787
0 0.5040978861116324 0.5231745412218753 0.03081489532659738 0.04912848423243048
0 0.7294374993344099 0.2410751285121881 0.029070557370694416 0.041279616641249996
2 0.7585781790459376 0.15117748033579925 0.05294446846486114 0.06057513050895835
2 0.6081086664125003 0.29525152260451437 0.03517508700597212 0.0351750870059722
2 0.22543641109416668 0.023986933130000186 0.04291485182361114 0.03223192496187503
0 0.3860660929898959 0.08160267743041699 0.009593205547083362 0.00959320554708334
0 0.7755456199628133 0.9740531892560942 0.05930357123840295 0.051893621487811716
2 0.1530328806963896 0.8718412452503473 0.03474128875333342 0.15072735182361113