0 0.5958747489839472 0.6933674990755632 0.016689533016686832 0.02076714106622681
0 0.5985570929456248 0.5526061067556951 0.01668953301668665 0.02076714106622681
0 0.5860980365231898 0.5514611439027137 0.010111984396167627 0.014335284639736124
0 0.5787392379026708 0.5575065554229116 0.008549484396167806 0.014289820533113406
0 0.6424808333346864 0.5953535479010642 0.011674484396167806 0.01438074874635884
0 0.4811715191103351 0.5828355128656166 0.013564533016686652 0.02067621285298138
0 0.5765027877663852 0.3015831643566848 0.01825203301668683 0.02081260517284953
0 0.028212536184505466 0.7605714386380866 0.016689533016686776 0.02076714106622681
0 0.24974894222282779 0.9078569302583095 0.020142081637205766 0.027108069279472246
0 0.322954068862508 0.9741471714828208 0.013400758706427318 0.01755121285298138
0 0.37853568351640055 0.9288179511079921 0.008385710085908294 0.011164820533113583
0 0.427389263344584 0.9521478025199176 0.009948210085908293 0.011210284639736301