1 0.42337246889681107 0.24284728727722987 0.0847225098858317 0.04783861067790855
1 0.24952910920125976 0.11981087130013787 0.1486523587069682 0.12198518268618094
1 0.31906567638773453 0.04240293929027471 0.07317751482874764 0.07113066000954502
1 0.4068057569200822 0.028094443944957075 0.0672166749048598 0.03982611600890869
0 0.2566465894295963 0.02593360196531978 0.006504667984777513 0.006322725334181778
0 0.6379310119001792 0.4443536012492311 0.006504667984777513 0.006322725334181811
1 0.4744255633065042 0.6901217292727756 0.07285917984777565 0.06331816000954511
1 0.6434819694282836 0.6381308732495493 0.12611151384016442 0.06706132535009016
1 0.5393674723940333 0.6534115225970941 0.017887836958138337 0.017387494668999894
2 0.5657535588578799 0.6679552805935943 0.0497745069200823 0.03337612133990877
0 0.0849254397336074 0.1084386613224096 0.009693334980971958 0.007921588001272673
0 0.05547802026595507 0.09549376599300033 0.004814833992388778 0.0031795440006363363
0 0.30246706129215684 0.2872432719605473 0.006441000988583134 0.0047602253341818114
0 0.8063547011394949 0.5494758112269594 0.006441000988583312 0.0047602253341818114
1 0.8682804036875027 0.3236485605506417 0.06409167490485998 0.03978975334181776
1 0.882125386387297 0.2414173158816418 0.051973676882026254 0.049019302673454224
1 0.8521487263111848 0.27303094255255067 0.06772601087441502 0.052326116008908664
1 0.4122107006823844 0.9472171612826387 0.11175985376405215 0.09812951201463563
1 0.9786933330223961 0.39186166386859694 0.04261333395520772 0.02249316534054513
1 0.8813799229648744 0.414945722549369 0.06747134288963749 0.046076116008908666
1 0.9235674229648744 0.41445482654364196 0.026846342889637498 0.045603401336727245
2 0.9198575259503083 0.32454744187623297 0.16028494809938323 0.18003404002227175