2 0.23851245985876565 0.4266758542193917 0.44541647783744703 0.29039829156121666
0 0.41240698326451397 0.39743134822353565 0.0231851944820761 0.026018844499481997
0 0.4088039484388049 0.3286813482235357 0.00846759724103805 0.012863873035529317
0 0.4045402515818797 0.45653452047327664 0.013400758706427318 0.017769696856846907
0 0.5021112924004826 0.4653037448327135 0.006577548620519025 0.006541098428423453
0 0.5151169826986871 0.5939188964042901 0.0034525486205190248 0.006395549214211727
0 0.5424430433049937 0.48770312965506707 0.006577548620519025 0.006541098428423453
0 0.6658273908847161 0.7200361325505511 0.008303822930778536 0.009738873035529139
0 0.6467886273170487 0.3567548825505512 0.005015048620519024 0.00646832382131759
0 0.6036660690855913 0.3109907723353035 0.0034525486205190248 0.006395549214211727
0 0.6862373089088261 0.46690897849777524 0.005015048620519024 0.00646832382131759
0 0.6531758254171693 0.47862988255055117 0.0033706614653892684 0.004833049214211726
0 0.7188926786511012 0.43249543714144634 0.008303822930778536 0.009738873035529316
0 0.7144818176152532 0.48282292287342277 0.009866322930778538 0.00981164764263518
0 0.7766100033909019 0.48776082589274133 0.016853307326946166 0.024165246071058633
0 0.6023702419709412 0.4058131207637269 0.003370661465389091 0.004833049214211726
2 0.8877600288328154 0.39489262159229643 0.2244799423343693 0.3860617402800903
2 0.7870761126177277 0.3885955798216828 0.021377033016686652 0.021258569892376223