0 0.5961260764858386 0.6306844569617596 0.009647818511654194 0.007867042154477843
0 0.7528348564380876 0.264483260921898 0.024255955534962938 0.023573855386194255
0 0.6767312026245559 0.38901510742929774 0.02716270072563951 0.017342036104353475
0 0.33494300670823995 0.37609136397040127 0.00970238221398514 0.009429542154477666
0 0.6510615361123346 0.2131202279408025 0.014717264427970278 0.018831813231716586
0 0.6996800853866952 0.19621907425181045 0.016170637023308565 0.0157159035907962
0 0.8839980656012475 0.37459912518688687 0.01924107332097762 0.014171584308955421
0 0.823794686382487 0.3281644867214012 0.012881945916316084 0.011010222872636977
0 0.8334772212288776 0.2922906192349585 0.024037700725639155 0.017323855386194253
0 0.7292684479000506 0.7080060019449077 0.01611607332097762 0.014153403590796287
0 0.5609028498994835 0.5390918546006274 0.01924107332097762 0.014171584308955331
0 0.6431250728576415 0.5450378484523073 0.007976191106992658 0.004732951795398144