0 0.8135918507002259 0.580031409907979 0.01457192224974122 0.011182961850553142
0 0.6829732433804623 0.5119417033324317 0.01449914764263518 0.009620461850553142
0 0.7181786892038519 0.42844736485867313 0.01449914764263518 0.009620461850553142
0 0.530060105043452 0.41843893953271405 0.011519696856846905 0.012690914772652384
0 0.5643173269216895 0.28101107752000515 0.011446922249741042 0.011128414772652384
0 0.5648824071531479 0.3099309642894803 0.011301373035529139 0.008003414772652383
0 0.6382258236119206 0.5416525227314667 0.01449914764263518 0.009620461850553142
0 0.7357621414373822 0.36949905885231876 0.014571922249741043 0.011182961850553053
0 0.7143623304363461 0.4136581619365739 0.011301373035529316 0.008003414772652383
0 0.6822860769216895 0.2789519253292545 0.011301373035529316 0.008003414772652383
0 0.7192402673683955 0.26657861039444636 0.011301373035529316 0.008003414772652383