0 0.4405594331613033 0.4398009152146146 0.00643185642649069 0.00643185642649069
0 0.5700854602791919 0.5185062399043632 0.0063863923198681505 0.00486935642649069
0 0.5919831923325033 0.5199239873970807 0.0063863923198681505 0.004869356426490867
0 0.6738493062808415 0.4629813171013941 0.00799435642649069 0.006477320533113407
0 0.639536490762293 0.4104640708623178 0.0063863923198681505 0.004869356426490867
0 0.7484508380175836 0.3441607724325282 0.009556856426490689 0.006522784639736124
0 0.530982193190433 0.35500602955866417 0.009556856426490868 0.006522784639736124
2 0.7884356773553155 0.1892064994712746 0.1343128155185484 0.05542694906292791
1 0.7676675024407754 0.468052913498755 0.11166492570596294 0.028227951570210408
0 0.7253329014245611 0.5690782044066973 0.017642141066226812 0.01612510517284953
0 0.5995493029156291 0.6458188976636373 0.009556856426490689 0.006522784639735946
0 0.6226625424907879 0.5817025733696003 0.00643185642649069 0.00643185642649069
0 0.5199838233696003 0.6208667102791919 0.00486935642649069 0.0063863923198681505