2 0.8146897560073179 0.22782231108562412 0.3706204879853644 0.30986116115474366
0 0.7573516127068618 0.26976676362536206 0.018913632001908987 0.014717264427970278
0 0.6878674580680878 0.47774544393258134 0.014189769334818081 0.01142857332097762
0 0.8169287967456782 0.5537399703414513 0.01733295066836362 0.01310020072563951
0 0.8334435874044968 0.4953272696158118 0.028397720003181703 0.02441964664195524
0 0.8031106500636336 0.44089522996009806 0.025254538669636162 0.022748019237293703
0 0.6634214413987698 0.4590599313187097 0.01417158800127254 0.009866073320977619
2 0.4648299474060876 0.5199230533658937 0.10717724801081766 0.08339783175849824
2 0.3808822087444055 0.55958824329176 0.07411020934118148 0.06037699400955034
0 0.3556003980744511 0.5362425125290537 0.0299238573360908 0.021349210344286364
0 0.18738674741404174 0.5882291423807862 0.020457950668363534 0.013209328130301045
0 0.13247997672658815 0.43695930826003526 0.022020450668363535 0.013263891832631991
0 0.10961518873326966 0.4869965137949981 0.012590906667727265 0.008249009618646852
0 0.7170951654598579 0.9073684565464533 0.014189769334818081 0.01142857332097762
0 0.707373078095132 0.6763639932069421 0.0330852200031817 0.024583337748947897