2 0.2626416192711847 0.46873138984733814 0.19255222135581712 0.17339237353571574
2 0.19314618459582145 0.5299925420147849 0.02372840133672711 0.02595500494291585
2 0.44173932061586596 0.3923956774134988 0.043223836012090365 0.09078150889724856
2 0.4807478239576838 0.33145551882026136 0.04456816000954511 0.07209517589344294
2 0.6490780112587762 0.5759270549035472 0.15975790268936266 0.17361786661563344
2 0.6037195105824584 0.645206295512007 0.028470445337363516 0.030833505931498983
0 0.5007779659452753 0.42372127326888565 0.007903406667727353 0.008130834980972067
0 0.49366544728677486 0.3632466882879137 0.0031613626670909055 0.0032523339923887563
0 0.5513774026098208 0.4414154506452034 0.0047602253341818114 0.006441000988583312
0 0.5512586765993213 0.5187910341433006 0.00474204400063627 0.004878500988583135
0 0.5570086899268215 0.5620144521280782 0.006322725334181811 0.006504667984777513
0 0.5853171452896383 0.3458774575652856 0.0047602253341818114 0.006441000988583134
0 0.47879278325909436 0.5666436023183585 0.0031613626670909055 0.0032523339923887563
0 0.5155473485837311 0.632234110227024 0.00474204400063627 0.004878500988583312
0 0.4415013212524128 0.6143661779077904 0.0031613626670909055 0.0032523339923887563
2 0.378938781269912 0.4828495810638203 0.01904090133672707 0.025764003954332714
0 0.3980080492918655 0.32183116802195866 0.006340906667727175 0.008067167984777513
2 0.41344159794718427 0.4060934214819997 0.01586135733609062 0.02094916996194396
0 0.3752694359484569 0.3951585800752372 0.004742044000636358 0.004878500988583135
0 0.3901751785885036 0.5919526670333755 0.00474204400063627 0.004878500988583312