0 0.31640625 0.628125 0.00546875 0.00546875
0 0.18828125 0.58515625 0.0078125 0.00625
1 0.38203125 0.42734375 0.10078125 0.08671875
1 0.47578125 0.65546875 0.05546875 0.04921875
1 0.65859375 0.6890625 0.128125 0.06328125
1 0.55234375 0.68359375 0.01484375 0.01484375
2 0.57421875 0.66640625 0.05234375 0.028125
0 0.84296875 0.75859375 0.00546875 0.0046875
0 0.97109375 0.7234375 0.00625 0.00546875
0 0.92890625 0.990625 0.03046875 0.01875
0 0.9390625 0.9 0.065625 0.04375
2 0.96796875 0.89921875 0.046875 0.03359375
2 0.984375 0.9828125 0.03125 0.034375