1 0.6884476187141797 0.3699132787007343 0.12748974801081764 0.08337009263643722
1 0.38934704738222503 0.3713631522824909 0.05352498933799978 0.03592077962517113
0 0.49495270472627 0.4533154974262105 0.012627269334818081 0.01130121285298138
0 0.6040822567234064 0.43540423488979824 0.011028406667727354 0.008130748746358663
1 0.6519112293920882 0.45163464014179 0.04880112667090888 0.032659387305303156
1 0.7836884880649061 0.5007661250980953 0.12407384667409076 0.05827916442319179
0 0.8422004220639515 0.49543977909644565 0.011046588001272539 0.009693248746358662
1 0.6797736947405875 0.5641262799543755 0.0833579400063634 0.04928459765100222
2 0.7257514554423586 0.8239702928864994 0.18693747334499947 0.09134772868809904
1 0.471298670751087 0.6353778396669363 0.231814716024817 0.18949572367353404
1 0.5890208780633153 0.4833870938235714 0.07225680800445425 0.034903848904643375
1 0.44759699407222386 0.5448748601209074 0.042678396005727134 0.04341503087881229
1 0.3030304760900413 0.6718739661516867 0.04571248933799978 0.03569345909205772
1 0.6446185394254957 0.6974328734487425 0.16217492536599848 0.24526233887551357
1 0.5067992714035422 0.5317587461725692 0.06289998933799978 0.03619356426490725
2 0.5373043840706331 0.5357702962517117 0.20239993602799872 0.21206940564770313
1 0.6182196714274047 0.710722483636157 0.06306362133990895 0.05025606426490725
1 0.6338543094366316 0.7791231426490725 0.06931362133990877 0.05043792069139794
2 0.6396679574315409 0.7418049990755632 0.09338746801399936 0.10580738229073816