0 0.5994297690341354 0.6246286639651688 0.01101931323171641 0.014253414772652384
0 0.6306343172387373 0.6318956931861619 0.018886355386194254 0.02376478246740419
0 0.5952417179026672 0.6731343478125446 0.0031613614363184437 0.00630454707790058
0 0.5772280369881162 0.5468991302799487 0.0031613614363184437 0.00630454707790058
0 0.6295490610904173 0.5498917167251124 0.0031613614363184437 0.00630454707790058
0 0.6310570189359395 0.5592394431861619 0.0031613614363184437 0.00630454707790058
0 0.5611672206331418 0.48781050243892726 0.007867042154477843 0.009511367694751627
0 0.6044223169441497 0.4378417301177929 0.009456813231716588 0.014226141233702094
0 0.5818115187395477 0.43042469643257275 0.007867042154477843 0.009511367694751627
0 0.7016256116327102 0.11117804424182218 0.017323855386194253 0.02373750892845372
0 0.7690721868664794 0.06547403206695757 0.009456813231716588 0.01422614123370205
0 0.35080747931554457 0.2579123169666983 0.0031613614363184437 0.006304547077900668
0 0.3733500998270494 0.2770481006519184 0.007885222872636887 0.012636367694751715
0 0.3851097564429077 0.2698122991097908 0.0031613614363184437 0.006304547077900758