0 0.43984375 0.7484375 0.0078125 0.0140625
0 0.465625 0.6734375 0.0203125 0.03125
0 0.3734375 0.675 0.00703125 0.0109375
0 0.33984375 0.671875 0.0171875 0.028125
0 0.55703125 0.54296875 0.01796875 0.0328125
0 0.67265625 0.64375 0.0078125 0.01015625
0 0.690625 0.534375 0.01796875 0.02890625
0 0.66796875 0.4546875 0.01953125 0.03671875
0 0.61015625 0.32109375 0.0109375 0.021875
0 0.49453125 0.2640625 0.015625 0.02734375
1 0.82421875 0.6421875 0.0375 0.10390625
1 0.46875 0.40703125 0.08359375 0.115625
2 0.29296875 0.5 0.07421875 0.16171875
1 0.34140625 0.51328125 0.015625 0.02734375
2 0.36171875 0.34765625 0.03125 0.03984375
2 0.86328125 0.02109375 0.05703125 0.04140625
0 0.915625 0.0296875 0.028125 0.046875