1 0.6734375 0.5031013452419133 0.184375 0.10214539735836255
1 0.61875 0.4810814419160039 0.065625 0.03982611600890866
2 0.6640625 0.507116683243186 0.046875 0.03492044000636341
0 0.2828125 0.3654591786282745 0.028125 0.022202264003817973
0 0.38828125 0.373606938613957 0.0140625 0.011101132001908987
0 0.4265625 0.5301927459420936 0.015625 0.01268181333545435
1 0.2703125 0.659354629296638 0.1671875 0.09725790268936266
1 0.2421875 0.6823381433004561 0.028125 0.02063976400381797
1 0.225 0.6637881379694559 0.034375 0.023837489337999784
2 0.2703125 0.664823379296638 0.0640625 0.0413704346753633
0 0.45 0.7400762759389119 0.0359375 0.03323067067154515