1 0.5618806457044752 0.5250342152858325 0.04428851087441501 0.05377345318850324
1 0.5661357696973014 0.7280330625268705 0.0731085306460784 0.14883364767057933
1 0.5722186264271032 0.6171774496820003 0.014762836958138337 0.017924484396167627
2 0.5551438729670621 0.632723884553138 0.036730678859192525 0.05961401741285464
1 0.3614588344494993 0.40961949796383507 0.09457235376405233 0.10162445499752568
0 0.5296716180613272 0.2587198185197644 0.006504667984777513 0.006577548620519025
0 0.5562420938410394 0.3752013116223594 0.004878500988583312 0.004933161465389269
0 0.6911502875289796 0.25387294549812883 0.004942167984777512 0.006495661465389269
1 0.4676213793556717 0.9799209526226764 0.044861513840164416 0.040158094754647065
0 0.7553455083285948 0.7919704890302652 0.008194501977166268 0.009784435775648604
1 0.7660880542605314 0.9572724259375678 0.043519189733607536 0.08545514812486452
2 0.8127720532719482 0.9532433452048732 0.14766286167271758 0.09351330959025361