2 0.5953125 0.340625 0.121875 0.15
2 0.5515625 0.26796875 0.0203125 0.01640625
2 0.6359375 0.5140625 0.078125 0.021875
2 0.684375 0.56015625 0.05859375 0.028125
2 0.44140625 0.66640625 0.12890625 0.11875
2 0.38671875 0.61328125 0.02265625 0.02109375
0 0.5984375 0.5609375 0.00625 0.0046875
0 0.65390625 0.56484375 0.003125 0.003125
0 0.57578125 0.603125 0.0046875 0.003125
0 0.50703125 0.5890625 0.00390625 0.003125
0 0.4671875 0.58671875 0.0046875 0.00390625
0 0.6546875 0.65 0.00546875 0.00390625
0 0.475 0.515625 0.00390625 0.003125
0 0.41171875 0.53671875 0.00390625 0.003125
0 0.4390625 0.47421875 0.003125 0.003125
2 0.56484375 0.44140625 0.01953125 0.01328125
0 0.7046875 0.4875 0.00625 0.0046875
2 0.628125 0.4859375 0.01796875 0.0109375
0 0.64296875 0.453125 0.00390625 0.00234375
0 0.465625 0.43203125 0.00390625 0.00234375