0 0.5265625 0.53828125 0.00703125 0.00546875
0 0.64140625 0.5078125 0.0046875 0.003125
0 0.5390625 0.5 0.00546875 0.0046875
0 0.36875 0.46328125 0.00546875 0.00234375
0 0.4015625 0.4234375 0.00390625 0.00390625
0 0.453125 0.45703125 0.00390625 0.003125
0 0.5078125 0.40546875 0.0046875 0.00234375
0 0.72421875 0.36015625 0.0078125 0.00546875
0 0.4546875 0.3546875 0.009375 0.00546875
0 0.5 0.353125 0.01015625 0.00625
0 0.49140625 0.378125 0.00625 0.00546875
0 0.4203125 0.63515625 0.0125 0.00703125
0 0.5390625 0.625 0.01484375 0.0109375
0 0.48203125 0.62421875 0.02265625 0.0171875
2 0.54375 0.79453125 0.21953125 0.41015625
2 0.39375 0.19765625 0.30703125 0.17421875