0 0.052321189926821554 0.5397443000079541 0.022020450668363556 0.012754538669636162
0 0.24970581460854815 0.43108855736790747 0.02687158267027261 0.026871582670272433
0 0.47029957793604843 0.47662996606458796 0.012627269334818081 0.011082950668363623
0 0.5403029952657759 0.5040106260741328 0.01580681333545435 0.01580681333545435
0 0.4531115305935943 0.5436265620623608 0.00948408800127254 0.00948408800127254
0 0.5788307879535476 0.3489691374124509 0.025272720003181703 0.023728401336727066
0 0.5563285319462297 0.4026208487428146 0.0330852200031817 0.023819308004454243
0 0.5746149079408209 0.44268277474536 0.034684082670272606 0.026962489337999784
0 0.5844717132797752 0.4013856127466327 0.012609088001272539 0.009520450668363623
0 0.5923665766231838 0.3272486787475872 0.00948408800127254 0.009484088001272716
0 0.584881887969456 0.23183618141308723 0.012609088001272717 0.009520450668363534
0 0.4833472073122282 0.1611140540658606 0.028324994668999893 0.017514764003817972
2 0.4969562686585004 0.06594700473422417 0.0882090720082724 0.061955654678544914
0 0.2980176873010924 0.2409999067074981 0.015806813335454528 0.015806813335454438