0 0.83515625 0.79140625 0.02265625 0.01640625
0 0.81484375 0.8390625 0.01484375 0.01171875
0 0.859375 0.84609375 0.0140625 0.0109375
0 0.9390625 0.8640625 0.015625 0.0125
0 0.84765625 0.72890625 0.01875 0.01328125
0 0.77109375 0.71640625 0.01484375 0.01015625
0 0.83515625 0.5828125 0.0140625 0.01328125
0 0.675 0.540625 0.015625 0.0109375
0 0.74375 0.44921875 0.00859375 0.00703125
0 0.640625 0.525 0.01328125 0.009375
0 0.6125 0.65859375 0.01015625 0.009375
1 0.42265625 0.40859375 0.15078125 0.07734375
2 0.440625 0.40703125 0.103125 0.0453125
1 0.38046875 0.39296875 0.025 0.01875
1 0.39765625 0.38046875 0.028125 0.01328125