0 0.5922656518202725 0.7274167562007439 0.03367631802583091 0.03121576674922295
0 0.4319322424116455 0.5529881827937111 0.03587531551854859 0.05316354135632899
0 0.30735344272821474 0.6688956650110306 0.02099446159934022 0.024383569892376045
0 0.579531004948058 0.45063593237942623 0.03082410266556703 0.04044521753501122
0 0.5383951910788621 0.5384419933804623 0.016170569279472247 0.019477746071058632
0 0.4972162616119755 0.5443259662921569 0.03900031551854859 0.053309090570540715
0 0.39401705377355895 0.48334561683027627 0.006522784639736124 0.009666098428423453
0 0.5976625424907879 0.5911346538433789 0.04851170783841656 0.05843323821317572
0 0.6553219297960909 0.6421920396991898 0.040426423198680436 0.0486943651776464
0 0.6426424218785322 0.5550002547530017 0.03275031551854859 0.05301799214211726
2 0.7885148630239013 0.6078256559102936 0.23122858260730741 0.2245420434232436
0 0.3693807666265404 0.4946812231165826 0.011483069279472157 0.019259422249741042