0 0.4890625 0.33984375 0.0125 0.01875
0 0.6046875 0.378125 0.0125 0.01640625
0 0.63046875 0.3703125 0.01484375 0.01875
0 0.6359375 0.4578125 0.00859375 0.01484375
0 0.5859375 0.50078125 0.00703125 0.0125
0 0.61640625 0.50546875 0.00625 0.0109375
0 0.64375 0.534375 0.01328125 0.01875
0 0.59296875 0.45859375 0.00859375 0.01015625
0 0.54609375 0.5015625 0.00625 0.0109375
0 0.490625 0.46953125 0.0171875 0.0171875
0 0.49296875 0.5515625 0.01015625 0.021875
0 0.48359375 0.521875 0.00859375 0.0140625
0 0.44375 0.53515625 0.0125 0.02109375
0 0.54453125 0.46484375 0.00546875 0.009375
0 0.56015625 0.47890625 0.00703125 0.0109375
0 0.4921875 0.421875 0.01171875 0.0171875
0 0.47578125 0.45625 0.01171875 0.01640625
0 0.37578125 0.4625 0.01171875 0.01953125
0 0.30390625 0.42890625 0.01171875 0.0140625
0 0.321875 0.3890625 0.00625 0.009375
0 0.28828125 0.3453125 0.0078125 0.01171875
0 0.2515625 0.4 0.00625 0.0109375
0 0.24375 0.4765625 0.01328125 0.025
0 0.33984375 0.46640625 0.01015625 0.01484375
0 0.4546875 0.45703125 0.00546875 0.0078125
0 0.353125 0.4328125 0.00390625 0.00703125
0 0.61171875 0.52109375 0.00625 0.0140625
0 0.590625 0.578125 0.003125 0.00625
0 0.5859375 0.57421875 0.003125 0.0046875
0 0.49609375 0.59375 0.0078125 0.0125
0 0.5078125 0.5421875 0.00390625 0.0046875
0 0.53046875 0.51953125 0.00546875 0.009375