0 0.547545460043351 0.5259003673226788 0.015336573663405772 0.02236607332097762
0 0.28762369944942007 0.5877728516287641 0.015245568401734032 0.02080357332097762
0 0.46844803619641845 0.6938839862898198 0.012120568401734033 0.020694445916316084
0 0.4475062046405047 0.6689831900106842 0.008540542093374803 0.012772818511654193
0 0.4393219783180281 0.6757143396478644 0.011665542093374804 0.012881945916316084
0 0.44805150718663606 0.7586632489036916 0.01175654735504672 0.014444445916315907
0 0.43371526237772073 0.8337897344757215 0.006887036831702886 0.011155754809323426
0 0.6673475387566672 0.7756771672300115 0.009921031570031148 0.00970238221398514
0 0.45926421004335094 0.5228175181409853 0.010103042093374804 0.012827382213985139
0 0.5262319021649606 0.5080035391923776 0.0067960315700311465 0.009593254809323427
0 0.22053418096298144 0.6540402031727102 0.015063557878390376 0.01767857332097762