0 0.19022822254892374 0.14752206209543436 0.01609777868534721 0.020585235389503388
0 0.42095285210795164 0.22165148863920958 0.014389808320624909 0.014307961850553053
0 0.42894784327423635 0.262935007713933 0.028925087005972117 0.034865923701106104
0 0.37204257342260433 0.20218446834667012 0.014389808320625086 0.014307961850553053
0 0.4464788757593057 0.1766565884770538 0.014498911094166723 0.018995461850553053
0 0.43663109707395853 0.15650772971075583 0.009702308320624908 0.014226141233702005
0 0.5066909835668405 0.24516508076641602 0.014535278685347208 0.02055796185055305
0 0.49782643626413225 0.33441849553906844 0.012900043502986236 0.017405688311602673
0 0.505040177430417 0.37571565138326707 0.008067073138263936 0.011073867694751627
0 0.4381825985925699 0.5253804606360324 0.009702308320624908 0.014226141233702094
0 0.612450021085903 0.22221673011779294 0.01773301386770836 0.02373750892845372
0 0.5981517849536113 0.24591332873782115 0.009702308320624908 0.014226141233702005
0 0.5657588186729516 0.3316695965947286 0.009775043502986058 0.017351141233702006
0 0.598136213999549 0.37956162581572184 0.012972778685347209 0.020530688311602673
0 0.6228270894745143 0.36584399919251637 0.019368249050069508 0.0268897824674041
0 0.669177372243924 0.47679909010190685 0.01609777868534721 0.02058523538950343
0 0.7760086004924309 0.4663371026838085 0.049928571238402955 0.06490797970746058
0 0.8173440749412159 0.56331151421005 0.024383057370694416 0.04103410308425524
0 0.9659114743518756 0.7006188250876685 0.02888871941479181 0.0333034237011061
0 0.9135151325962507 0.8000108989509304 0.012972778685347209 0.020530688311602673
0 0.4204943379559028 0.001868642858555123 0.0157704703647223 0.003737285717110246