1 0.66796875 0.4953125 0.134375 0.09453125
1 0.64609375 0.4140625 0.17109375 0.09921875
1 0.4015625 0.3703125 0.0546875 0.0375
1 0.478125 0.33984375 0.02265625 0.02109375
1 0.434375 0.221875 0.11171875 0.0578125
1 0.40703125 0.471875 0.1640625 0.1234375
1 0.50390625 0.4265625 0.02890625 0.05546875
1 0.5453125 0.43359375 0.0265625 0.02265625
1 0.50625 0.525 0.034375 0.03359375
1 0.46640625 0.515625 0.04375 0.021875
1 0.490625 0.56484375 0.02265625 0.01796875
1 0.65390625 0.6203125 0.178125 0.11953125
1 0.6921875 0.5515625 0.03984375 0.028125
1 0.578125 0.459375 0.03046875 0.01484375
1 0.44375 0.15546875 0.0375 0.0125
1 0.64375 0.10859375 0.03671875 0.0203125
2 0.415625 0.1703125 0.028125 0.03671875
2 0.73515625 0.80390625 0.02734375 0.02734375
1 0.55625 0.79375 0.03125 0.01875
1 0.65546875 0.7125 0.04609375 0.02109375
1 0.61875 0.69609375 0.05703125 0.02421875
1 0.76328125 0.70859375 0.01484375 0.01640625
1 0.75859375 0.65703125 0.02109375 0.03671875
1 0.48046875 0.68203125 0.0234375 0.01484375
1 0.54921875 0.6375 0.03671875 0.01875
0 0.521875 0.53671875 0.00703125 0.00546875
0 0.50234375 0.475 0.0046875 0.0046875
0 0.596875 0.41953125 0.00390625 0.00234375
0 0.584375 0.3984375 0.003125 0.00234375
0 0.55859375 0.39921875 0.00546875 0.00390625
0 0.646875 0.35078125 0.00390625 0.00390625
0 0.47578125 0.2984375 0.00546875 0.00390625
0 0.53125 0.26015625 0.00390625 0.003125
0 0.52421875 0.20546875 0.00546875 0.00390625
2 0.49765625 0.75390625 0.31875 0.478125
0 0.6234375 0.86875 0.00390625 0.003125
0 0.61875 0.859375 0.00625 0.00390625
1 0.58125 0.78515625 0.0171875 0.0125