0 0.49375 0.51171875 0.00390625 0.003125
0 0.4828125 0.47421875 0.00546875 0.00390625
1 0.5640625 0.61796875 0.1359375 0.0921875
1 0.8421875 0.69375 0.01484375 0.02265625
1 0.83515625 0.7578125 0.05234375 0.0640625
1 0.94296875 0.88984375 0.11328125 0.071875
1 0.9390625 0.95 0.10390625 0.09609375
1 0.83828125 0.9140625 0.034375 0.0140625
1 0.9296875 0.9609375 0.03671875 0.03046875
1 0.859375 0.978125 0.0984375 0.04375
1 0.775 0.8828125 0.0328125 0.0203125
1 0.74609375 0.95 0.096875 0.08359375
2 0.75 0.97890625 0.05625 0.04140625
1 0.84296875 0.88984375 0.03046875 0.009375
0 0.896875 0.7421875 0.0046875 0.00234375
0 0.51328125 0.41875 0.00625 0.00390625
0 0.3359375 0.45078125 0.0046875 0.003125
0 0.25 0.478125 0.00546875 0.00390625
0 0.5421875 0.79921875 0.0078125 0.0046875
1 0.6703125 0.828125 0.03671875 0.03046875
1 0.40234375 0.98359375 0.015625 0.0265625
1 0.1296875 0.4765625 0.02421875 0.059375
1 0.32265625 0.33671875 0.13984375 0.059375
0 0.5890625 0.30078125 0.0046875 0.003125
1 0.86484375 0.19921875 0.203125 0.0375
1 0.7953125 0.159375 0.19375 0.02890625
1 0.65546875 0.884375 0.03203125 0.028125