1 0.47734375 0.5140625 0.09140625 0.1015625
1 0.47578125 0.425 0.05390625 0.025
1 0.59296875 0.490625 0.03046875 0.02578125
1 0.6984375 0.48046875 0.065625 0.03828125
1 0.56875 0.3796875 0.02109375 0.01171875
0 0.7375 0.4125 0.01015625 0.00703125
0 0.81953125 0.4921875 0.0078125 0.00625
0 0.7015625 0.5171875 0.0078125 0.00625
1 0.57890625 0.56640625 0.0125 0.0234375
2 0.5765625 0.59375 0.1203125 0.0734375
1 0.49453125 0.65 0.0171875 0.01875
1 0.56328125 0.690625 0.03203125 0.03671875
1 0.5171875 0.8 0.03125 0.04609375
1 0.75390625 0.8203125 0.059375 0.0703125
1 0.26015625 0.8625 0.0390625 0.0296875
2 0.23125 0.89296875 0.04296875 0.0453125
2 0.09765625 0.5390625 0.05703125 0.03515625
1 0.2171875 0.52421875 0.02421875 0.0203125
1 0.48125 0.63203125 0.0140625 0.01640625
1 0.41640625 0.62734375 0.05 0.034375