1 0.45182175059677593 0.5254994542159033 0.0252363573360908 0.020894381458888844
1 0.36897398261459335 0.3922856042921531 0.10554202267663584 0.07587412860909737
1 0.29075752860441195 0.46548540852871556 0.04903748400699968 0.0526898953265972
1 0.32527797927277546 0.45378549553468783 0.01733295066836362 0.012900043502986236
1 0.28412626794241175 0.4309467543684031 0.022165901336727068 0.025509146276527873
1 0.31006205927754804 0.41826556962288225 0.022020450668363622 0.013009146276527873
1 0.3325092239417754 0.4367616496950003 0.015770450668363623 0.012863675911805572
1 0.3534757046069573 0.44819011217593785 0.01573408800127272 0.009738675911805572
1 0.4570092372692757 0.48263980698944486 0.044259077339272326 0.04476829255305574
1 0.41883707527054836 0.4723738010055212 0.04407726400381797 0.029143292553055568
1 0.4635666779121859 0.6578398287409379 0.029832950668363622 0.013190984232430657
1 0.6419104012571853 0.576030050339931 0.2059965560152719 0.1172641544446531
1 0.4871427272835932 0.3778438574262851 0.031540901336727246 0.025727351823611144
1 0.5464455492918656 0.318270142095556 0.10045453333863605 0.04139002583555555
1 0.6081552086250929 0.32048791194718806 0.01893181333545435 0.01606141109416672
1 0.6307296426241382 0.3280464920193061 0.015770450668363623 0.012863675911805572
1 0.6537944252864567 0.36062325588701444 0.06302725867281786 0.04676720364722229
1 0.4457910212842295 0.37219261626000033 0.02723520934118149 0.05843074905006951
1 0.3229625959580019 0.31697582655673634 0.059793170671545236 0.03731946846486114
1 0.4022779259627745 0.2836561399113545 0.018968176002545432 0.019186411094166723
1 0.6586700925764133 0.6803545276385075 0.04405908267027261 0.027580792553055743
1 0.6119314525780041 0.6675447499030908 0.03775453866963616 0.022747822188333443
1 0.5645013745624139 0.7813156559632644 0.031504538669636165 0.022602351823611144
1 0.6249058092775479 0.42559363924576443 0.1493829293443632 0.08470492116215293
2 0.604730216621593 0.34619642676482687 0.04414998933799978 0.035393292553055566
2 0.48930192723586813 0.7295518277910074 0.40287484006999674 0.5248623681598616
2 0.7637928498965957 0.7797025238387854 0.031613626670909056 0.031977351823611146
0 0.4857609459341393 0.4965938574262852 0.006304544000636269 0.0048329703647223
0 0.4498421746101389 0.4269892190335421 0.006322725334181811 0.0063954703647222996
1 0.529856938613957 0.4007189661837504 0.028343176002545257 0.019404616641249994
1 0.5076728559436845 0.42677231990722264 0.03299431333545435 0.01638871941479163
0 0.49387453262254744 0.3365830777910074 0.006304544000636269 0.0048329703647222114
0 0.5197194172899565 0.33171439304548656 0.004723862667090906 0.003234102773541636
0 0.3918404126352742 0.2404328167730906 0.006286362667090905 0.003270470364722211
0 0.44234039930777386 0.19862782969086842 0.0031613626670909055 0.0031977351823611498
0 0.4265341333147735 0.14668346998347256 0.004723862667090906 0.003234102773541636
1 0.3639068639799555 0.15616626633625033 0.05968408267027261 0.02794446846486114
1 0.3018244873090466 0.18597974648461832 0.03782726400381797 0.028997822188333355
1 0.5471380819939549 0.05727809070878518 0.03784544533736352 0.030560322188333357
1 0.3236091279837735 0.12709570896555583 0.041024989337999786 0.035320557370694505
1 0.9384512359564111 0.34302340748187576 0.022202264003817973 0.028634146276527783
2 0.9709001092855022 0.3750371268966675 0.0442227146721816 0.041643292553055565
1 0.5313814339195038 0.6054973851617018 0.03926249466899989 0.01809668977951393
1 0.4783200685869128 0.5987921370615629 0.031577264003817974 0.028852351823611143
1 0.4261490412555945 0.5827300727570142 0.0252363573360908 0.020894381458888844
1 0.7511126785885036 0.5934195317225701 0.028524989337999785 0.03502961664125
0 0.5893313886060028 0.4607128684442019 0.012609088001272717 0.009665940729444423