0 0.6177628295486001 0.4520933759150494 0.028425008928453722 0.017514764003817972
0 0.5024378384770538 0.4362512945974123 0.012663641233702094 0.009520450668363623
0 0.39867013596199163 0.6085177406110935 0.009484094155801337 0.006359088001272539
0 0.6125496294691699 0.7060087165818221 0.022120461850553143 0.014317038669636161
0 0.6447814768713821 0.6493950899109132 0.015815914772652383 0.011119313335454527
0 0.5495081128300783 0.7825081292568672 0.03155000892845372 0.017551126670908877
0 0.5023427865311845 0.7549376599300033 0.014335235389503431 0.015788632001908987
0 0.5037376911575671 0.7197723192632305 0.014253414772652384 0.011101132001908987
0 0.4446095219173925 0.2588353666056846 0.014226141233702094 0.009538632001908987
0 0.5390004500827256 0.22102573659295793 0.012609094155801337 0.006395450668363533
0 0.5515144922926576 0.5333166512571854 0.006304547077900758 0.0031977253341818113
0 0.5637650763021892 0.5027115412555945 0.045857970779006864 0.03177725867281787
0 0.40161567816862825 0.43976774061109347 0.009484094155801514 0.006359088001272539
0 0.42084691924017453 0.45672797394177544 0.009484094155801337 0.006359088001272539
0 0.47065600446752215 0.4670836712683212 0.015843188311602675 0.01268181333545435
0 0.47397587338008995 0.5006319679344575 0.00630454707790058 0.0031977253341818113
0 0.4541525227314668 0.6070910532702302 0.006331820616851047 0.0047602253341818114
0 0.4334991034945874 0.6268586606063209 0.006331820616851047 0.0047602253341818114