0 0.421875 0.5410736444834082 0.0109375 0.015815914772652383
0 0.26875 0.5164027013005416 0.009375 0.012663641233702094
0 0.459375 0.5302628295486 0.0109375 0.018940914772652383
0 0.4984375 0.7655184910748416 0.0078125 0.009511367694751627
0 0.51953125 0.764369048299012 0.0078125 0.009511367694751627
0 0.66328125 0.8477973827155807 0.009375 0.011101141233702094
0 0.646875 0.8019900048745592 0.0078125 0.009511367694751627
0 0.63515625 0.7881320564166868 0.0078125 0.009511367694751627
0 0.65859375 0.8033479533324318 0.0109375 0.011128414772652206
0 0.6390625 0.816188872569311 0.0046875 0.007894320616851047
0 0.60390625 0.8535212771956935 0.0078125 0.009511367694751981
0 0.63828125 0.911515009338786 0.0078125 0.012636367694751627
0 0.69609375 0.5675371383976235 0.0078125 0.009511367694751627
0 0.675 0.4796240811734531 0.00625 0.009484094155801337
0 0.65859375 0.3635042033324317 0.0078125 0.009511367694751716
0 0.59609375 0.40131389489044533 0.00625 0.007921594155801338
0 0.665625 0.3672877224071552 0.0046875 0.007894320616851047