1 0.42542791935920105 0.39770102192101875 0.03811824905006951 0.02830909057054063
1 0.3654204057758331 0.22646603081235886 0.19110169794763898 0.23053517824559702
1 0.25112086322277755 0.27549218982753354 0.107560539703264 0.12831339867609248
1 0.3321741075231944 0.1125148467757936 0.03699216014423623 0.04698631596343472
1 0.375905923727604 0.11125840777682958 0.04589438145888884 0.027110463606069855
1 0.5224354316113888 0.11926134470887897 0.04316942496187508 0.04415241439185813
1 0.5730160066495138 0.1590472826743857 0.043605836056041625 0.06290241439185813
1 0.6164939029260414 0.13517098097897462 0.05694098423243048 0.032307385855810854
1 0.5738888288378471 0.12154728267438568 0.03677395459715278 0.03761131596343472
1 0.6162178799402775 0.31467654446120996 0.16791615824437506 0.10615160835322088
2 0.7438168562889234 0.2642505512856355 0.04767508700597212 0.03655823821317572
2 0.7813175094993052 0.22894659801864786 0.04182513050895835 0.05345463978475227
1 0.7275028316876387 0.19399370926735288 0.049383057370694414 0.04288101282028158
1 0.7228341686936111 0.15987342039222338 0.034884146276527875 0.02347604135632886
2 0.7569727793509373 0.1684286290358945 0.028379573138263937 0.01224744292790545
2 0.7394040728539235 0.15207803701761188 0.023946646276527872 0.02296661910658786
0 0.7064831232907638 0.12473644107038781 0.007994337955902786 0.008176373035529316
1 0.5824650482526388 0.08837090963885641 0.03997168977951393 0.04088186517764645
0 0.6329923783247569 0.06338587221146896 0.009556837955902786 0.008249147642635134
1 0.6137299659963192 0.2539209809789746 0.07282055737069441 0.04397263192686944
1 0.7832209291428468 0.44893161228667144 0.05937630642076393 0.06988016046291676
1 0.06953544281993035 0.5447987696447071 0.1390708856398607 0.09739303846084475
1 0.05709157418510363 0.6318086180731306 0.06831489532659726 0.05156680810555194
0 0.20769163943958283 0.5990410057909683 0.009556837955902786 0.00824914764263518
2 0.14463382066972194 0.32415447580717893 0.2418316626127781 0.3983434164587728
0 0.5408113043334717 0.6709308525667618 0.011155705547083273 0.009884422249740865
0 0.4902670968865272 0.6295824146012551 0.0031977351823611498 0.0032705492142117267
0 0.5426660514836801 0.5912433525667617 0.0047602351823609725 0.003343323821317412
1 0.19489677944784653 0.8134673788264974 0.11126611474138892 0.08634422249741007
1 0.08283188412124927 0.8670718759310134 0.049019381458888935 0.027256012820281582
1 0.0741206457078469 0.7825342100914131 0.1482412914156938 0.0867466368892682
1 0.12360627374826334 0.6575855599675787 0.020858013867708358 0.024383569892376045