0 0.363055312023438 0.5232620406190476 0.03670121941479163 0.03323067067154532
0 0.4024256301277087 0.46888307594686607 0.06671602773541671 0.04763861600890866
0 0.23896646143409778 0.6645875693030014 0.051018292553055566 0.044331802673454136
0 0.45447452013597245 0.25415695727245735 0.03023301386770836 0.023782945337363425
0 0.5520788315907295 0.38508823659295793 0.017587543502986237 0.017387494668999894
0 0.5441215144363892 0.4125319839274579 0.014244337955902787 0.007976132001908987
0 0.5003195758911463 0.5451086739338212 0.05708645459715278 0.036592028007635946
0 0.5873279601998268 0.4893939285885036 0.020603440729444422 0.012736357336090798
0 0.5567695976426393 0.5530478959261853 0.011119337955902786 0.00793976933481808
0 0.5853485393220144 0.5386490412555945 0.0063954703647222996 0.006322725334181811
0 0.5667615402719448 0.5122956265913672 0.015879573138263936 0.01111931333545435
0 0.5159088615103478 0.5769672012651395 0.030160278685347208 0.020657945337363516
0 0.4763190314382296 0.5547654846037756 0.014280705547083272 0.009538632001908987
0 0.4756098634102088 0.5242967346037756 0.011155705547083273 0.00950226933481808
0 0.46910659669270877 0.5806376412715029 0.05556032218833344 0.038136346674090583
0 0.4738493012898616 0.6165296879376392 0.058758057370694415 0.04129770934118149
0 0.319505333774931 0.53236486795832 0.011119337955902786 0.00793976933481808
0 0.5918173980794796 0.5815541565881854 0.007921602773541637 0.004778406667727353
0 0.6326255424561464 0.6560996232495493 0.015879573138263936 0.01111931333545435
0 0.6161290266885769 0.6859871179185492 0.05396145459715278 0.03655566534054522
0 0.5907114526003825 0.701912109922049 0.026962543502986058 0.01749658267027243
0 0.6254507817225701 0.750739961250822 0.006359102773541636 0.0047602253341818114
0 0.6496162867565631 0.8153200819144131 0.0403353656913195 0.05514203333863606
0 0.4722361691653826 0.815821163271821 0.028670513867708358 0.023764764003817974
0 0.747932272985764 0.17103318523236827 0.014317073138263936 0.011101132001908987
0 0.43390352773541674 0.041838770607911795 0.028706881458888844 0.025327264003818007