0 0.7269736496819712 0.5825495058208137 0.007867042154477843 0.009647818511654194
0 0.7151049087571576 0.5571774835882952 0.003143180718159222 0.003234127404661713
1 0.5384333244482022 0.5445931819516818 0.04420451795398091 0.07965278366526399
1 0.31507257161953184 0.4312747595338289 0.11012040944452864 0.13194445916315978
1 0.3440242734149299 0.43807783104070797 0.012618174668035031 0.02074900961864685
2 0.34019529146710664 0.4514954902965352 0.03614657825883123 0.037192465153609786
2 0.2906447433607006 0.3961829969199571 0.05656816256778665 0.05665179328391083
1 0.2778634631100796 0.4825842883897694 0.026817030054229286 0.04467758293962447
0 0.21743554409938531 0.7066145546318381 0.007867042154477666 0.009647818511654194
0 0.3634383905085891 0.6858878484639032 0.007867042154477666 0.009647818511654194
0 0.4554991463623216 0.7951958718775481 0.0031522710772389217 0.004796627404661713
0 0.7581878091265 0.7096105136253621 0.011001132513557365 0.011319445916316085
0 0.7674037278426067 0.681939381411377 0.007867042154477666 0.009647818511654194
0 0.8985946405085891 0.667199780415585 0.01101931323171641 0.014444445916316084