1 0.48838562607413294 0.5320680731069029 0.20476241470399828 0.28086486975432584
1 0.4406122920909958 0.6577189424655174 0.10496131468808993 0.16081313103709682
1 0.6306474934356772 0.7358115355641729 0.03637385200509069 0.0385456744523216
1 0.7525930294000424 0.4696744070343584 0.19500560669954387 0.24777958511458972
1 0.710640792051225 0.3567939738065481 0.08204997867599957 0.07111413354437941
1 0.39777716538031604 0.33463679513108435 0.05530566534054513 0.054716243731793845
1 0.5166437020209991 0.13970707686782657 0.06335452267663584 0.07525606426490725
1 0.6061243726925443 0.17305312279033375 0.07870789735836255 0.18660274122451134
1 0.5810147373488175 0.09719531644298529 0.055432934675363296 0.06565374373179385
1 0.6347028113462722 0.0768768047645028 0.07598179201145391 0.08655727711788867
1 0.5564954480028635 0.01347851214070091 0.06611589600572713 0.02695702428140182
2 0.3919346033577261 0.16834420539764106 0.049255660009545024 0.07172188730530311
0 0.4080863146880899 0.14599183227810292 0.006322725334181811 0.006431856426490734
0 0.5062992847310425 0.45964750382743064 0.0047602253341818114 0.0063863923198681505
0 0.47949988005249755 0.3728976615867049 0.0047602253341818114 0.006386392319867973
0 0.4572516153723619 0.27429267702611115 0.00474204400063627 0.004823892319867973
0 0.5402913820416799 0.291414329375109 0.006322725334181811 0.00643185642649069
0 0.570397052713225 0.32648801134927813 0.0047602253341818114 0.006386392319867973
0 0.7104471513367271 0.005763468956585406 0.011101132001909163 0.011526937913170813
1 0.7747289220241808 0.15564299927508418 0.050999973344999464 0.08739235141192578
1 0.7495011080124085 0.06962894292773573 0.036464758672817864 0.04635817445232169
2 0.8141652340467707 0.3209581107161398 0.038172709341181485 0.058903638558944316
2 0.8204510493714074 0.2566910222363378 0.025563621339908593 0.04916492570596294
2 0.8972708247533141 0.6123894412783831 0.022274989337999783 0.0350114974927175