0 0.69921875 0.2078125 0.02890625 0.0265625
0 0.6625 0.321875 0.0171875 0.0328125
0 0.58125 0.46640625 0.0609375 0.05859375
0 0.45078125 0.528125 0.0171875 0.0328125
0 0.4390625 0.915625 0.0171875 0.025
0 0.31640625 0.90390625 0.01328125 0.0171875
0 0.37421875 0.91953125 0.0125 0.0140625
0 0.1734375 0.921875 0.02421875 0.0375
0 0.11875 0.9796875 0.01328125 0.0171875
0 0.04921875 0.83515625 0.03203125 0.05625
0 0.43828125 0.7078125 0.02421875 0.021875
0 0.55078125 0.76484375 0.01484375 0.02734375
0 0.5359375 0.5765625 0.05546875 0.0609375