1 0.421875 0.77109375 0.1046875 0.06328125
1 0.4234375 0.69296875 0.084375 0.02890625
1 0.39765625 0.7265625 0.0421875 0.02734375
1 0.28359375 0.55546875 0.0484375 0.03671875
2 0.29296875 0.27890625 0.09765625 0.040625
0 0.22890625 0.2390625 0.0171875 0.0125
1 0.571875 0.4765625 0.02890625 0.040625
1 0.61796875 0.59609375 0.059375 0.05078125
1 0.53359375 0.89765625 0.04140625 0.034375
1 0.3625 0.54453125 0.03046875 0.034375
1 0.6984375 0.6671875 0.10234375 0.0375
1 0.59453125 0.6828125 0.04296875 0.01796875
1 0.58046875 0.71328125 0.05859375 0.021875
1 0.859375 0.821875 0.046875 0.028125
0 0.534375 0.79296875 0.0109375 0.01328125
0 0.4828125 0.77109375 0.01015625 0.00703125
0 0.52578125 0.7453125 0.0078125 0.00703125
0 0.49296875 0.71875 0.0078125 0.00703125
0 0.334375 0.71484375 0.01171875 0.00859375
0 0.53046875 0.63203125 0.0078125 0.00625
0 0.55078125 0.659375 0.00859375 0.00703125
0 0.54921875 0.68125 0.00859375 0.0078125
0 0.59296875 0.71796875 0.00703125 0.00546875
0 0.5765625 0.7171875 0.009375 0.00625
0 0.7125 0.68046875 0.0109375 0.00859375
0 0.6734375 0.659375 0.01171875 0.009375
0 0.8046875 0.64453125 0.00859375 0.00546875
0 0.72890625 0.71484375 0.0140625 0.01015625
0 0.7859375 0.80390625 0.0125 0.00859375
0 0.65078125 0.7484375 0.0125 0.009375
0 0.3640625 0.5 0.01328125 0.01171875
0 0.6 0.63515625 0.01328125 0.0109375
0 0.5765625 0.63515625 0.009375 0.00703125
0 0.32109375 0.33828125 0.02109375 0.01953125
2 0.74296875 0.75078125 0.5140625 0.36875
0 0.51875 0.7078125 0.0140625 0.0109375