2 0.5877925433640895 0.19589576040390794 0.04580339600572696 0.0445622274987628
2 0.6542618806890445 0.1306558627333286 0.1547795013526354 0.15021244120271565
0 0.6176243993475448 0.07238301730131289 0.006286362667090905 0.0034525486205190248
0 0.5285988093570898 0.14740402872127362 0.007867044000636269 0.005096935775648781
0 0.3989482193666348 0.22455410617460786 0.015752269334818082 0.011756371551297561
0 0.39247095269731674 0.2053504047951269 0.011028406667727175 0.008385710085908294
0 0.449403300047725 0.3282246607880207 0.014189769334818081 0.011674484396167806
0 0.48003622939208823 0.4079188048405554 0.009447725334181811 0.006741322930778537
0 0.43197089938731564 0.37526011307201285 0.006286362667090728 0.0034525486205190248
0 0.35896066072563365 0.4158275593631112 0.020457950668363624 0.013564533016686831
0 0.35091180338954286 0.39592449513876 0.007903406667727176 0.008221935775648781
0 0.32533000071608864 0.347234689620836 0.007903406667727176 0.008221935775648781
0 0.32111576273072434 0.45533379466379015 0.01733295066836362 0.013400758706427318
0 0.2530930160725421 0.5214368294894992 0.01731476933481808 0.01183825870642714
0 0.5718141020448616 0.30070276911033517 0.036228401336727244 0.026883404567984305
0 0.5456697727164068 0.338032350747541 0.03312158267027243 0.028282130257724792
0 0.538148174053134 0.36344178652318976 0.014189769334818081 0.011674484396167806
0 0.6019021387253154 0.40075035674043474 0.029942038669636163 0.02343085594746519
0 0.5444805373965426 0.4373739314802356 0.014189769334818081 0.011674484396167806
0 0.49700610073199697 0.455496489711693 0.01731476933481808 0.01183825870642714
0 0.4669100680696786 0.48912453923672317 0.012590906667727175 0.00846759724103805
0 0.46116005474217836 0.5324208378572421 0.012627269334818081 0.01159259724103805
0 0.5525299420750874 0.5245054392821518 0.039389764003817974 0.03017217887824373
0 0.6109055160725421 0.502684670964786 0.039389764003817974 0.03017217887824373
0 0.6457708647358149 0.47584220997436655 0.03312158267027243 0.028282130257724702
0 0.6235958727323151 0.4512073801461831 0.020476132001909165 0.015127033016686654
0 0.6264845153962243 0.4307311058359236 0.026780676002545432 0.020142081637205676
0 0.6361049633990878 0.45133353290514516 0.007885225334181812 0.006659435775648781
0 0.6592970153962243 0.4290114755781988 0.007903406667727353 0.008221935775648781
0 0.6440158187062255 0.2578325163968017 0.023601132001908987 0.015290807326946255
0 0.6545544240531338 0.3573411934660232 0.037718176002545435 0.020715291723113972
0 0.7381390833863611 0.3521789806665815 0.023601132001908987 0.015290807326946343
0 0.7266481473981334 0.43955282790761957 0.01731476933481808 0.01183825870642714
0 0.4851697194064057 0.513182836952731 0.029942038669636163 0.02343085594746519
0 0.4167475307526779 0.6121393153560051 0.012590906667727175 0.00846759724103805
0 0.5064554680935411 0.6629404975136092 0.023637494668999892 0.018415807326946164
0 0.4117247707669954 0.717935613976524 0.0314863573360908 0.021950243102595125
0 0.4463543094366316 0.7380090965636695 0.023637494668999892 0.018415807326946164
0 0.4192111014480856 0.8238580653560049 0.029905676002545435 0.020305855947465545
0 0.32975551340704207 0.5260181088881414 0.02043976933481808 0.012002033016686831
0 0.3579179707590412 0.6621260272509356 0.023673857336090797 0.021540807326946344
0 0.28653441410722236 0.7753087799644691 0.009465906667727175 0.008303822930778536
0 0.5967986574235867 0.6339722925160836 0.023582950668363623 0.013728307326946165
0 0.646599210097041 0.6813928471294963 0.03306703866963616 0.0235946302577247
0 0.6904764794318592 0.6900375067858633 0.03306703866963616 0.0235946302577247
0 0.6983975200906777 0.6317746274326497 0.03619203866963616 0.023758404567984216
0 0.7330077827418602 0.5158287228646653 0.009465906667727352 0.008303822930778536
0 0.745543598066497 0.4510701820460625 0.007867044000636269 0.005096935775648781
0 0.6610958727323151 0.4492420884230691 0.020457950668363624 0.013564533016686652
0 0.6383850787316788 0.4457419521724505 0.0031613626670909055 0.0032887743102595125