1 0.44140625 0.60546875 0.18359375 0.1046875
0 0.19765625 0.66015625 0.009375 0.00703125
0 0.3390625 0.6375 0.00625 0.00625
0 0.4 0.634375 0.0046875 0.00390625
0 0.55078125 0.47578125 0.0046875 0.0046875
1 0.52265625 0.40625 0.0390625 0.04296875
0 0.22421875 0.51953125 0.00625 0.00703125
0 0.23046875 0.50703125 0.00546875 0.00390625
0 0.23203125 0.52734375 0.00546875 0.0046875
0 0.434375 0.73359375 0.00625 0.00625
0 0.3421875 0.7546875 0.01328125 0.0125
0 0.1046875 0.8046875 0.009375 0.00703125
0 0.19375 0.6359375 0.0046875 0.00390625
0 0.1890625 0.64609375 0.00546875 0.0046875
0 0.24765625 0.58046875 0.0046875 0.003125
0 0.11640625 0.58671875 0.00546875 0.00390625