0 0.3375 0.54375 0.01015625 0.00859375
1 0.25703125 0.5328125 0.06875 0.09140625
1 0.3734375 0.4140625 0.0734375 0.05703125
2 0.30703125 0.45234375 0.08125 0.0765625
1 0.46796875 0.65078125 0.040625 0.04453125
0 0.60625 0.6328125 0.00703125 0.00546875
0 0.7046875 0.6640625 0.0171875 0.01328125
2 0.4109375 0.6484375 0.09140625 0.03984375
1 0.3703125 0.65625 0.053125 0.04296875
1 0.7078125 0.54609375 0.05390625 0.07578125
1 0.60625 0.5546875 0.01640625 0.01875
1 0.51015625 0.47421875 0.0171875 0.01171875
1 0.84921875 0.75 0.03203125 0.04296875
2 0.70859375 0.534375 0.03515625 0.0328125
2 0.99140625 0.52265625 0.0171875 0.03125