1 0.4182468084386911 0.4067929399582349 0.15015573295387147 0.10275659012915472
1 0.3255468396882792 0.46967703635559577 0.0666068474022122 0.058159492478152684
1 0.25362124675029385 0.4240894032069278 0.027135244317957153 0.03358538981258548
1 0.19184794967239316 0.4227602354185237 0.033548885551659205 0.043142246239076344
1 0.15784509658813806 0.4003002137109113 0.030451159090609536 0.044613818025830906
2 0.22903825811437958 0.35914636480626794 0.38076262499835234 0.25158184969606623
0 0.5422570527566483 0.4360137755350431 0.012690914772652384 0.01130121285298138
1 0.6491211128234877 0.15463809191152136 0.04675799756436803 0.08413095909205777
1 0.6331006465087079 0.13243648297774818 0.04368754464226861 0.08716503087881237
1 0.6828354139585782 0.3396890418323791 0.049664809252765355 0.07172188730530316
1 0.8863211038950339 0.13054004770487385 0.07033186525911965 0.09262542069139794
0 0.7829387796247349 0.2531401249019048 0.014498876623205348 0.025409176959604096