1 0.48809281411547933 0.5495079796968639 0.048673849336070066 0.04259867688202625
1 0.6799894226249317 0.5916769391649537 0.1409704336450254 0.06510502965749528
1 0.5722950972929667 0.5757574619023668 0.01570681323171641 0.014699169961943781
2 0.5918945249860638 0.5632428744499368 0.05486930718159222 0.03347834486680377
1 0.4260705788480063 0.3356802430427367 0.09268746974937905 0.08969385277546911
0 0.24174505494209714 0.4689423650955778 0.006286361436318444 0.006504667984777513
0 0.3469138230924698 0.5162073428524563 0.004714771077238921 0.004878500988583135
0 0.19867124493183447 0.6230051239928264 0.006277271077238833 0.004942167984777512
1 0.9590820249860638 0.5482811303442549 0.06741475897699019 0.041800180836358794
0 0.946050238979906 0.6401967163138099 0.009411361436318443 0.006632001977166268
0 0.694487218099059 0.7847902692030099 0.007848861436318444 0.006568334980972068
1 0.8606025766085112 0.828009734108307 0.10488748789975162 0.03864068874502422
2 0.8720258899384236 0.8783134816368492 0.15858518052176757 0.13924286661563343