0 0.8560707972226433 0.6852944431232796 0.015761355386194255 0.024256371551297562
0 0.8697969539366973 0.6282189275194474 0.01574317466803521 0.021131371551297563
0 0.816512872652804 0.5980910142450359 0.023601126463433174 0.029353307326946167
0 0.7921623124461497 0.5741655133405248 0.015743174668035032 0.021131371551297563
0 0.7624020895735126 0.5601096573930594 0.015761355386194255 0.024256371551297562
0 0.7586231046006274 0.5817799395052351 0.01887726502711473 0.022857645861557075
0 0.25934124296791716 0.6790135498637144 0.01416249394987581 0.017924484396167804
0 0.3317469872123805 0.5055184961548127 0.018904536104353477 0.027545145861557076
0 0.2292401316297945 0.6063639439162491 0.011001132513557365 0.011510710085908293
0 0.2090947615110732 0.3655375480546922 0.01418067466803503 0.021049484396167807
0 0.23334987294739173 0.3730567989592033 0.007876132513557366 0.01134693577564878
0 0.6592947494108248 0.4234960487320606 0.018904536104353477 0.027545145861557076
0 0.6521544151018694 0.4043775565339768 0.017342036104353475 0.02746325870642714