1 0.49140625 0.5377359615328332 0.025 0.06478992570596276
1 0.36640625 0.7872238330030188 0.0609375 0.12208560015828454
1 0.4296875 0.47265887932123735 0.06875 0.03637542069139812
1 0.43828125 0.374471431907662 0.0234375 0.03349446159934022
1 0.5015625 0.28100022822588067 0.0703125 0.20204588479802066
2 0.45859375 0.4094374652937569 0.096875 0.1543812746106063
2 0.46328125 0.22832385761362498 0.125 0.1380121285298145
1 0.48671875 0.15009956921296516 0.040625 0.0386820667721897
1 0.4046875 0.26880645361527444 0.01875 0.04429556927947216
1 0.30703125 0.2901836969513568 0.059375 0.059540136051661904
0 0.31875 0.34130592775102697 0.0078125 0.008039820533113407
1 0.53828125 0.4625373847315137 0.0203125 0.027153533386094962
1 0.5453125 0.43461697321131576 0.015625 0.030142141066226813
1 0.6734375 0.5469387799543755 0.028125 0.028943353919208194
0 0.6484375 0.5235551042484127 0.0078125 0.008039820533113407
1 0.56015625 0.6756738822242312 0.05 0.07176735141192588
1 0.81015625 0.6931043892838602 0.046875 0.03730142319868044
2 0.8421875 0.7307551534696252 0.05 0.06395485141192588
0 0.3875 0.4448688484424249 0.0078125 0.009602320533113407
0 0.39296875 0.4161217228156042 0.003125 0.004778428213245434
0 0.4046875 0.4156814536152744 0.0046875 0.0032613923198681503
0 0.42265625 0.39745429084143524 0.003125 0.0032159282132454337
0 0.4296875 0.3812526293212373 0.003125 0.0047784282132453445
0 0.42109375 0.2872525767348126 0.0046875 0.004823892319867973
0 0.25859375 0.20908680964605372 0.0109375 0.011255748746358752
0 0.215625 0.34611779671393 0.0078125 0.009602320533113407