0 0.5965899322448716 0.7492020556294656 0.028825336958138336 0.01866146879233561
0 0.5629325152486772 0.749003981794176 0.02582767095052709 0.0216226944820761
0 0.4698470656292379 0.9007092446844748 0.04508700692008212 0.035105340343633176
0 0.4272258255150697 0.8515004607632768 0.019386669961943957 0.016607645861557073
0 0.4373674880626398 0.871604920849185 0.023946835969555026 0.01372830732694652
0 0.6417140898495257 0.7946274202833582 0.01932300296574958 0.015045145861557075
0 0.6593657993547966 0.5919937432141367 0.027326503954332716 0.020142081637205676
0 0.48684220053366023 0.6565464868825586 0.03383117193911023 0.026719630257724704
0 0.03397977467739831 0.28049972749876284 0.017633168973360737 0.011838258706427318
0 0.05981276281440022 0.3382236962910984 0.020758168973360736 0.012002033016686831
0 0.06967985273828806 0.30742407564431196 0.012882001977166357 0.010030097241038049
0 0.6091933388981235 0.40146391847433593 0.016070668973360826 0.011756371551297561
2 0.3085474682909763 0.9588039484388048 0.027644838935304606 0.027954581637205676