0 0.4450576730783105 0.2692656528144309 0.021040246071058633 0.016571069892376132
0 0.3610636627392283 0.28175284429459424 0.029143844499481996 0.02318494292790536
0 0.30431704900932394 0.3787220436326405 0.03241439371369372 0.026455492142117086
0 0.364235704509842 0.397758833955512 0.016207196856846906 0.013227746071058633
0 0.3528230155108779 0.44194548159814706 0.01784247146395277 0.014863020678164317
0 0.3505477320124319 0.5075340942945943 0.019477746071058632 0.01649829528527036
0 0.37233068672716163 0.5252288624915593 0.02274829528527027 0.019768844499482085
0 0.42716373594137325 0.5195567512428543 0.02609161910658777 0.024601893713693812
0 0.43886321526320893 0.5361620543860074 0.011301373035529139 0.008321922249740866
0 0.4305412930134679 0.5474634274215366 0.01449914764263518 0.010029971463952592
0 0.2798286253118409 0.33542796195344005 0.01471747146395277 0.014717471463952681
0 0.30047076509659315 0.2939296666681697 0.013082196856846907 0.013082196856846907
0 0.3384823413991101 0.24772460070473504 0.01449914764263518 0.010029971463952769
0 0.3047088089341214 0.2196745293646168 0.019477746071058632 0.01649829528527036
0 0.40178501613005047 0.1941051410276066 0.022675520678164494 0.018206344499481997
0 0.355945977254921 0.19078324193722937 0.011301373035529316 0.008321922249740998
0 0.4080906741117678 0.17588167990273607 0.024383569892376222 0.02140411910658786
0 0.4802439640203547 0.08287223449363128 0.021040246071058633 0.016571069892376132
0 0.4014811091817904 0.11694332754537122 0.022675520678164317 0.018206344499481997
0 0.37979019975233097 0.08053494665195908 0.030851893713693724 0.026382717535011292
2 0.5269413356081418 0.03174434388030946 0.16486732878371627 0.06348868776061892
0 0.4605350856081419 0.02064621629666621 0.014644696856846906 0.01315497146395272
0 0.45001496257261253 0.02893175124285428 0.013082196856846907 0.013082196856846862
0 0.46375213089341216 0.0021381768001095688 0.00646832382131759 0.0042763536002191375
0 0.47623920657675656 0.2023307098865254 0.016134422249740866 0.011665246071058543
0 0.5259716869320494 0.12205885897690263 0.014644696856846906 0.013154971463952725
0 0.5177461180731305 0.047604668530196556 0.01449914764263518 0.010029971463952726
0 0.5689789782883782 0.08575533188859741 0.016352746071058633 0.016352746071058587
0 0.5598030314315314 0.09865559222767961 0.013082196856846907 0.013082196856846862
0 0.6038077425564019 0.09114915322871561 0.00646832382131759 0.004978598428423431
0 0.5960294758071789 0.12425275165713905 0.00817637303552914 0.008176373035529316
0 0.6056634950376013 0.051305403228715615 0.014717471463952591 0.014717471463952725
0 0.5963056116629898 0.06811191356779782 0.011374147642635179 0.009884422249740999
0 0.6158903655919312 0.0827908436754217 0.022821069892376044 0.021331344499481996
0 0.6553531259310134 0.07237772849777525 0.024601893713693812 0.02609161910658786
0 0.6219969704304955 0.05210376985410412 0.011446922249740865 0.011446922249740999
0 0.6216523680731305 0.04276515715765704 0.008176373035529316 0.008176373035529283
0 0.6278852514477421 0.02610419603278654 0.00817637303552914 0.008176373035529294
0 0.11089226489170538 0.6987734861462611 0.024092471463952724 0.01515411910658777
0 0.44260249131805673 0.5897772059575839 0.024601893713693812 0.02609161910658777
0 0.4660934952469983 0.6042741995474432 0.013154971463952591 0.014644696856846906
0 0.4374183775881525 0.684344843261137 0.017769696856846907 0.013300520678164318
0 0.44610417287342274 0.6652309702256076 0.011446922249741042 0.011446922249741042
0 0.46847147849777526 0.6369047630296786 0.009738873035529316 0.00824914764263518
0 0.46279721319629435 0.7252587876367844 0.019477746071058632 0.01649829528527036
0 0.47929120037601275 0.7728229923515142 0.014644696856846906 0.01315497146395277
0 0.48693888048363654 0.7927352320124319 0.011301373035529139 0.008321922249741043
0 0.49760239868060163 0.814845672459138 0.02565497146395259 0.015226893713693812
0 0.5053999361079891 0.7645909613342675 0.00803082382131759 0.005051373035529316
0 0.5300339090196838 0.8047600430134679 0.00959332382131759 0.005124147642635179
0 0.5149932599293067 0.7594668136916324 0.021040246071058633 0.016571069892376045
0 0.49617263937497674 0.7283816335840084 0.011301373035529316 0.008321922249740866
0 0.5878294081911143 0.5011598540145039 0.011446922249740865 0.011446922249741042
0 0.5542677373891154 0.5689852088530681 0.011301373035529316 0.008321922249740866
0 0.5929642103008101 0.6084993190683159 0.021040246071058633 0.016571069892376045
0 0.6060592156774937 0.6788289356937043 0.011446922249741042 0.011446922249741042
0 0.5774247934277528 0.6910763786216098 0.013082196856846907 0.013082196856846907
0 0.6026216925181298 0.7358965729972573 0.014717471463952591 0.01471747146395277
0 0.5789829853222008 0.7580455548002922 0.014644696856846906 0.01315497146395277
0 0.5930775645202019 0.8236512841221277 0.022675520678164494 0.01820634449948173
0 0.6217312574481073 0.7942527284977753 0.01449914764263518 0.010029971463952769
0 0.6115836236592112 0.6606418618723868 0.029289393713693813 0.02630994292790554
0 0.6292056172490702 0.6839873165871164 0.011446922249741042 0.011446922249741042
0 0.6349312324267167 0.6447428800693518 0.014644696856846906 0.01315497146395277
0 0.45953324193722944 0.34342874483271346 0.014644696856846906 0.01315497146395277
0 0.4352053300265705 0.34690050124285426 0.014571922249740864 0.011592471463952769
0 0.44892107361642974 0.3704278924753487 0.011301373035529139 0.008321922249741043
0 0.45230293879407624 0.3312926178682428 0.014644696856846906 0.01315497146395277
0 0.5346980618296054 0.3196594509951852 0.013009422249740865 0.011519696856846905
0 0.5157318920610638 0.29169927088756137 0.00646832382131759 0.004978598428423453
0 0.5205799038478881 0.3382467851555851 0.008103598428423453 0.006613873035529317
0 0.508152678454994 0.3372664820124319 0.016207196856846906 0.013227746071058633
0 0.4971252872224997 0.32296854156572585 0.00646832382131759 0.004978598428423453
0 0.5606826730783105 0.2638803318885974 0.00646832382131759 0.004978598428423453
0 0.5694754762214636 0.2759436842459623 0.01784247146395259 0.014863020678164408
0 0.5360123128630627 0.22449250020939698 0.030633569892376044 0.021695217535011226
0 0.569462667701627 0.1925318707637269 0.024529119106587772 0.02452911910658786
0 0.5909545239879332 0.21647663896069194 0.008176373035529316 0.008176373035529316
0 0.5412135432183558 0.14629472560229112 0.02743579528527036 0.019987168320799588
0 0.6092806848651348 0.308390157157657 0.013082196856846907 0.013082196856846907
0 0.5420032936326404 0.29671210256676184 0.029143844499482086 0.02318494292790545
0 0.545179643508806 0.34567614144189135 0.011446922249740865 0.011446922249741042
0 0.5298970918133948 0.38926347560229113 0.014571922249740864 0.011592471463952769
0 0.5989189195636538 0.3969625055860805 0.01649829528527036 0.019477746071058632
0 0.5822386877606189 0.4203465016571391 0.01962329528527036 0.01962329528527036
0 0.6298863215495152 0.5522107777119869 0.01962329528527036 0.01962329528527036
0 0.6241307812266437 0.4916735380510692 0.016352746071058633 0.016352746071058633
0 0.5373371025667618 0.5307960041383384 0.009738873035529139 0.00824914764263518
0 0.5410785326743858 0.5508901803170209 0.00817637303552914 0.008176373035529316
0 0.5211684470662439 0.5097215248165028 0.00817637303552914 0.008176373035529316
0 0.47630971133426747 0.5188268511190197 0.011301373035529316 0.008321922249741043
0 0.4669903693159848 0.5013311360652078 0.008103598428423453 0.006613873035529317
0 0.41270528370784304 0.46176352192101877 0.011374147642635179 0.009884422249740865
0 0.6233689177016271 0.19002114681857482 0.01642552067816432 0.01791524607105859
0 0.6473543813076968 0.14368980231909284 0.015008569892376044 0.020967471463952725
0 0.6809674019858614 0.12497403556986982 0.024601893713693812 0.02609161910658786
0 0.6135273449137667 0.10005111828252752 0.014644696856846906 0.01315497146395268
2 0.4953636182825275 0.595115369315985 0.12384422249741008 0.11490587014004525
2 0.4214831242783836 0.4239360361890424 0.09538958271265763 0.07304370181924558