1 0.76640625 0.74140625 0.046875 0.2734375
1 0.6890625 0.66640625 0.053125 0.17578125
1 0.87421875 0.63515625 0.1 0.090625
1 0.86328125 0.759375 0.01953125 0.01875
1 0.95 0.825 0.05390625 0.0484375
1 0.94453125 0.8796875 0.02578125 0.04375
1 0.85625 0.91640625 0.01796875 0.08984375
1 0.88359375 0.94296875 0.04453125 0.03125
1 0.5015625 0.3609375 0.11015625 0.20234375
1 0.5 0.4828125 0.08359375 0.17265625
1 0.4453125 0.59453125 0.0578125 0.103125
1 0.48515625 0.70390625 0.05390625 0.10625
1 0.4265625 0.73125 0.0375 0.02265625
1 0.44609375 0.765625 0.034375 0.015625
1 0.35546875 0.83515625 0.02265625 0.0234375
1 0.39140625 0.328125 0.02890625 0.06953125
1 0.30859375 0.22578125 0.0484375 0.07109375
1 0.37890625 0.1921875 0.01875 0.03828125
1 0.296875 0.3703125 0.17265625 0.1515625
1 0.50859375 0.56953125 0.015625 0.04296875
1 0.3765625 0.465625 0.046875 0.05859375
1 0.35078125 0.52421875 0.02421875 0.01953125
1 0.325 0.6734375 0.025 0.01875
2 0.965625 0.40859375 0.021875 0.0453125
1 0.32109375 0.01875 0.0375 0.0359375
0 0.46953125 0.49765625 0.01171875 0.01328125
1 0.41953125 0.35625 0.01796875 0.0234375
0 0.43515625 0.309375 0.00546875 0.0078125
0 0.3859375 0.128125 0.0046875 0.00625
2 0.4796875 0.9125 0.01640625 0.03203125
2 0.28046875 0.7234375 0.18203125 0.553125