0 0.4796875 0.707707480733163 0.0046875 0.0063863923198681505
1 0.51015625 0.5859377808123054 0.0609375 0.09708560015828453
1 0.46328125 0.5228551076136249 0.08125 0.0789266335443795
1 0.6 0.3737082169431096 0.0671875 0.08945495658477523
1 0.6703125 0.2460666017411302 0.0421875 0.055915030878812375
0 0.75859375 0.3314478237653117 0.0125 0.01598871285298138
1 0.60390625 0.9121031272096662 0.078125 0.11321070533113406
2 0.60625 0.9113900733696003 0.0484375 0.06703438730530316
1 0.2984375 0.2758711443649321 0.0453125 0.06381845909205772
1 0.2515625 0.22216347116625162 0.0484375 0.05922188730530316
1 0.21953125 0.2892002069804867 0.0296875 0.04305131802583091
1 0.1859375 0.28587897868809903 0.025 0.03197742570596294
0 0.21875 0.2157399749271754 0.00625 0.01111935642649069
2 0.22421875 0.2401178493003547 0.075 0.08655727711788863