0 0.7984375 0.48359375 0.0203125 0.03203125
0 0.746875 0.6296875 0.0203125 0.0234375
0 0.75390625 0.57734375 0.01875 0.02890625
0 0.74375 0.44296875 0.01875 0.0265625
0 0.79140625 0.4015625 0.01953125 0.0234375
0 0.65078125 0.41015625 0.0109375 0.01171875
0 0.69453125 0.5 0.00859375 0.01484375
0 0.66953125 0.4984375 0.00859375 0.01171875
0 0.63671875 0.51328125 0.00546875 0.0078125
0 0.6265625 0.53125 0.00703125 0.01015625
0 0.66015625 0.546875 0.00703125 0.01015625
0 0.68984375 0.6359375 0.0109375 0.0140625
0 0.696875 0.65546875 0.00703125 0.01171875
0 0.66328125 0.5765625 0.009375 0.0140625
0 0.67265625 0.55625 0.00625 0.00703125
0 0.69296875 0.678125 0.01015625 0.0078125
0 0.63515625 0.64453125 0.009375 0.01640625
0 0.6390625 0.7 0.00625 0.01015625
0 0.6171875 0.5265625 0.0046875 0.0078125
0 0.59921875 0.53359375 0.00859375 0.009375
0 0.60546875 0.58515625 0.00625 0.01015625
0 0.63046875 0.60390625 0.00625 0.0109375
0 0.59609375 0.56953125 0.0078125 0.01171875
0 0.5671875 0.61328125 0.003125 0.00546875
0 0.6015625 0.65625 0.0046875 0.00703125
0 0.5328125 0.56171875 0.00546875 0.01015625
0 0.4984375 0.628125 0.00625 0.009375
0 0.528125 0.68359375 0.00625 0.0125
0 0.53203125 0.5375 0.003125 0.00625
0 0.52890625 0.54609375 0.00390625 0.00625
0 0.53828125 0.51953125 0.00390625 0.00859375