0 0.7453125 0.90234375 0.01171875 0.01640625
0 0.55390625 0.78828125 0.01015625 0.01171875
0 0.55625 0.74921875 0.01953125 0.028125
0 0.59375 0.815625 0.01015625 0.01171875
0 0.52109375 0.82265625 0.01015625 0.01640625
0 0.52578125 0.84375 0.00625 0.0109375
0 0.48203125 0.74921875 0.01015625 0.01796875
0 0.509375 0.6703125 0.00859375 0.0140625
0 0.5109375 0.63203125 0.00546875 0.00859375
0 0.603125 0.5125 0.00625 0.0125
0 0.38203125 0.74765625 0.01171875 0.0203125
0 0.4 0.7296875 0.00625 0.0109375
0 0.446875 0.65859375 0.00625 0.01484375
0 0.428125 0.609375 0.009375 0.0171875
0 0.40234375 0.6171875 0.0125 0.021875
0 0.38515625 0.5078125 0.01015625 0.0171875
0 0.28671875 0.4953125 0.034375 0.053125
0 0.2703125 0.39921875 0.0140625 0.03359375
0 0.16640625 0.2453125 0.0203125 0.02734375
0 0.06484375 0.11484375 0.0140625 0.02421875
0 0.234375 0.1671875 0.009375 0.01796875
0 0.21796875 0.034375 0.01015625 0.015625
0 0.5078125 0.9921875 0.0140625 0.01484375