1 0.2566019703083218 0.4020284102221939 0.10765938730530315 0.05400582654882306
1 0.36049018527287435 0.23461850294067607 0.06979567445232168 0.039540534825709094
1 0.4853741764973858 0.30475286126299056 0.05684103338609496 0.023260437584671046
1 0.4831033196751836 0.14603628053029594 0.024073997492717502 0.023103307326946255
1 0.7381952996169239 0.30793433570953566 0.15274456677218975 0.048568054047586
1 0.6381103830821611 0.3640382507929695 0.02862510517284953 0.018661468792335524
2 0.6086358317493775 0.3460219131628699 0.13499477711788863 0.08196040818602893
1 0.5443376510288497 0.3681702301007546 0.026818564264907252 0.063810194482076
2 0.7808518125490476 0.3487330760985972 0.12464831050398359 0.10169969810012063
1 0.7127503333987301 0.4821873852345657 0.04993781551854859 0.05410100180902226
0 0.5681077716411054 0.40526411635137316 0.00799435642649069 0.006659435775648781
0 0.59692309342786 0.4006242039814728 0.004778428213245434 0.0033706614653892684
0 0.5973860946815013 0.3896457604039079 0.0032159282132454337 0.0032887743102595125
0 0.6646394423325033 0.4690599434660232 0.007994356426490868 0.006659435775648781
0 0.6580150207831755 0.5640825163968017 0.009556856426490689 0.006741322930778537
0 0.7901682912371466 0.5344658582107729 0.009602320533113407 0.008303822930778536
1 0.4864271772888086 0.6098497970386394 0.028761497492717503 0.02334896879233561
0 0.5807371184341776 0.6510712613084191 0.009556856426490689 0.006741322930778537
1 0.351713264185765 0.023433098711376055 0.04717652837152997 0.04686619742275211
1 0.5735046623116208 0.26805404342059475 0.047466033386094966 0.02276911465389251