2 0.6655629607632768 0.46840093742040506 0.08123006784239592 0.08995338534372692
0 0.5983278731331773 0.49650720874440546 0.0169351944820761 0.02518181333545435
0 0.5927296483479478 0.5237691427434511 0.017017081637205677 0.02674431333545435
0 0.5760666915413999 0.3845975547421784 0.011838258706427318 0.01731476933481808
0 0.5841824067156909 0.3159839147437692 0.01159259724103805 0.012627269334818081
0 0.5589334232240343 0.3258401727402694 0.010193871551297562 0.01573408800127272
0 0.4838039484388049 0.35229303739654255 0.010111984396167806 0.014171588001272717
0 0.47890176447217847 0.39283622139558805 0.009866322930778538 0.009484088001272716
0 0.46166999886834625 0.4066896360598154 0.024004066033373662 0.04087953866963616
0 0.46441321856519285 0.45903338605981536 0.02030585594746519 0.029905676002545435
0 0.40055543645301733 0.46219420138445216 0.010357645861557074 0.018859088001272718
0 0.30778700305221773 0.3010561593729982 0.010275758706427319 0.017296588001272716
0 0.28464939620024127 0.24691355203690737 0.010193871551297562 0.01573408800127272
0 0.46334760628614957 0.2599237240610881 0.006577548620519025 0.006322725334181811