1 0.3532004620464524 0.35234872783016924 0.09349655601527207 0.11518238229073816
1 0.7109964227402694 0.5626918120868292 0.07578179734245402 0.06936977711788864
0 0.05533403202577154 0.19138952962517114 0.017423857336090774 0.020812605172849486
0 0.08869142468968076 0.17205450791755877 0.012663632001908986 0.014426212852981467
0 0.3122914620066815 0.05828883927122488 0.01424431333545444 0.01603417695960414
0 0.4201157893857249 0.39803095236163316 0.012663632001908986 0.014426212852981379
0 0.5496118380410435 0.31823345526462704 0.00793976933481808 0.011164820533113406
0 0.7231589733847704 0.3998197390464333 0.0047602253341818114 0.006386392319867973
0 0.6596879140674514 0.5159017286215921 0.0031613626670909055 0.0032159282132454337
0 0.6085986760820872 0.6221911810497323 0.00474204400063627 0.004823892319868151
0 0.48117365742358675 0.6786193743066724 0.0047602253341818114 0.0063863923198681505
0 0.540893555418496 0.6428697424116455 0.0031613626670909055 0.0032159282132454337
0 0.4503487293920882 0.4457697703874642 0.006322725334181811 0.0064318564264908675