1 0.9397274790806425 0.49298021173235423 0.10377345318850359 0.045142666930474286
0 0.9669174208491851 0.44446014370652326 0.006577548620519025 0.0064318564264908675
0 0.9282776447299032 0.393943318158845 0.013236984396167628 0.014426212852981467
0 0.9602779172311404 0.347630607813146 0.018415807326946164 0.02393760517284953
0 0.8253330291714995 0.3257365389293852 0.0034525486205190248 0.006340928213245345
0 0.7171487149471483 0.3367087943396615 0.008303822930778536 0.009602320533113407
0 0.681283136023476 0.38391641495191725 0.008303822930778536 0.009602320533113407
0 0.6005311030067892 0.36592258438967395 0.023267081637205856 0.0271989974927175
0 0.5840938755080265 0.3210192613492781 0.021540807326946167 0.024028533386094786
0 0.5274034622336148 0.2694627730277606 0.006577548620519025 0.00643185642649069
0 0.5218019154221182 0.311877593560874 0.008221935775648781 0.008039820533113407
0 0.5123483502932558 0.29572139614729875 0.008221935775648781 0.008039820533113407
0 0.48977398744838546 0.29794312569332765 0.0034525486205190248 0.0063409282132454335
0 0.49576503787792686 0.35253969748008224 0.005015048620519024 0.006386392319868062
0 0.5034547071452322 0.34996862694696884 0.005015048620519024 0.006386392319868062
0 0.47505414744343677 0.4798978193459792 0.006577548620519025 0.0064318564264908675
0 0.47141016904016275 0.4103665693459792 0.014963258706427318 0.017596676959604096
0 0.4682508695151326 0.37994328345260187 0.0033706614653892684 0.004778428213245434
0 0.4201785396869491 0.40325040281121627 0.0034525486205190248 0.0063409282132454335
0 0.389297031885033 0.4111909349436699 0.0034525486205190248 0.0063409282132454335
0 0.3608987149471483 0.34707461064963285 0.005015048620519024 0.006386392319868062
0 0.5445289229968917 0.7306048615075627 0.008221935775648781 0.008039820533113407
0 0.34513535334547346 0.5986969466221523 0.009866322930778538 0.009647784639735946
0 0.34911244515944456 0.4655661978757936 0.008221935775648781 0.008039820533113407
0 0.36189240614986395 0.5004041991294349 0.011510710085908293 0.011255748746358662
0 0.39646547998515363 0.5330432028903586 0.0033706614653892684 0.004778428213245434
0 0.3810485198992454 0.522537611903274 0.0033706614653892684 0.004778428213245434
0 0.32633220092519577 0.837106228754606 0.014799484396167805 0.014471676959604097
0 0.2700158446390462 0.5836689916867297 0.008303822930778536 0.009602320533113407
0 0.27918280472495444 0.5943564391003051 0.006577548620519025 0.00643185642649069
0 0.3550868854576491 0.594495179929105 0.0033706614653892684 0.004778428213245434