1 0.39912863631293494 0.5169939116925318 0.05755251482874755 0.07317855042954129
1 0.4483884900769873 0.41774418419376913 0.04266234387822045 0.05212906603337366
1 0.3210394228905124 0.34801926164710334 0.048466674904859806 0.041519114653892596
0 0.46146415163597415 0.4412259497976013 0.008194501977166268 0.00978443577564878
0 0.43709025684572006 0.7332872970386394 0.008194501977166268 0.009784435775648604
0 0.19788181270066948 0.48154549185939965 0.011510502965749491 0.014635710085908294
0 0.01028099501990308 0.41731697478522933 0.011383168973360742 0.011510710085908293
0 0.04310678798609012 0.6065941587518557 0.0049421679847775676 0.006495661465389269
0 0.2052579836140155 0.8553581281100182 0.014699169961943958 0.01636198439616763
0 0.2194995557434062 0.907623312981156 0.009757001977166358 0.009866322930778182
2 0.5043944564651592 0.573843697988579 0.05356535178688589 0.0901203889641522
2 0.6201905528148377 0.506188129241672 0.02758117193911023 0.026392081637205855