1 0.32734375 0.44453125 0.134375 0.0671875
0 0.5453125 0.38203125 0.009375 0.00703125
1 0.575 0.64765625 0.3125 0.18203125
1 0.60859375 0.6171875 0.0453125 0.01796875
1 0.6875 0.71015625 0.03984375 0.05859375
1 0.51875 0.60390625 0.19765625 0.0875
1 0.56484375 0.66328125 0.028125 0.0140625
2 0.63515625 0.65625 0.15625 0.071875
1 0.46875 0.771875 0.0859375 0.15
1 0.3546875 0.7578125 0.0609375 0.03984375
0 0.565625 0.790625 0.009375 0.0078125
2 0.31953125 0.79609375 0.03515625 0.0265625
2 0.29453125 0.78203125 0.04765625 0.028125