0 0.6894129835796999 0.6746406789728165 0.03261507892507769 0.023982970779006862
0 0.6494327256871921 0.6716014537295829 0.01139252630835923 0.008003414772652383
0 0.6342704572713407 0.6658736051095546 0.01295502630835923 0.008030688311602674
0 0.6233868942018657 0.5728093977232285 0.011392526308359407 0.008003414772652383
0 0.5744789573419279 0.5906866444768176 0.011483531570031147 0.009565914772652385
0 0.6241835547534442 0.5462878080316541 0.009830026308359408 0.007976141233702095
0 0.5235156968185841 0.5866752544609316 0.01488154735504672 0.014307961850553141
0 0.6114090809206292 0.7021559784863494 0.008176521046687313 0.0063863676947516265
0 0.6652690992658934 0.782702594963285 0.01295502630835923 0.008030688311602674
0 0.6277081860834789 0.8078020064895265 0.01800654735504672 0.014362508928453721
0 0.5420437018684945 0.8109894618472577 0.00983002630835923 0.007976141233702095
0 0.7041965494211853 0.6202668246707456 0.00826752630835923 0.007948867694751626
0 0.6886871285580245 0.4209798908233696 0.01800654735504672 0.014362508928453721
0 0.870020428543907 0.43897373457213396 0.014699536831702886 0.011182961850553142
0 0.9730375546828572 0.6265203733702039 0.008267526308359408 0.007948867694751626