0 0.54609375 0.20078125 0.0109375 0.0203125
0 0.4484375 0.18125 0.00859375 0.0140625
0 0.3125 0.43671875 0.01171875 0.01875
0 0.24609375 0.4765625 0.01015625 0.0171875
0 0.24375 0.4421875 0.00703125 0.0125
0 0.21796875 0.45 0.01015625 0.01796875
0 0.375 0.6953125 0.01328125 0.02421875
0 0.30703125 0.63515625 0.009375 0.01640625
0 0.25 0.6859375 0.00703125 0.009375
0 0.58125 0.8203125 0.01171875 0.01875
0 0.4171875 0.6046875 0.01328125 0.0140625
0 0.47109375 0.61796875 0.009375 0.0109375
0 0.48125 0.615625 0.00625 0.01015625
0 0.525 0.646875 0.0078125 0.0109375
0 0.28828125 0.059375 0.00625 0.01171875
0 0.171875 0.01953125 0.01171875 0.01796875
0 0.1015625 0.2828125 0.009375 0.01328125
0 0.22734375 0.1875 0.00859375 0.01171875
0 0.03203125 0.928125 0.0125 0.0203125