0 0.6825344416850511 0.4727871365770496 0.02423802067816432 0.017460220003181703
0 0.678052456986532 0.5611683839115496 0.02431079528527036 0.019022720003181705
0 0.6913958271265772 0.6798274772438223 0.014571922249741043 0.011101132001908987
0 0.8073461588057776 0.651901377227914 0.024092471463952592 0.014335220003181704
0 0.8672390814698033 0.5112849205522325 0.02252997146395259 0.014317038669636161
0 0.8750793525622527 0.3775275385503235 0.024092471463952592 0.014335220003181704
0 0.8265498072769824 0.3593320692234596 0.025727746071058634 0.015915901336727066
0 0.8120463515287953 0.2828968385582777 0.01762414764263518 0.009574994668999892
0 0.7930823358130296 0.34565137722791395 0.020894696856846907 0.012736357336090798
0 0.9109141528099215 0.4756014118794146 0.01613442224974122 0.01111931333545435
0 0.9162951656302033 0.5240025492123237 0.02260274607105863 0.01587953866963616
0 0.663349948095192 0.4972422439131403 0.01606164764263518 0.009556813335454351