0 0.2008324840793465 0.3381523851446221 0.019332196856846905 0.01282728246740401
0 0.18633118238393545 0.38090294683301934 0.014644696856846861 0.012745461850553053
0 0.09543650868645237 0.3347489212654741 0.014644696856846861 0.012745461850553053
0 0.823816219811323 0.34198964041633256 0.011374147642634825 0.009565914772652385
0 0.7927717351128039 0.2530947357899499 0.014571922249740864 0.011182961850553053
0 0.6901475411514411 0.37484127637502884 0.011374147642635179 0.009565914772652385
0 0.45097145533841143 0.7256422970746054 0.014717471463952591 0.014307961850553141
0 0.3772727820552132 0.8306922613607904 0.022675520678164494 0.017569329545304768
0 0.6790814927657989 0.6795833234529296 0.014644696856846906 0.012745461850553141
0 0.8666779619534399 0.31146238919851654 0.011301373035529139 0.008003414772652383
0 0.8362198664205007 0.42821351257531115 0.009738873035529139 0.007976141233702095