0 0.49541163748664474 0.5326333582498576 0.026309528855940557 0.038518671939110405
0 0.5560267005560033 0.6563692885919249 0.018060519237293703 0.025700336958138337
0 0.4422072811333752 0.4655294298849567 0.01482639183263199 0.02244800296574958
0 0.3697320804077358 0.47978824806001474 0.008194445916315907 0.011255834980972068
0 0.45092751670540493 0.48466143186212307 0.008194445916316084 0.01125583498097189
0 0.4846452630772079 0.5720951062726913 0.008249009618646852 0.012818334980972068
0 0.4790028982864179 0.5992478552841082 0.01299107332097762 0.014571835969555025
0 0.44103910681660563 0.6110010973754427 0.013209328130301045 0.020821835969555023
0 0.3859969427514551 0.6189290025086389 0.011374009618646852 0.012945668973360825
0 0.4339706512816428 0.634183929390665 0.009866073320977619 0.014444501977166268
0 0.5755554944728865 0.47800420805957716 0.01310020072563951 0.0176968359695552
0 0.6196428003706689 0.447723800454923 0.01142857332097762 0.014508168973360824
0 0.7066814981010834 0.3972874017475173 0.01299107332097762 0.014571835969555113
0 0.624223662166234 0.38375680094921455 0.013045637023308566 0.016134335969555113
0 0.6051462468351391 0.638811715473951 0.01455357332097762 0.014635502965749581
0 0.5706249138955146 0.6640053750557715 0.008194445916316084 0.011255834980972068
0 0.7509895148913064 0.5399179121276406 0.01299107332097762 0.014571835969555025
2 0.7290079098039813 0.2284246552075584 0.11681053248413757 0.1280215237259962