1 0.3977698358130296 0.3591237453850885 0.04015411910658795 0.023892033338636143
1 0.3815112890800173 0.39563341004931585 0.041643844499482 0.022347714672181596
1 0.2686153368464869 0.4528817413669531 0.040517992142117175 0.03170453333863606
1 0.503054611039308 0.6078708753978151 0.026018844499482087 0.022165901336727245
1 0.46988039205655474 0.6332521360598153 0.07660104135632899 0.03524770401018138
1 0.7547904313459689 0.48040204543281356 0.030924668320799497 0.026907945337363515
1 0.8800964923470049 0.4381338241167674 0.03361302067816432 0.01756930800445424
1 0.6761302762597357 0.3506503634229504 0.03219606989237604 0.02067612667090888
1 0.5285424927612897 0.28334359006999676 0.05948631596343468 0.03661020934118149
1 0.42400054197550147 0.285250440722452 0.048330492142117265 0.031795440006363404
1 0.3098760376322752 0.45023854670590724 0.03739299214211709 0.03166817067154533
1 0.3893795628585536 0.6986856847151341 0.035539393713693725 0.025399989337999786
1 0.5156788513193984 0.8453890567313607 0.0449871683207995 0.027071577339272325
1 0.3462160678209523 0.7778277447087708 0.056142992142117085 0.031886346674090404
1 0.56341626054397 0.4118049447405875 0.04484161910658777 0.023946577339272503
1 0.6229731970617347 0.41640208541531437 0.06893409057054053 0.03828179734245403
1 0.6224380419755015 0.2875594700827235 0.02423802067816432 0.017460220003181703
1 0.8008606025622527 0.39660884810626784 0.04422518899896381 0.04424089600572696
1 0.803600304795783 0.3380787327736769 0.051164393713693815 0.025581802673454224
1 0.8600257791552199 0.2419128047819492 0.048330492142117265 0.031795440006363404
1 0.8818130419755015 0.29057757145126734 0.06602741439185814 0.0429329346753633
2 0.6954411641824612 0.5976162700906776 0.07427656203449332 0.052398841343090474
2 0.47949083250326074 0.6216515647278609 0.04386131596343468 0.036428396005727136
0 0.40463638171747246 0.6239038607176794 0.011374147642635179 0.00950226933481808
0 0.3157707808078497 0.5768010467059073 0.009666098428423453 0.006359088001272539
0 0.31662049730940367 0.511221500039771 0.008103598428423453 0.006340906667727353
1 0.2854539263835702 0.3952965080362711 0.03583049214211718 0.031649989337999784
0 0.4880973910230974 0.5382032653962243 0.008103598428423453 0.006340906667727353
0 0.5016526228261323 0.5610049660645879 0.0032705492142117267 0.0031613626670909055
0 0.4581038300220614 0.5815805480585428 0.008103598428423453 0.006340906667727175
0 0.5565820254311662 0.6506583594048149 0.008103598428423453 0.006340906667727353
0 0.45410134242805816 0.7806447567234065 0.009666098428423453 0.006359088001272539
0 0.32275498903723604 0.6932254780394527 0.008176373035529316 0.007903406667727176
0 0.37177468589408286 0.7062890993793616 0.008176373035529316 0.007903406667727353
0 0.5233735731976358 0.7088339387332697 0.009738873035529139 0.00792158800127254
0 0.4667575461093306 0.6667913420591791 0.00646832382131759 0.0047602253341818114
0 0.17698645491961748 0.3799794960216354 0.011301373035529316 0.00793976933481808
0 0.3355994755977819 0.39900331070972533 0.00490582382131759 0.00474204400063627
0 0.4101435572769823 0.3733226053866794 0.008103598428423453 0.006340906667727175
0 0.4204967063673596 0.3273743060550429 0.008103598428423453 0.006340906667727175
1 0.4098353422231704 0.3834697647199066 0.026018844499482087 0.022165901336727068
0 0.8329239317602537 0.3306116781110403 0.01293664764263518 0.009520450668363623
0 0.8962415690638068 0.33212927211963084 0.01457192224974122 0.011101132001908987
0 0.8549423269216895 0.30041564811422206 0.008103598428423453 0.006340906667727175
0 0.9187286910658786 0.24493835478990342 0.008103598428423453 0.006340906667727264
0 0.670956816996892 0.13898615742358675 0.014571922249740864 0.011101132001908987
0 0.5879817669541108 0.43629641474376923 0.011446922249741042 0.011064769334818082
0 0.6536988122393811 0.4558009400859051 0.009738873035529316 0.00792158800127254
0 0.6387480543814983 0.486860036083678 0.009738873035529316 0.007921588001272717
0 0.5749166867226524 0.40725380474217837 0.008176373035529316 0.007903406667727176
0 0.6431572644729113 0.39711628341817795 0.008103598428423453 0.006340906667727175
0 0.6329068151348652 0.34468162675045066 0.014644696856846906 0.012663632001908986
0 0.6581593722069597 0.3168657094207233 0.011301373035529316 0.00793976933481808
0 0.6791268436709125 0.33116456675681405 0.011446922249740865 0.011064769334818082
0 0.6266375444567007 0.32743049208304165 0.00981164764263518 0.009484088001272716
0 0.7426799214211715 0.32097250143217726 0.01293664764263518 0.009520450668363623
0 0.7423738604201355 0.3646952294318591 0.009738873035529316 0.007921588001272628
0 0.8224980080627706 0.3749974774426768 0.008103598428423453 0.006340906667727175
0 0.8102869524384182 0.34752645810785865 0.006468323821317767 0.0047602253341818114
0 0.681793771297337 0.27107195142422313 0.008176373035529316 0.007903406667727176
0 0.6847389888323482 0.3007776327577686 0.011301373035529139 0.00793976933481808
0 0.8009569559530748 0.4825008947724042 0.014644696856846906 0.012663632001909165
0 0.7913614780789813 0.444128738104677 0.011301373035529139 0.00793976933481808
0 0.6291289977236885 0.36415833274981435 0.014644696856846906 0.012663632001908986
0 0.6822368810982999 0.3811736574235868 0.011301373035529316 0.00793976933481808
2 0.5969928939185815 0.42859300274504186 0.6846320967712846 0.6170111600890869
2 0.8275343027288684 0.14783554077813124 0.019477746071058278 0.015843176002545346
1 0.8742637535146567 0.1452559807844946 0.030924668320799497 0.026907945337363424
1 0.8881700498333842 0.2594184781189945 0.029216619106587773 0.023764764003817974