1 0.52265625 0.50390625 0.06015625 0.01875
1 0.78125 0.40859375 0.1125 0.04765625
1 0.46796875 0.4375 0.0265625 0.06328125
1 0.37109375 0.4359375 0.0296875 0.0203125
1 0.27265625 0.48828125 0.18984375 0.0484375
2 0.403125 0.45859375 0.140625 0.08046875
2 0.2265625 0.4453125 0.1203125 0.1109375
1 0.14765625 0.46015625 0.03203125 0.03671875
1 0.2734375 0.3921875 0.04140625 0.01328125
1 0.30703125 0.3 0.0515625 0.053125
0 0.3546875 0.31796875 0.0078125 0.00625
1 0.44375 0.54140625 0.02421875 0.0171875
1 0.415625 0.5453125 0.0265625 0.0125
1 0.50859375 0.68046875 0.02421875 0.025
0 0.4890625 0.6546875 0.0078125 0.00625
1 0.6484375 0.584375 0.0640625 0.04296875
1 0.63203125 0.82734375 0.03125 0.04140625
2 0.66484375 0.8625 0.05625 0.0421875
0 0.446875 0.39375 0.0078125 0.00546875
0 0.41796875 0.396875 0.0046875 0.003125
0 0.415625 0.4078125 0.00390625 0.0046875
0 0.39609375 0.42265625 0.00390625 0.00390625
0 0.37890625 0.42890625 0.00390625 0.003125
0 0.28984375 0.41015625 0.0046875 0.0046875
0 0.234375 0.2453125 0.009375 0.00859375
0 0.37265625 0.21796875 0.0078125 0.00625