0 0.482751329142594 0.5759588863799451 0.014126132513557366 0.01175654735504672
0 0.3527406005144204 0.7582947022920175 0.02198408430895542 0.02002407366340577
0 0.6244843111886131 0.6623653651920833 0.011001132513557365 0.011574536831702887
0 0.5510331756499938 0.6604318678935064 0.014135222872636887 0.01331904735504672
2 0.6117615973911624 0.6999185730987085 0.08966246369925486 0.10831229991529553
0 0.5118080909482547 0.4174407310900383 0.02353749394987581 0.01855257892507787
0 0.3720557654198981 0.2592502575395719 0.018831813231716586 0.015154563140062204
0 0.35957692867505575 0.6578774733387049 0.05336134933607006 0.04371917889684287
0 0.5548207301011115 0.815392383678522 0.025136355386194253 0.024893584186749605
0 0.4566463296335733 0.8987670548240313 0.01726022287263689 0.013501057878390555
0 0.4075230284039093 0.8794941390813682 0.009420451795398143 0.008358531570031146
0 0.9862364400879331 0.2747028253766086 0.012563632513557365 0.011665542093374804
0 0.939674536595333 0.35248692015728905 0.03450226502711473 0.023877115756780663
0 0.9006438528521116 0.3447430386154928 0.032921584308955684 0.020661110495108836
0 0.8570711148541641 0.31172614128868104 0.020385222872636888 0.013683068401734033
0 0.6920915303488169 0.19114208355146506 0.03450226502711473 0.023877115756780663
0 0.3597608193800366 0.08894546281536121 0.010982951795398144 0.008449536831702954
0 0.1797097050168519 0.14097985772309857 0.020403403590796197 0.016808068401734034
0 0.1262488826117532 0.061277676195419774 0.010982951795398054 0.008449536831702931