1 0.618867994105682 0.3531314260087147 0.05362901878308044 0.09022626291777787
1 0.37148761121560714 0.5191974095755553 0.12087486859279988 0.16984233415618064
1 0.3038080212917193 0.4894930322007289 0.0717715237259962 0.11406380642076393
1 0.17946459589256794 0.45094163810840265 0.024201503954332716 0.019295513867708357
2 0.39846660528410804 0.4904177929343052 0.04090884288963732 0.04622168977951393
2 0.34689878809763325 0.5682531586256248 0.06530134783255326 0.07020470364722228
0 0.22002729300336812 0.19897844139503454 0.011446835969555202 0.012754573138263937
0 0.24199779349765968 0.20081304511850676 0.003316000988583134 0.00476023518236115
0 0.39249383650102776 0.4014098443210761 0.0032523339923887563 0.0031977351823609724
0 0.36109796197672883 0.20664285818878442 0.0032523339923887563 0.0031977351823611498
0 0.3981841265014653 0.19561378600045107 0.008258168973360736 0.011119337955902786
0 0.8167033162350726 0.2953513743376035 0.009820668973360824 0.011155705547083361
0 0.847787537071869 0.1562154859448604 0.011446835969555025 0.012754573138263892
0 0.8552790434976597 0.18653876558013818 0.008194501977166268 0.009556837955902786
0 0.5441836704934165 0.40100718797656204 0.0032523339923887563 0.0031977351823611498
1 0.4053214417479548 0.505116072569583 0.016707338935304607 0.026926175911805572