0 0.6828125 0.06328125 0.00859375 0.0171875
0 0.321875 0.4078125 0.01015625 0.01796875
0 0.3484375 0.3328125 0.0140625 0.0234375
0 0.44765625 0.30625 0.0171875 0.0265625
0 0.453125 0.3671875 0.009375 0.01328125
0 0.49609375 0.36796875 0.0109375 0.0140625
0 0.55625 0.384375 0.0109375 0.015625
0 0.56796875 0.40859375 0.01328125 0.0171875
0 0.55234375 0.45859375 0.01640625 0.02109375
0 0.565625 0.4734375 0.00546875 0.0078125
0 0.57734375 0.46875 0.00625 0.0109375
0 0.41328125 0.271875 0.0109375 0.0125
0 0.371875 0.28046875 0.00859375 0.0109375
0 0.321875 0.303125 0.00703125 0.01171875
0 0.303125 0.2640625 0.01171875 0.01484375
0 0.26171875 0.346875 0.0125 0.01875
0 0.26796875 0.30390625 0.00625 0.0078125
0 0.24453125 0.34765625 0.01328125 0.01953125
0 0.146875 0.3890625 0.01171875 0.01640625
0 0.1921875 0.32578125 0.01171875 0.0171875
0 0.16328125 0.2953125 0.01953125 0.02421875
2 0.06328125 0.41328125 0.0828125 0.1390625
0 0.09453125 0.3546875 0.00859375 0.01328125
0 0.10390625 0.346875 0.0078125 0.01015625
0 0.07578125 0.35234375 0.00390625 0.00703125
0 0.06875 0.34921875 0.00390625 0.0046875
0 0.25625 0.41796875 0.0078125 0.01328125
0 0.1734375 0.4421875 0.009375 0.0125
0 0.1078125 0.415625 0.00703125 0.0109375
0 0.1328125 0.47265625 0.0125 0.01171875
0 0.146875 0.4671875 0.01015625 0.009375
0 0.13125 0.50625 0.00390625 0.00546875
0 0.1625 0.5078125 0.00546875 0.00703125
0 0.09453125 0.496875 0.01015625 0.0125
0 0.11171875 0.49296875 0.00703125 0.0078125
0 0.12109375 0.51484375 0.01484375 0.01875
0 0.10546875 0.5484375 0.01953125 0.01796875
0 0.09296875 0.51328125 0.0078125 0.00859375
0 0.084375 0.51015625 0.00546875 0.0046875
0 0.06796875 0.5109375 0.00625 0.00625
0 0.7734375 0.2140625 0.00859375 0.02109375
0 0.61328125 0.4921875 0.0203125 0.01875
0 0.621875 0.51796875 0.01171875 0.009375
0 0.7 0.51328125 0.0078125 0.0140625
0 0.68046875 0.515625 0.00859375 0.00859375
0 0.65078125 0.52890625 0.00546875 0.0078125
0 0.73125 0.54765625 0.0109375 0.01484375
0 0.77265625 0.57578125 0.00859375 0.0109375
0 0.78828125 0.58828125 0.00546875 0.00859375
0 0.80703125 0.6046875 0.00859375 0.02265625
0 0.759375 0.59765625 0.00390625 0.00703125
0 0.79140625 0.63125 0.00390625 0.00859375
0 0.75390625 0.6046875 0.01015625 0.0171875
0 0.72890625 0.5796875 0.0046875 0.009375
0 0.50546875 0.603125 0.00859375 0.0078125
0 0.5734375 0.590625 0.00625 0.0078125
0 0.60234375 0.63671875 0.0125 0.01640625
0 0.66328125 0.66796875 0.0078125 0.01015625
0 0.6796875 0.6453125 0.0078125 0.01015625
0 0.715625 0.6796875 0.01015625 0.0125
0 0.73984375 0.6640625 0.00859375 0.0109375
0 0.796875 0.69453125 0.0109375 0.0171875
0 0.76484375 0.7140625 0.00625 0.0109375
0 0.64609375 0.66875 0.01796875 0.0234375
0 0.6640625 0.690625 0.00859375 0.009375
0 0.62734375 0.6859375 0.009375 0.0125
0 0.3859375 0.440625 0.00859375 0.0125
0 0.39453125 0.41953125 0.0078125 0.01171875
0 0.4125 0.4390625 0.00625 0.009375
0 0.3765625 0.43125 0.00859375 0.0125
0 0.3515625 0.50390625 0.0078125 0.0109375
0 0.3296875 0.47890625 0.003125 0.00625
0 0.3703125 0.4953125 0.0046875 0.00703125
0 0.371875 0.484375 0.009375 0.01328125
0 0.3609375 0.4703125 0.00390625 0.00625
0 0.2953125 0.51328125 0.00390625 0.0046875
0 0.30546875 0.525 0.01015625 0.01484375
0 0.26484375 0.4796875 0.01328125 0.025
0 0.2296875 0.5015625 0.0171875 0.0171875
0 0.246875 0.528125 0.00625 0.00703125
0 0.19296875 0.4625 0.01171875 0.02421875
0 0.3265625 0.5703125 0.0109375 0.009375
0 0.32890625 0.5046875 0.015625 0.0234375
0 0.371875 0.52109375 0.009375 0.009375
0 0.415625 0.51875 0.0078125 0.0109375
0 0.409375 0.584375 0.0140625 0.01171875
0 0.43359375 0.575 0.01484375 0.01328125
0 0.54375 0.65625 0.0140625 0.01484375
0 0.490625 0.634375 0.0125 0.01171875
0 0.5421875 0.56328125 0.00546875 0.0078125
0 0.559375 0.57265625 0.00546875 0.00625
0 0.52578125 0.54296875 0.0046875 0.00625
0 0.54296875 0.5046875 0.00625 0.00859375
0 0.52890625 0.490625 0.0046875 0.00625
0 0.503125 0.4296875 0.00703125 0.009375
0 0.2171875 0.55078125 0.01328125 0.01171875
0 0.17109375 0.5609375 0.01640625 0.009375
0 0.14765625 0.5875 0.02109375 0.01796875
0 0.1375 0.51796875 0.00859375 0.0125
2 0.6078125 0.5421875 0.0828125 0.09375
2 0.46640625 0.428125 0.04609375 0.078125