0 0.41875 0.6453125 0.0125 0.01875
0 0.33359375 0.571875 0.01328125 0.0171875
0 0.3234375 0.4765625 0.015625 0.02421875
0 0.3109375 0.51953125 0.00546875 0.0078125
0 0.29296875 0.3640625 0.00546875 0.0109375
0 0.4734375 0.46015625 0.01015625 0.01796875
0 0.5015625 0.4203125 0.01015625 0.01328125
0 0.5203125 0.5109375 0.01640625 0.02578125
0 0.55390625 0.528125 0.009375 0.01328125
0 0.5890625 0.6609375 0.00859375 0.0125
0 0.63984375 0.646875 0.01171875 0.01484375
0 0.628125 0.615625 0.01015625 0.01640625
0 0.640625 0.58515625 0.00625 0.00859375
0 0.675 0.640625 0.00546875 0.00703125
0 0.7015625 0.66015625 0.0078125 0.01171875
0 0.6875 0.67890625 0.0078125 0.0125
0 0.58203125 0.58046875 0.00546875 0.00859375
0 0.50390625 0.52265625 0.00703125 0.00859375
0 0.36171875 0.43359375 0.02734375 0.046875