0 0.21640625 0.9890625 0.0109375 0.01875
0 0.1921875 0.86171875 0.00703125 0.0109375
0 0.178125 0.91015625 0.0078125 0.01484375
0 0.05390625 0.81796875 0.0109375 0.015625
0 0.5609375 0.80390625 0.0078125 0.0125
0 0.56875 0.66640625 0.00546875 0.01171875
0 0.50703125 0.6796875 0.00625 0.009375
0 0.56015625 0.528125 0.0109375 0.01171875
0 0.5296875 0.60390625 0.0078125 0.009375
0 0.5125 0.528125 0.00859375 0.01171875
0 0.5109375 0.225 0.009375 0.01484375
0 0.496875 0.453125 0.0078125 0.0125
0 0.5015625 0.39375 0.0078125 0.0125
0 0.4 0.3875 0.00625 0.01171875