1 0.5828125 0.58203125 0.090625 0.14296875
1 0.528125 0.678125 0.05390625 0.06171875
1 0.57890625 0.74609375 0.03046875 0.025
1 0.58515625 0.8078125 0.04140625 0.03203125
1 0.61015625 0.83984375 0.0421875 0.02890625
2 0.6453125 0.76640625 0.2203125 0.3640625
0 0.54453125 0.46171875 0.0109375 0.01171875
1 0.81484375 0.33515625 0.08046875 0.03984375
1 0.8375 0.35 0.08359375 0.03671875
1 0.628125 0.31484375 0.06796875 0.04453125
1 0.81953125 0.0984375 0.0875 0.0640625
0 0.70546875 0.209375 0.02421875 0.0125