0 0.285035334619684 0.3359994650687917 0.007921588001272717 0.009647818511654282
0 0.23100126794241174 0.41597963094804075 0.02212953866963625 0.022638891832631992
0 0.15561036927118468 0.45219243865992187 0.034865896005727 0.04338790145127884
0 0.26110639127150287 0.4461656387525891 0.0286340773392725 0.04473214664195542
0 0.32883823659295797 0.5312648358500315 0.033285214672181596 0.041770837748947895
0 0.39301782057609513 0.6531919103521355 0.00793976933481808 0.011210318511654193
0 0.4776655405792768 0.6268079704262692 0.022165901336727245 0.02576389183263199
0 0.5384752239020045 0.7027777041842004 0.026871582670272433 0.02749008293962447
0 0.37987511994750245 0.37329607922660946 0.019022720003181705 0.02409226442797028
0 0.43963138060950263 0.40557037668687157 0.020567038669636162 0.022584328130301045
0 0.506001815284866 0.33921620118897555 0.011082950668363623 0.012881945916315996
0 0.6827428445655956 0.7203868117185963 0.022165901336727245 0.02576389183263199