0 0.6671875 0.42421875 0.00703125 0.0109375
0 0.68671875 0.4375 0.009375 0.01171875
0 0.53203125 0.37421875 0.0109375 0.015625
0 0.56171875 0.3609375 0.0046875 0.00625
0 0.40078125 0.8453125 0.00859375 0.015625
0 0.44296875 0.8390625 0.00859375 0.01171875
0 0.45 0.82421875 0.0125 0.01640625
0 0.46171875 0.809375 0.0125 0.0171875
0 0.34375 0.7984375 0.00625 0.009375
0 0.28984375 0.85625 0.0109375 0.015625
0 0.25390625 0.840625 0.01171875 0.01875
0 0.2578125 0.80703125 0.00546875 0.009375
0 0.278125 0.678125 0.00703125 0.0125
0 0.275 0.709375 0.00625 0.009375
0 0.28984375 0.76796875 0.00625 0.00703125
0 0.36953125 0.73046875 0.00703125 0.01171875
0 0.51953125 0.68046875 0.00703125 0.01015625