0 0.32466589156614384 0.5199241081887844 0.02590075870642732 0.017769381458888844
0 0.4300084888071819 0.5049874795796871 0.012827548620519024 0.006540940729444422
0 0.4101010232942067 0.6615102365135412 0.02918953301668683 0.020967116641249995
0 0.2524489755781988 0.6472327970183678 0.01471759724103805 0.012827308320625086
0 0.29601751187424596 0.7538997178961803 0.019323210085908295 0.011373911094166722
0 0.5036839269576798 0.6476276148382982 0.029189533016686652 0.020967116641249995
0 0.506881927296364 0.4228276365897912 0.016116322930778536 0.009738675911805572
0 0.5912159837187992 0.42164503666604125 0.025818871551297563 0.016206881458888843
0 0.44072133876175335 0.41968575921496487 0.014553822930778537 0.009702308320625085
0 0.45132464608869965 0.3960300536678815 0.014553822930778537 0.009702308320625085
0 0.4685420443251059 0.529060106004583 0.019486984396167806 0.014498911094166723
0 0.32785284656366953 0.42933547577996495 0.02590075870642732 0.017769381458888844
0 0.5850977012679394 0.6426115000969091 0.02433825870642714 0.01773301386770836