1 0.9001913202131092 0.2812687309108673 0.04618525324641069 0.05105466014423614
1 0.8920418551161454 0.34549488507117976 0.038454573863261746 0.05556032218833344
1 0.8380771038983295 0.3053615007624993 0.04157957386326174 0.05563305737069442
1 0.5534368713481996 0.10347757133531203 0.04319662094116268 0.058794424961875036
1 0.5547384983784422 0.2526054023573606 0.06238299756436803 0.08423083605604172
1 0.5953384046296779 0.43205585980430505 0.07296594155801354 0.06417290919430556
1 0.5291952073896214 0.4632707986338884 0.05295345048646727 0.08088763050895835
0 0.5022724228936225 0.5740089300927773 0.004796594155801337 0.006359102773541636
1 0.3300916854755242 0.685004247531458 0.07205800649282175 0.10163654160312507
2 0.3269803222449994 0.6842957327138192 0.04007162094116259 0.05872168977951393
1 0.434690825488115 0.15075457446944407 0.0256545649348082 0.03808188145888893
2 0.8974252357998358 0.6186959957285062 0.03670115909060954 0.04458645459715278
2 0.9107333538983294 0.3036704077726034 0.06539890340856687 0.07805357123840277