1 0.6330446047526355 0.10888048675204151 0.05066584486680377 0.05525112133990877
1 0.7617531724705829 0.4313196554344044 0.07024351581733086 0.07578179734245402
1 0.6719266685162502 0.41153331942231414 0.09058519072219048 0.11506247334499946
1 0.5765040805695287 0.38855834874281464 0.04228034190105419 0.041097714672181596
1 0.3029100020515284 0.803145370703362 0.1502732085166878 0.2000920013526354
1 0.45394987311578633 0.983724303389543 0.030960839923887918 0.03159544533736351
0 0.3810707886291059 0.9774101213796798 0.008194501977166358 0.009465906667727352
1 0.06541007167228015 0.3404437340069997 0.0366670118629981 0.056649989337999786
1 0.22219319573946855 0.9302703973583626 0.02002333992388783 0.031468176002545076
2 0.2149218652071209 0.9434607406906352 0.03188666996194396 0.015988626670908702
2 0.42217329110056384 0.9896015860518613 0.07732650395433271 0.019640885343726922
0 0.8128991087813302 0.9199645321053133 0.013200336958138336 0.01733295066836362
1 0.98322224315428 0.7688940227959485 0.027674013840164234 0.06591590133672706
1 0.9285320845610425 0.8065207447883125 0.016452670950527094 0.020494313335454706
1 0.9385994457394684 0.938606538788949 0.024774506920082474 0.0330852200031817
1 0.9518050998840817 0.8794133521244035 0.027644838935304606 0.026871582670272433
1 0.6331613043720746 0.26505776141785975 0.024583505931498984 0.028397720003181703
1 0.6060058967674203 0.307690156747269 0.01814250494291585 0.023637494668999892
2 0.5662165434976597 0.2127407360757238 0.4043080869953194 0.41700897071927034
1 0.5619229743340185 0.27984642007476934 0.01345500494291585 0.023582950668363623
1 0.514012056349241 0.2730418894016332 0.013327670950527093 0.020457950668363534
1 0.5820590607978653 0.2949174367440873 0.016452670950527094 0.02049431333545444
1 0.9578866621276406 0.7795315307924489 0.02770850593149916 0.02843408267027243
2 0.8628062668802761 0.8743851187141797 0.2652562213682689 0.2512297625716407
1 0.7748526221272031 0.9819024457152932 0.03902800790866543 0.03619510856941375
1 0.9061835351690648 0.967121890117722 0.026655341901054185 0.04091590133672725
1 0.8305786987052179 0.9514054361075406 0.026782675893443297 0.044040901336727244