1 0.6310562432141367 0.6612424794119439 0.17753185775648764 0.08418157095872499
0 0.4450058785602442 0.6207787144358194 0.0356851944820761 0.026200401451278665
0 0.6695798326532586 0.6794642005560034 0.018170145861557074 0.01935020072563951
0 0.6468439382620396 0.48458821017465026 0.014799484396167805 0.01455357332097762
0 0.8264694832645141 0.38752469329960926 0.016116322930778183 0.009920637023308565
0 0.892698670849185 0.4415648633552095 0.027708920171816233 0.02280258293962447
1 0.5470033112836752 0.3268426867610053 0.13927494120271575 0.15770835099579195
1 0.5730678443003618 0.3462821675237116 0.06553646879233561 0.030362111795565028
2 0.5261109571452321 0.3463565785936373 0.041355340343633175 0.04511409255827141
1 0.2344380342598822 0.26183776797134933 0.051473968792335525 0.029871038474587407
1 0.6172770262308235 0.682073334584087 0.013810194482076099 0.025436509618646852
1 0.640550751920564 0.6781298790491241 0.013728307326946165 0.02387400961864685
2 0.6199549689038772 0.6584994253282599 0.06438340456798422 0.03812004809323426