1 0.4573732646479834 0.27004544622644105 0.08971102084968248 0.13218802586424747
1 0.3032347162847008 0.6312593940357276 0.07972826708875883 0.16468227711788863
1 0.2624134879923131 0.666012478754606 0.1293932979675712 0.20827916442319178
1 0.41313123885024294 0.8247700501456492 0.13479620031656908 0.12569398495630538
1 0.8663521448936574 0.45953722591811913 0.039136707838416385 0.057341138558944495
1 0.8995798335317442 0.3906591937856656 0.03082410266556721 0.03992631802583091
0 0.9060200501456492 0.41076710530586347 0.004869356426490867 0.0063863923198681505
0 0.729707602732074 0.4073107993542265 0.006522784639735946 0.009556856426490689
0 0.4830910155059132 0.43244014614729875 0.004914820533113406 0.00794889231986815
0 0.4848544408161647 0.5596247717741194 0.00486935642649069 0.006386392319867973
0 0.733455762207208 0.707728336501245 0.00973871285298138 0.012772784639736124
0 0.6390919967678017 0.7315499328986059 0.008039820533113407 0.008039820533113407
0 0.5655552083671419 0.7102719779631832 0.006522784639736124 0.009556856426490689
0 0.5579666465430101 0.3272237972426554 0.008085284639735946 0.009602320533113407
0 0.5495380325946722 0.2681443139357028 0.0032613923198681503 0.0047784282132453445
0 0.5507224478757937 0.3079198677757688 0.0032159282132454337 0.003215928213245345
0 0.5770576273426803 0.31495947796318324 0.0032159282132454337 0.003215928213245345
0 0.5835707371343833 0.49352474716351313 0.0064318564264908675 0.00643185642649069
0 0.6086162012410059 0.4912348214575502 0.003261392319867973 0.004778428213245434
0 0.5744290693459793 0.432124245909872 0.0032159282132454337 0.0032159282132454337
0 0.5429397254559009 0.5485675998290802 0.0032159282132454337 0.0032159282132454337
0 0.382696210412206 0.4220913310244617 0.00486935642649069 0.0063863923198681505
0 0.3891507988920081 0.414878224597971 0.0032159282132454337 0.0032159282132454337
1 0.31139918659302257 0.2165293043022844 0.03358538981258556 0.027517246239076344
0 0.27376514278208647 0.30270849670129474 0.003261392319868062 0.004778428213245434
0 0.4274571294542513 0.49338365782578125 0.0032159282132454337 0.0032159282132454337
1 0.28827993533938134 0.20627376590162463 0.0479206744523216 0.03730142319868044
2 0.9327751152684864 0.5106845372800326 0.03900031551854823 0.05265363855894432