0 0.35276335484364507 0.5901934025475872 0.019159176959604098 0.014717264427970278
0 0.4330525969260862 0.6740202763240518 0.019204641066226814 0.01627976442797028
0 0.5344559725529068 0.6759423856725462 0.027108069279472246 0.01967758293962447
0 0.4894700814866801 0.6931224511889755 0.009556856426490689 0.006577382213985139
0 0.6547768327403214 0.6982761987419048 0.01268185642649069 0.006686509618646852
0 0.5477325255350431 0.5147047853097264 0.019113712852981378 0.013154764427970278
0 0.5900707897208081 0.4812275971979588 0.014380748746358663 0.01142857332097762
0 0.4928691807870349 0.4690128285936373 0.030233069279472245 0.019786710344286185
0 0.47431540907942243 0.43610112487277297 0.014335284639735945 0.009866073320977619
0 0.3314519591585648 0.41065223548721175 0.012772784639736124 0.009811509618646852
0 0.34556593494366994 0.3547469758685649 0.016034176959604095 0.014608137023308565
0 0.37884143619731114 0.3645113562684515 0.01755121285298138 0.013100200725639421
0 0.41130459521022666 0.3485490503706689 0.009556856426490868 0.006577382213985139
0 0.3513445735026143 0.3170832847615723 0.00643185642649069 0.006468254809323426
0 0.33026519536851123 0.29050342659420425 0.012772784639736124 0.009811509618646852
0 0.3102565722489731 0.30759172287333997 0.012727320533113406 0.008249009618646852
0 0.41805704889200807 0.41153020000784923 0.009556856426490689 0.006577382213985139
0 0.48138611150756266 0.4881447745099533 0.009556856426490689 0.006577382213985139
0 0.5794562354850307 0.6314458520072822 0.052471782132453626 0.03305060217691817