1 0.40837992126876943 0.34857146031305086 0.05465231818121907 0.09028416327441154
1 0.4436919042226409 0.24837338647776122 0.031768197240056396 0.03132524310259503
2 0.380178829141563 0.26497106626051614 0.10037392126547413 0.11609639077317438
2 0.15288389772981908 0.3635225101767653 0.04355117694751698 0.08033595318850324
1 0.008225962664627245 0.6867630156038322 0.01645192532925449 0.03897396879233561
1 0.017977063720287456 0.8893148055179239 0.03595412744057491 0.1744953889641522
2 0.017591280035067387 0.8057619990954888 0.035182560070134775 0.09785100180902226
2 0.721577981742646 0.7840873999338869 0.11328302434972919 0.14018898801421234
1 0.7378280933483177 0.5685885526928489 0.025790932629560004 0.0466226944820761
1 0.636010043427748 0.32025062924167197 0.08335006249917623 0.12457063206674715
2 0.6387492597425279 0.29747154850897733 0.05087275324641087 0.05262038896415202