2 0.64921875 0.52578125 0.03359375 0.0828125
2 0.61015625 0.959375 0.040625 0.0640625
0 0.578125 0.83125 0.02109375 0.03828125
0 0.56875 0.60078125 0.01640625 0.02265625
0 0.60703125 0.4828125 0.0203125 0.03671875
0 0.4859375 0.52265625 0.02578125 0.04453125
0 0.2765625 0.25390625 0.025 0.0375
2 0.24921875 0.16953125 0.0453125 0.053125
2 0.3890625 0.30859375 0.0328125 0.0328125
2 0.740625 0.07265625 0.03828125 0.0296875
0 0.59296875 0.11953125 0.0078125 0.009375
0 0.23828125 0.934375 0.0515625 0.05703125
2 0.81171875 0.8578125 0.02578125 0.13828125