0 0.5833978025199178 0.4699354039226854 0.007994356426490868 0.006340906667727353
0 0.5906791051063425 0.47844733792173083 0.00799435642649069 0.006340906667727353
0 0.6148978551063424 0.4781655272517765 0.00799435642649069 0.006340906667727353
0 0.610696088413295 0.46805473058564007 0.00799435642649069 0.006340906667727353
0 0.6604998601209073 0.43387008724541315 0.011164820533113406 0.00793976933481808
0 0.6409913421742187 0.43487860391473115 0.00799435642649069 0.006340906667727353
0 0.7025031551854848 0.5076252132400043 0.007994356426490868 0.006340906667727353
1 0.4396106986007095 0.4434739959420936 0.22730194906292792 0.1354124306969986
1 0.49041233214508895 0.5241603746021848 0.27039873119538155 0.16715332670272573
0 0.393247827130524 0.5690557986155478 0.011210284639736123 0.00950226933481808
1 0.4404387273679508 0.6599438806095026 0.12070495658477523 0.0685692813494537
0 0.3079946372387961 0.5129972499602291 0.01111935642649069 0.006377269334818081
0 0.3121593000126353 0.4949739559595928 0.01438074874635884 0.011101132001908987
0 0.2676878859851549 0.5244074646324106 0.008039820533113407 0.007903406667727176
0 0.2547045011871342 0.4542222339672287 0.0048238923198680615 0.00474204400063627
2 0.2596193217202476 0.46198018996659246 0.07709134890464338 0.07274770401018138
2 0.4257815308123054 0.5053745592775479 0.07194920783841656 0.05706816000954511
2 0.48231840650563296 0.031118899268003007 0.06680706677218957 0.04138861600890868