2 0.4609375 0.87890625 0.03515625 0.06171875
0 0.4875 0.76328125 0.00859375 0.00703125
0 0.4921875 0.81953125 0.01015625 0.00625
0 0.4515625 0.721875 0.0125 0.0140625
0 0.3828125 0.7859375 0.00859375 0.01015625
0 0.3109375 0.69453125 0.01328125 0.0109375
0 0.28671875 0.67421875 0.0078125 0.00625
0 0.31953125 0.62734375 0.0109375 0.01171875
0 0.3578125 0.54921875 0.0140625 0.0109375
0 0.41953125 0.4671875 0.01015625 0.009375
0 0.2828125 0.46015625 0.00859375 0.00703125
0 0.24765625 0.45859375 0.0109375 0.00859375
0 0.45234375 0.4203125 0.0078125 0.00625
0 0.5 0.3765625 0.00625 0.00625
0 0.47109375 0.365625 0.00703125 0.00703125
0 0.25 0.38515625 0.01640625 0.0109375
0 0.37890625 0.28203125 0.009375 0.0078125
0 0.53046875 0.14453125 0.00859375 0.00625