0 0.4 0.5610449989742359 0.015625 0.02094916996194378
0 0.55546875 0.5164288828528938 0.01875 0.027326503954332716
0 0.56640625 0.615983213879533 0.0140625 0.017760502965749582
0 0.63046875 0.611810367035563 0.0109375 0.016070668973360826
0 0.7328125 0.3427964287848304 0.0109375 0.012945668973360736
0 0.7203125 0.3362745147543855 0.00625 0.006504667984777601
0 0.7578125 0.33005900684572015 0.0078125 0.00969333498097189
0 0.746875 0.37972342581908086 0.00625 0.009629667984777513
0 0.721875 0.3768358477581911 0.00625 0.008067167984777513
0 0.775 0.44498366988758187 0.0109375 0.019195668973360825
0 0.3859375 0.5248992519399852 0.00625 0.009629667984777513
0 0.440625 0.47501465707318163 0.0046875 0.009566000988583312
1 0.5734375 0.38210296239665836 0.0390625 0.08752917490485981