1 0.5551308214342205 0.8316270960773146 0.06303756249917622 0.12102157200827221
1 0.6074723916440344 0.6532935580839961 0.06969666558343128 0.14453179734245403
0 0.6336684732179341 0.5402941187539505 0.0064136412337020944 0.009447725334181811
0 0.6470179070653099 0.5365424100890868 0.0064136412337020944 0.009447725334181811
0 0.6722497321463878 0.5235520614258139 0.0063863676947516265 0.007885225334181812
0 0.6685480336885153 0.5117878580919504 0.009593188311602673 0.012609088001272539
0 0.6221230470811959 0.485461168085587 0.009593188311602673 0.012609088001272717
0 0.6857724898570255 0.4651037620941775 0.009593188311602673 0.012609088001272717
0 0.6023793372592378 0.4078719700827234 0.008003414772652383 0.011028406667727354
0 0.6121673944834083 0.4290838987507689 0.0031795470779005797 0.0031613626670909055
0 0.5562037666423867 0.41202312074313285 0.006522735389503253 0.01569772533418181
0 0.532314478899977 0.5719339227402693 0.0031795470779005797 0.0031613626670909055
1 0.4806952520318902 0.39551632606617876 0.10257162094116268 0.0589942866804539
1 0.6239794220795483 0.24480889608526885 0.0475295649348082 0.03804544000636341
0 0.5704356363657334 0.3129498214114964 0.003234094155801337 0.006286362667090905
0 0.5350845174531657 0.2789379007399512 0.0032068206168510472 0.004723862667090906
0 0.5976663380700167 0.274977654081769 0.0032068206168510472 0.004723862667090906
0 0.6435458538983292 0.33255434408813234 0.009593188311602673 0.012609088001272717
0 0.6259765243530244 0.3542293494191324 0.009593188311602673 0.012609088001272717
0 0.6307964379078609 0.30193105275299603 0.0031795470779005797 0.0031613626670909055
0 0.6129095085247119 0.29703446741722345 0.0031795470779005797 0.0031613626670909055
0 0.5814061383943283 0.2216526594127691 0.004796594155801514 0.006304544000636269
0 0.6346265957806544 0.2168020747533142 0.004796594155801337 0.006304544000636359
0 0.5818249241081432 0.15289356874599633 0.0032068206168510472 0.004723862667090906
0 0.5566010073068959 0.2549645987428147 0.0031795470779005797 0.0031613626670909055