1 0.71171875 0.4734375 0.1140625 0.0734375
1 0.37578125 0.3578125 0.146875 0.06171875
1 0.34375 0.32265625 0.1828125 0.10390625
1 0.20078125 0.47421875 0.10625 0.11484375
1 0.54609375 0.8640625 0.05078125 0.03125
1 0.61015625 0.88984375 0.034375 0.025
0 0.5921875 0.89765625 0.00625 0.0046875
0 0.59140625 0.734375 0.0078125 0.00625
0 0.5640625 0.50859375 0.00703125 0.0046875
0 0.4453125 0.5203125 0.0046875 0.00390625
0 0.31484375 0.76015625 0.0109375 0.0078125
0 0.290625 0.675 0.00703125 0.00703125
0 0.309375 0.60625 0.0078125 0.00546875
0 0.6609375 0.56953125 0.0078125 0.00703125
0 0.715625 0.55703125 0.00390625 0.00390625
0 0.6796875 0.56171875 0.00390625 0.003125
0 0.67421875 0.5875 0.003125 0.003125
0 0.509375 0.60625 0.00625 0.0046875
0 0.51171875 0.62890625 0.00390625 0.003125
0 0.565625 0.59296875 0.003125 0.003125
0 0.45703125 0.57265625 0.00390625 0.003125
0 0.5703125 0.415625 0.0046875 0.0046875
0 0.5765625 0.42109375 0.00390625 0.003125
1 0.7578125 0.334375 0.0234375 0.02734375
0 0.678125 0.30546875 0.00390625 0.00390625
0 0.50546875 0.4625 0.00390625 0.003125
1 0.7671875 0.3125 0.0328125 0.0421875
2 0.50078125 0.9296875 0.0453125 0.03203125