1 0.4265625 0.53515625 0.15703125 0.10546875
1 0.43984375 0.43203125 0.046875 0.02578125
1 0.38046875 0.74140625 0.08203125 0.046875
1 0.4859375 0.6890625 0.025 0.0234375
1 0.37890625 0.86328125 0.22421875 0.1859375
1 0.51015625 0.78671875 0.0375 0.07109375
1 0.565625 0.78828125 0.0328125 0.02265625
1 0.70859375 0.78046875 0.21171875 0.125
1 0.72734375 0.8921875 0.18203125 0.1671875
1 0.64296875 0.95625 0.15078125 0.08671875
0 0.559375 0.51015625 0.00625 0.0046875
0 0.58828125 0.75625 0.00703125 0.0046875
2 0.32578125 0.86953125 0.0515625 0.05546875
1 0.43125 0.92734375 0.1890625 0.14453125
1 0.5421875 0.9921875 0.046875 0.015625
2 0.40390625 0.46171875 0.0375 0.0578125