0 0.4959528521079516 0.20033059783503937 0.011301175911805572 0.016262036831702888
0 0.45609157152274327 0.23550923463850748 0.014535278685347208 0.02113154735504663
0 0.5507877821038198 0.3043131715690325 0.014462543502986236 0.018006547355046632
0 0.10465962414378509 0.4296504316688531 0.020858013867708358 0.024620568401734034
0 0.3036634346486116 0.576868523959872 0.011228440729444423 0.013137036831702887
0 0.2893450550895838 0.49947156605324683 0.008030705547083272 0.00983002630835923
0 0.34997343056454905 0.4826411108480446 0.011228440729444423 0.013137036831702887
0 0.3350218842117713 0.5460966660955991 0.011228440729444423 0.013137036831702887
0 0.30253669253239635 0.562070276590708 0.006431837955902786 0.008176521046687313
0 0.35315363516170184 0.5184421029555368 0.0063954703647222996 0.006614021046687313
0 0.3852037221676741 0.5509969977220999 0.0048329703647223 0.0065230157850155734
2 0.34495992866468794 0.5361301318947321 0.12322190729444457 0.13200740514873247