0 0.5787502779123657 0.7162268415851472 0.01991439371369381 0.026092063140062294
0 0.5526350800220614 0.6071857705525773 0.008394696856846906 0.012955026308359407
0 0.7159891046291673 0.6182583203972855 0.021695217535011226 0.030870568401734032
0 0.7166355756788352 0.7826925467197621 0.013227746071058633 0.016353042093374803
0 0.8217190279123656 0.7303781597751197 0.013446069892376044 0.021040542093374803
0 0.691982216292157 0.5210270046263873 0.02162244292790554 0.029308068401734035
0 0.4611517473094036 0.5332939732681178 0.010102746071058632 0.016171031570031146
0 0.45157123200792276 0.4446942048522663 0.018351893713693813 0.0260010578783902
0 0.46435383002206143 0.6020439732681178 0.010102746071058632 0.016171031570031146
0 0.43817231968297915 0.5919486364505323 0.010102746071058632 0.016171031570031146
0 0.5748525283266502 0.5656276021084908 0.015008569892376044 0.02113154735504672
0 0.48614540094789477 0.718624528515672 0.019987168320799498 0.027654563140062295
0 0.6802762748119937 0.4369782283180281 0.01991439371369381 0.026092063140062117