1 0.5048086572050334 0.4056466100058508 0.19780221662612102 0.16854460049533806
2 0.36165459660559557 0.16219620884855893 0.05820338544042354 0.06988016046291672
1 0.3626353136245 0.2622689834556648 0.030042024004105095 0.06232021753501123
1 0.19729561817381375 0.4741588997095498 0.029851126463433086 0.029507717535011226
1 0.32151384729296656 0.6143558682780184 0.08154089149054773 0.05378427956950453
1 0.3345860190341354 0.650911952438418 0.025127265027114643 0.02303939371369381
2 0.3175121485226306 0.6305801817602538 0.0675420240041051 0.06406680810555195
2 0.2669530914392341 0.7243451443328663 0.020394313231716588 0.015008569892376044
2 0.1763427687395478 0.4489576925136207 0.03468407220870699 0.05472604135632899
2 0.1913627389799061 0.6880030758882322 0.07244769262201593 0.10178513192686936
2 0.1382831907753042 0.677716239246633 0.020457945745273865 0.025946069892376224
2 0.0930752299047198 0.6576370256405631 0.020394313231716543 0.015008569892376044