1 0.20779265208159345 0.46384991832332323 0.11552318068726608 0.08814541549465282
1 0.1208891163513732 0.5563414244716433 0.11445864767057934 0.06783291549465283
1 0.372533503506503 0.5562424722834617 0.05320024310259504 0.03154998184962743
1 0.2928946703989591 0.40573341217500314 0.13780097241038014 0.12576359016268784
1 0.5653971121675017 0.45498956537301594 0.06338082654882307 0.10658634328594588
1 0.6796067763464244 0.37828668568812895 0.04530585594746519 0.029942030054229286
1 0.5893336584131715 0.296486718963812 0.05311171189493056 0.059665891490547726
1 0.6178238285849881 0.27477080024770534 0.08732293758467122 0.05674087939029935
1 0.4752501469932108 0.3856941438282388 0.10327548620519007 0.06308178298109564
1 0.511836100181714 0.34370663172799043 0.035603307326946165 0.02363748789975162
1 0.542219641000317 0.33059809855050315 0.041771420171816585 0.022111349336070063
1 0.6552961731124926 0.3351633995837754 0.03749335594746519 0.02989657825883114
1 0.34078329375927896 0.3419299874087723 0.0471959045679843 0.0362011204133089
1 0.5477868882867835 0.4033088907049809 0.043170145861557076 0.018995439695149587
1 0.6132038483726918 0.392748640606785 0.06438340456798422 0.03630111436318471
2 0.5990118735874624 0.36531398701598883 0.18294969810012063 0.12290221057599675
2 0.2811150446637901 0.3173567134046672 0.13541295680654794 0.13980790944452864
1 0.4087896653105765 0.3266958728491958 0.05155585594746537 0.029978391490547728
0 0.7658320448909327 0.7460877849260031 0.016361984396167806 0.014153403590796287
1 0.5040855551792397 0.25300890885535343 0.07252345318850324 0.04259656615858276