2 0.428125 0.367749580505552 0.1 0.07711577792830412
0 0.421875 0.343203281885033 0.0078125 0.01134693577564878
0 0.40390625 0.21413657960104082 0.0109375 0.014635710085908294
1 0.2859375 0.5384228493887446 0.0359375 0.08000840456798422
0 0.50859375 0.41415426899473423 0.0125 0.01471759724103805
0 0.1265625 0.5402266095655099 0.0109375 0.013073210085908293
0 0.13984375 0.5948289003841127 0.009375 0.009866322930778538
0 0.0984375 0.6239088907731744 0.009375 0.011428822930778538
0 0.08125 0.5722268820667471 0.0078125 0.011346935775648603
0 0.07109375 0.5787258655584038 0.0078125 0.01134693577564878
0 0.03203125 0.4157411866801599 0.0078125 0.01134693577564878