2 0.18042986477558592 0.808995568401734 0.2652828387173613 0.38200886319653193
0 0.23125602076699536 0.7520307497882385 0.012718176002545257 0.019478042093374802
0 0.4573458060948138 0.7246015127306566 0.009520450668363623 0.013046031570031147
0 0.5223361014480856 0.8751622258283664 0.011155676002545434 0.019387036831702887
0 0.45915484878258556 0.8800702627306567 0.022165901336727068 0.026274073663405773
0 0.404775884110404 0.8363055812029778 0.020585220003181703 0.024620568401734034
0 0.4406122920909958 0.6955209574831022 0.007957950668363623 0.01295502630835923
2 0.5265754220639516 0.5014440047675617 0.07151246801399935 0.10722023677523325
2 0.5787459020528157 0.42250693366440456 0.0508363413430903 0.07478716837349922
0 0.5572976160486796 0.3908096126318346 0.01911362667090888 0.0323420631400622
0 0.6311152820257716 0.22647336782291924 0.009629538669636162 0.02242103157003115
0 0.47938860268140837 0.13644136007158583 0.009629538669636162 0.022421031570031058
0 0.533894289345954 0.12400154423010053 0.007957950668363623 0.01295502630835923
0 0.9037764581078587 0.8466317623071337 0.009538632001908808 0.014608531570031147
0 0.6626332901018135 0.7880857020096689 0.022238626670908878 0.03252407366340595