0 0.5038917321683218 0.49796634028083664 0.008130834980972067 0.008085318511654194
0 0.4941095083657759 0.37322923510869355 0.003316000988583312 0.004796627404661713
0 0.46715573612265454 0.4779068114248962 0.006504667984777513 0.006468254809323426
0 0.39602619954507706 0.649107199629331 0.004942167984777512 0.006413691106992659
0 0.3609309579480341 0.6079812026245559 0.004878500988583135 0.004851191106992658
0 0.40512396832815745 0.5602356725874891 0.0032523339923887563 0.003234127404661713
0 0.3617042321683218 0.4930010433687288 0.003316000988583134 0.004796627404661713
0 0.3555974480993833 0.25886165634542024 0.008194501977166268 0.009647818511654194
0 0.2995743052862957 0.5393378408289908 0.008194501977166358 0.009647818511654194
0 0.3054223986702246 0.49181800008481796 0.008194501977166358 0.009647818511654194
0 0.3306943127006695 0.505218301173277 0.008130834980971979 0.008085318511654194
0 0.5846722054765762 0.6275298439090338 0.00994800296574958 0.014389882213985138
0 0.5976098986702245 0.5020214124206881 0.014762836958138337 0.01767857332097762
0 0.5858155528148378 0.561069030206703 0.023021005931498983 0.02888889183263199
2 0.761689644715892 0.5265278830165934 0.4477158942959624 0.3042857729503087
2 0.12291896338524151 0.573851706167935 0.2422590731551549 0.3548413005403049