1 0.5578125 0.6251992847367911 0.03125 0.07958049214211727
1 0.55234375 0.7108820736119206 0.0265625 0.019987168320799498
1 0.54609375 0.6816847251834972 0.0140625 0.022529971463952768
1 0.59375 0.6542168507002257 0.021875 0.04945634449948209
2 0.56875 0.6827399569865321 0.046875 0.07405823821317573
1 0.42109375 0.5953940066150286 0.078125 0.08020123035529281
1 0.4515625 0.4725943614535928 0.0609375 0.12471320967712848
1 0.32578125 0.5534547555815713 0.071875 0.018972631926869356
1 0.29296875 0.6019264888323482 0.028125 0.06224744292790554
1 0.32421875 0.44791323097446545 0.0234375 0.04015411910658777
1 0.3453125 0.40202068817039455 0.0234375 0.046404119106587774
1 0.3578125 0.3346341350272414 0.0296875 0.04982021753501131
1 0.446875 0.17628228763227521 0.0328125 0.05309076674922304
1 0.421875 0.33214914391858147 0.11875 0.21959337014004526
0 0.4171875 0.32021207009726393 0.003125 0.006395549214211727
0 0.5140625 0.30128659573782707 0.00625 0.006541098428423453
0 0.51640625 0.32248950764848583 0.00625 0.006541098428423453
2 0.35625 0.4822176104201355 0.08125 0.14284677956950453
2 0.49921875 0.20762648697032143 0.1 0.12497007485477489
0 0.5875 0.27267575227180235 0.00625 0.006541098428423453
0 0.73984375 0.4477400264646235 0.009375 0.01293664764263518
0 0.8203125 0.8522691687305752 0.0078125 0.011301373035529139