1 0.4222334418800842 0.5849313482235357 0.13761726594251655 0.2168322431755744
0 0.3896886940277908 0.8605520864367115 0.008385710085908294 0.011301373035529139
0 0.3978243413596858 0.7019754530620999 0.006577548620519025 0.006541098428423453
0 0.39504350011154166 0.6339703157585469 0.005015048620519024 0.00646832382131759
0 0.5529777515818797 0.4496209327982202 0.006495661465389269 0.004978598428423453
1 0.6324948332190855 0.47254470244292734 0.05089411465389269 0.04913101282028158
0 0.5424518458822416 0.8166286503332316 0.008140048620519025 0.006613873035529139
0 0.5553236601065928 0.8081975661728318 0.005015048620519024 0.006468323821317767
0 0.5325855229514631 0.8076902979758668 0.005015048620519024 0.006468323821317767
0 0.2808238698538169 0.6063975874701686 0.006577548620519025 0.006541098428423453
0 0.26747842209238054 0.710395882755439 0.014881371551297562 0.016279971463952592
0 0.2408970691971329 0.9802567725401913 0.008385710085908294 0.011301373035529139
0 0.41641496833805025 0.8624399181159118 0.0034525486205190248 0.006395549214211727
0 0.40658626695856925 0.8691629530620999 0.006577548620519025 0.006541098428423453
0 0.4724735385552954 0.7963932330458892 0.0034525486205190248 0.006395549214211727
0 0.48091123755992715 0.9424505957423364 0.005015048620519024 0.006468323821317767