2 0.7 0.6796875 0.6 0.2
0 0.18125 0.82109375 0.0125 0.0109375
0 0.2078125 0.81796875 0.00625 0.009375
0 0.19765625 0.78359375 0.00546875 0.00625
0 0.19140625 0.778125 0.00625 0.0078125
0 0.16328125 0.81171875 0.00390625 0.0046875
0 0.18203125 0.79609375 0.00390625 0.00546875
0 0.2828125 0.77265625 0.02421875 0.02578125
0 0.27734375 0.790625 0.0046875 0.00703125
0 0.25625 0.7421875 0.00546875 0.0078125
0 0.225 0.73828125 0.003125 0.00390625
0 0.2546875 0.6890625 0.015625 0.01875
0 0.3125 0.66875 0.0109375 0.01640625
0 0.34609375 0.684375 0.00625 0.00859375
0 0.41484375 0.68828125 0.00859375 0.0125
0 0.5890625 0.71953125 0.0078125 0.00859375
0 0.56640625 0.5328125 0.01171875 0.01484375
0 0.5359375 0.50546875 0.00703125 0.01015625
0 0.6609375 0.61015625 0.00859375 0.009375
0 0.7640625 0.50859375 0.0046875 0.00703125
0 0.88046875 0.64375 0.00859375 0.01171875
0 0.84921875 0.5640625 0.02734375 0.04453125
0 0.971875 0.621875 0.0171875 0.0234375
0 0.3828125 0.7265625 0.00546875 0.00859375