0 0.5095638140172835 0.5225843943645208 0.0031431807181593998 0.0032341274046615355
0 0.47353541042648734 0.5369544292109111 0.0031613614363184437 0.006359127404661713
1 0.6069206030485033 0.44315484390903376 0.10866699375348396 0.150639895460829
1 0.6499858435805335 0.15944453202080147 0.023546584308955332 0.019568455534962847
1 0.7140528887600732 0.16090039381636653 0.0706670240041051 0.06339286660488855
1 0.8326034217411689 0.06501995334234616 0.08479315651766228 0.0748214399258662
1 0.8919966024593279 0.06396837403091868 0.1097567950813442 0.06944445916315992
1 0.868867653787188 0.14442720034712125 0.01895907825883114 0.03659226442797028
1 0.9053596656910446 0.05036966550073095 0.03615566861791066 0.038754965153609676
1 0.9299733254301608 0.11764893473802465 0.05528746369925486 0.10503472958157997
1 0.8450438135263042 0.21001499481215843 0.02363748789975162 0.03519345553496285
1 0.9152381388582691 0.23278286141704693 0.0959306444174139 0.10957838584218224
2 0.9434040454741275 0.22673375805900237 0.04722952400410492 0.0625744110699257
1 0.8446625393258074 0.14123771296099302 0.012690897540672097 0.03324900961864685
0 0.6917420724050988 0.10073422013256912 0.0031522710772389217 0.004796627404661713
0 0.41507801581268156 0.5114707903735038 0.0031613614363184437 0.006359127404661713
0 0.46720307631392366 0.685200956252753 0.0031522710772389217 0.004796627404661713
0 0.5042258324622437 0.7685417351086936 0.0031613614363184437 0.006359127404661713
0 0.7897331030485033 0.4495387970817439 0.006295451795397966 0.008030754809323425
1 0.8029966932111912 0.31872530670039073 0.03617384933607006 0.0418799651536097
1 0.9859354164766115 0.5720388235754317 0.02198408430895533 0.01951389183263199
1 0.5168116699926528 0.8885367765785059 0.0626908975406721 0.03499504809323426
1 0.35532524503003027 0.7086434015360968 0.07741699375348406 0.14954862141421188
0 0.28887003981678666 0.4461136304847046 0.0031522710772389217 0.004796627404661713
1 0.15601767496262262 0.179702402084251 0.06369992739850953 0.20843254809323422
1 0.12433588290634079 0.2528298780376339 0.052698794884952216 0.19711310217691827
1 0.8607591962362532 0.32933791368663246 0.03144998789975162 0.03546627404661713