1 0.49099444371915857 0.46721981079163905 0.09198892319868043 0.051095927212139715
1 0.5469572872135255 0.5065948339510028 0.045295779625171305 0.055162688998963996
1 0.5269055484962967 0.6042318132728384 0.04599446159934022 0.025547963606069857
1 0.5058716344688163 0.5743067187733564 0.028699313011265916 0.0746746683207995
1 0.45508202428140176 0.5453426567388631 0.020903533386094963 0.021258569892376046
1 0.40043998838802447 0.541233045490158 0.0412614974927175 0.023767139784752443
1 0.3953947872135256 0.49953569706173456 0.030096676959604097 0.015445217535011223
1 0.3933609257724699 0.46189014784752286 0.12125052586424748 0.09146837014004525
1 0.307270313077773 0.4093772698495949 0.033221676959604096 0.01559076674922295
2 0.3278101336108864 0.4025108397419711 0.05586956677218975 0.043172111248705035
2 0.4780110589211379 0.537022888541898 0.08017088479802066 0.0739512303552928
2 0.621060028438037 0.4333799658778723 0.036801318025830906 0.03136131596343468
1 0.5922674387045936 0.42812738564641395 0.03777278463973612 0.011121590570540718