2 0.4892853635205074 0.6662623236081471 0.09273546360606985 0.050061954997525505
2 0.04887222518349717 0.5473220573269464 0.04913101282028158 0.05089411465389269
0 0.1745978172017798 0.5359861668924563 0.04498716832079959 0.028855340343633174
0 0.41773138709415586 0.5689911759375678 0.025946069892376043 0.0216226944820761
0 0.5382836356464139 0.630642406149864 0.0434246683207995 0.028773453188503238
0 0.506316544042416 0.49647876809022307 0.051601041356328814 0.03699538896415202
0 0.8055780277074778 0.3290167876507842 0.04520549214211726 0.033542840343632994
2 0.8969286197257602 0.31587937980343955 0.063411836641599 0.056318599050060314
2 0.7396148875084407 0.43544717209238043 0.0408818651776464 0.041109678878243724
2 0.9597349123204342 0.8444481151041184 0.03797518899896417 0.04563340456798422
0 0.921770377788531 0.6819138155790883 0.011446922249740865 0.011510710085908293
0 0.09257925992479746 0.16383784995457146 0.06846320967712845 0.06437676051544958
2 0.12802899399963477 0.7743625921526553 0.15054796360606987 0.05309177973732648