1 0.41484375 0.434375 0.13203125 0.21328125
1 0.63828125 0.6859375 0.12109375 0.0328125
0 0.69453125 0.73828125 0.0078125 0.00625
0 0.68671875 0.7671875 0.00703125 0.0046875
0 0.69921875 0.646875 0.00703125 0.00859375
0 0.65859375 0.50546875 0.0125 0.01171875
0 0.690625 0.5 0.0109375 0.01171875
0 0.6421875 0.4703125 0.00703125 0.00703125
0 0.26875 0.51484375 0.0109375 0.00859375
0 0.27890625 0.54296875 0.0203125 0.0203125
0 0.26328125 0.35625 0.01015625 0.00859375
0 0.14921875 0.23515625 0.01171875 0.009375
0 0.10703125 0.25546875 0.01171875 0.0078125
0 0.06796875 0.26171875 0.00859375 0.00625
0 0.2609375 0.2890625 0.0140625 0.0109375
0 0.4765625 0.68203125 0.009375 0.0109375