1 0.407455446085952 0.6564648919478205 0.06631945916315996 0.11010225334181775
1 0.42607398211346864 0.5405762626114117 0.04384425843752062 0.09266021467218159
1 0.3962054328391081 0.5581182986155478 0.06308533175849824 0.10694089067472685
1 0.6475571125133552 0.5043916725811858 0.029017866604888455 0.07062158267027244
1 0.6682118636944816 0.4244314525780041 0.08123513103285873 0.08997156667727228
1 0.7300025355641806 0.40339169923618623 0.03343254809323426 0.06286362667090888
0 0.7294469748570745 0.36510135856941356 0.016170637023308565 0.015806813335454438
0 0.6915005415546303 0.33037236990773156 0.01622520072563951 0.01736931333545444
0 0.6605208708660578 0.2713337245783222 0.01622520072563951 0.01736931333545444
1 0.6093080565307547 0.1476604145846856 0.07616568511654283 0.07897952267663592
2 0.7330580697775987 0.2446979519016863 0.22045143157316377 0.3196237986950896
1 0.9186558077966991 0.38947300787718747 0.08290675843752063 0.09311474801081773
1 0.9127456028947083 0.4888008458784602 0.05899803248413775 0.12407384667409058
2 0.923030827666965 0.5371383485439603 0.11590279691210803 0.14347837468172653
0 0.9639261569783925 0.47726336187146046 0.008194445916316084 0.011028406667727175
0 0.9538046233131284 0.43361335920596045 0.011319445916316085 0.011064769334818082
0 0.9378795229503087 0.42520142254141485 0.008194445916316084 0.011028406667727175