1 0.16484375 0.54609375 0.078125 0.04765625
1 0.18984375 0.5984375 0.06875 0.02734375
2 0.14296875 0.57890625 0.06015625 0.05546875
2 0.26015625 0.7515625 0.0546875 0.03828125
1 0.2828125 0.74453125 0.1859375 0.08984375
2 0.37109375 0.72421875 0.08046875 0.0359375
1 0.46171875 0.7734375 0.0328125 0.10390625
2 0.4109375 0.896875 0.19140625 0.20625
2 0.6984375 0.60625 0.0578125 0.0359375
1 0.6390625 0.38515625 0.0046875 0.003125
1 0.67890625 0.4046875 0.06953125 0.03515625
1 0.7546875 0.37734375 0.028125 0.02578125
2 0.753125 0.425 0.0875 0.078125
2 0.69921875 0.2265625 0.0390625 0.0390625
1 0.675 0.22734375 0.09765625 0.0546875
2 0.31640625 0.1703125 0.09375 0.07265625