0 0.57890625 0.4290028982864179 0.0171875 0.02560020072563951
0 0.63203125 0.3326164824071688 0.0203125 0.03195932813030113
0 0.58046875 0.3312920845840871 0.0125 0.019186509618646853
0 0.684375 0.35969484837908516 0.01875 0.030342264427970278
0 0.4859375 0.23381193857510385 0.0171875 0.02247520072563942
0 0.5125 0.2711656056354793 0.0078125 0.011210318511654282
0 0.459375 0.35739577151472834 0.009375 0.011264882213985139
0 0.4140625 0.4386656188823232 0.0140625 0.02080357332097762
0 0.43671875 0.5058431951985258 0.009375 0.014389882213985138
0 0.56328125 0.47095478530972645 0.0078125 0.011210318511654193
0 0.5203125 0.45995528712382505 0.034375 0.04651290145127866
0 0.4875 0.41578862487277296 0.01875 0.025654764427970277