1 0.5796875 0.56015625 0.071875 0.025
1 0.659375 0.5515625 0.01640625 0.02265625
1 0.6328125 0.54609375 0.0203125 0.01171875
1 0.60703125 0.59296875 0.04375 0.01796875
2 0.6328125 0.5671875 0.06640625 0.0421875
1 0.55078125 0.43359375 0.06875 0.06953125
1 0.43671875 0.46796875 0.1109375 0.0515625
1 0.5109375 0.346875 0.0125 0.0671875
1 0.55625 0.3125 0.05625 0.02265625
1 0.41171875 0.35 0.034375 0.02109375
1 0.3703125 0.37265625 0.040625 0.021875
1 0.30703125 0.38671875 0.04296875 0.025
1 0.159375 0.478125 0.04609375 0.02734375
1 0.3046875 0.44765625 0.196875 0.10078125
0 0.29375 0.44375 0.0046875 0.00390625
0 0.27578125 0.53515625 0.0046875 0.00546875
0 0.29609375 0.5359375 0.00625 0.0046875
2 0.44453125 0.378125 0.128125 0.07109375
2 0.1875 0.52578125 0.1078125 0.0875
0 0.24921875 0.60625 0.00546875 0.0046875
0 0.4140625 0.73984375 0.01171875 0.009375
0 0.79375 0.7953125 0.01015625 0.00703125