0 0.40703125 0.30859375 0.01171875 0.0203125
0 0.58046875 0.34453125 0.009375 0.0171875
0 0.53515625 0.4484375 0.00859375 0.0109375
0 0.5140625 0.42578125 0.00703125 0.009375
0 0.51328125 0.67734375 0.0078125 0.01328125
0 0.53515625 0.70390625 0.01015625 0.01484375
0 0.521875 0.76953125 0.0078125 0.0140625
0 0.22109375 0.07421875 0.015625 0.0203125
0 0.5140625 0.59921875 0.00625 0.00859375
0 0.521875 0.54609375 0.0078125 0.009375
0 0.6 0.6125 0.0046875 0.009375
0 0.60234375 0.62109375 0.0046875 0.01015625