0 0.32896636678482494 0.5445308445595431 0.009556856426490689 0.0064136412337020944
0 0.49852034883813634 0.548271273535655 0.012772784639736124 0.009593188311602673
0 0.622923303773559 0.4762616801906326 0.012772784639736124 0.009593188311602673
0 0.2142757294795219 0.4941160129856435 0.031795569279472156 0.01929547077900686
0 0.21472201035833427 0.5362898762161683 0.009556856426490689 0.0064136412337020944
0 0.25896375534376936 0.5807898985373028 0.01268185642649069 0.006468188311602674
0 0.4803647645814763 0.19266615584090335 0.015897784639735946 0.00964773538950343
0 0.660384885193732 0.23407022605071726 0.01755121285298138 0.012800008928453722
0 0.6482569582341279 0.21980317450858972 0.007994356426490868 0.006386367694751716
0 0.5730607299417403 0.18491393140844858 0.009556856426490689 0.00641364123370205
0 0.6150078522033485 0.3652423595737816 0.017505748746358664 0.01123750892845372
0 0.694774257059629 0.2620003571381496 0.020721676959604095 0.01441705600635439
0 0.7045895262599589 0.2504588851413268 0.00794889231986815 0.004823867694751715
0 0.7198939290046682 0.3202219602224047 0.009556856426490689 0.0064136412337020944
0 0.7341322737526764 0.27283844561190806 0.022420569279472245 0.01913182954530477
0 0.7671182699917527 0.30621005316039007 0.012681856426490867 0.006468188311602674
0 0.6951045291629527 0.38069581006024894 0.014335284639736124 0.009620461850553052
0 0.7668742290838104 0.3514952796214397 0.006386392319867973 0.004796594155801337
0 0.10970188974607857 0.4961949358759707 0.015897784639736078 0.009647735389503254
0 0.6939742189881736 0.9054094379012703 0.014335284639736124 0.009620461850553142
0 0.685649590458359 0.7803276172844192 0.016079641066226814 0.015897735389503252
0 0.6766777557394807 0.7403474995896676 0.016034176959604095 0.014335235389503431
0 0.672180472353386 0.7199668157422918 0.012954641066226813 0.015843188311602675
0 0.7724676288590189 0.7584174354656383 0.009556856426490689 0.0064136412337020944
0 0.7892603237653117 0.771985057624617 0.00799435642649069 0.0063863676947516265
0 0.6957854569139796 0.699295805596022 0.009647784639736123 0.009538641233702095
0 0.7808758592629775 0.6180106237772411 0.01768760517284953 0.017487508928453722
2 0.6657044664808911 0.9202683200062953 0.21897262351524951 0.15946335998740935
2 0.41355769780928664 0.1508956672049891 0.07103992570596293 0.026227309252765264