1 0.73828125 0.859375 0.040625 0.03515625
1 0.67890625 0.865625 0.046875 0.02734375
1 0.70703125 0.8078125 0.04609375 0.02890625
1 0.840625 0.50390625 0.04765625 0.03046875
1 0.7046875 0.53671875 0.0703125 0.04375
1 0.54921875 0.61171875 0.04765625 0.05859375
1 0.50859375 0.55859375 0.06875 0.0359375
0 0.4046875 0.55625 0.00546875 0.00390625
1 0.27265625 0.421875 0.084375 0.0484375
2 0.2734375 0.41875 0.04921875 0.02578125
1 0.77734375 0.4046875 0.0328125 0.01796875
2 0.43203125 0.928125 0.0359375 0.0265625
2 0.7203125 0.87421875 0.0625 0.0484375