0 0.35541320781510166 0.2572081285963215 0.03212329528527036 0.019659282132453625
0 0.35314438647498336 0.29247803886287815 0.012863873035529317 0.008176212852981379
0 0.2758777191876411 0.3635694403539463 0.01449914764263518 0.009784176959604096
0 0.35538543672265244 0.39098373502281225 0.03234161910658786 0.024346782132453625
1 0.638144432793711 0.3984024637774183 0.11933650496239885 0.08305184389007839
0 0.496907310791639 0.49013062569332766 0.03524829528527036 0.01975021034569906
0 0.732739956986532 0.5482002238065482 0.02565497146395277 0.01478992570596276
0 0.5900837301458959 0.6094596357224574 0.038591619106587774 0.024528638558944493
0 0.5059099373418249 0.6330311795333936 0.03219606989237604 0.021221782132453626
0 0.39075581823523714 0.6129125593168493 0.011374147642635179 0.00969324874635884
1 0.39356410276714043 0.7739864516367174 0.12249573821317572 0.050375736209946356
0 0.4942662317985257 0.9541165693459792 0.014571922249741043 0.011346676959604096
2 0.7903811749358282 0.42526517748832954 0.02892552067816432 0.01800585391920819
2 0.5393130188161376 0.20804789990822242 0.17892982878371627 0.08946697994174029
2 0.7031443864749833 0.2822940789793976 0.04059076674922295 0.033949102665567034