0 0.4847716590503479 0.4166332897208081 0.004942167984777512 0.0063863923198681505
0 0.49511891003893116 0.4116502730277606 0.003316000988583134 0.004778428213245434
0 0.5007295814837498 0.38885763070789253 0.0033796679847775124 0.006340928213245345
0 0.4905096644875554 0.39071564740094 0.004942167984777512 0.006386392319868062
0 0.4723936758562619 0.3374004307870348 0.006568334980971891 0.00799435642649069
0 0.4685046719019292 0.3562413590002802 0.004942167984777512 0.006386392319868062
0 0.5521594303048862 0.31401074340258944 0.004942167984777512 0.006386392319868062
1 0.42102088235860224 0.5449006937191585 0.09571304250907656 0.2041084899708702
1 0.5080407212939069 0.515837667854911 0.12067855041774181 0.2422904515702104
0 0.5210898665412713 0.6169000626820617 0.006632001977166268 0.009556856426490689
1 0.6180112874917986 0.5937915201247668 0.04658052273741298 0.10904003087881228
0 0.4473857696973013 0.6830311795333935 0.005069501977166269 0.00951139231986815
0 0.4321109381763705 0.6748920705996204 0.008258168973360824 0.011164820533113406
0 0.44651167779624723 0.7236334474800822 0.006504667984777513 0.0064318564264908675
0 0.3787975957810248 0.719361136118169 0.0032523339923887563 0.0032159282132454337
2 0.3867055962753164 0.7167900655850555 0.060359179847775654 0.0641821719450391
2 0.47296804292900596 0.5722611640939874 0.04616934585538672 0.06064799498543501
2 0.05747433000087504 0.4087779549354226 0.02898184585538688 0.060147889812585655