0 0.2501746978835508 0.8472119451336338 0.023619313335454438 0.01658000494291585
0 0.3101127718810055 0.8635107657801498 0.023601132001908987 0.015017504942915849
0 0.3451150278883233 0.8082038418638732 0.028361357336090798 0.021458505931499162
0 0.371950247891505 0.7836840029285684 0.020476132001908988 0.014890170950527092
0 0.38872921522918663 0.7509842494685273 0.023619313335454438 0.01658000494291585
0 0.36691784989659565 0.7464068374152488 0.023655676002545346 0.019705004942915848
0 0.28738926997136494 0.19912727220594037 0.020476132001908988 0.014890170950527092
0 0.46986486795832005 0.28774015015309934 0.028324994668999893 0.018333505931498982
0 0.3658051713080921 0.1709439223962208 0.012627269334818081 0.011446835969555114
0 0.6267153993077739 0.16265528403175744 0.022038632001908986 0.014953837946721471
0 0.6178307479710468 0.18800545251082657 0.009465906667727175 0.008194501977166358
0 0.5414189579090042 0.6479335508376713 0.02676249466899989 0.018269838935304605
0 0.562585433243186 0.6408240463890471 0.029905676002545435 0.01995967292769336