1 0.7390625 0.496875 0.0921875 0.065625
1 0.7984375 0.3984375 0.09609375 0.046875
1 0.57109375 0.43984375 0.04453125 0.021875
1 0.67421875 0.5625 0.10546875 0.09765625
1 0.4171875 0.56328125 0.0375 0.09140625
1 0.32890625 0.65078125 0.03671875 0.021875
1 0.428125 0.709375 0.03671875 0.05
1 0.40625 0.73359375 0.07265625 0.040625
1 0.5125 0.6109375 0.0859375 0.04296875
1 0.48828125 0.6546875 0.028125 0.01796875
1 0.4640625 0.67109375 0.0359375 0.01484375
1 0.36015625 0.6859375 0.03046875 0.0234375
1 0.64375 0.62734375 0.0375 0.02734375
1 0.44375 0.60625 0.03828125 0.0109375
1 0.3859375 0.62734375 0.05546875 0.025
2 0.4046875 0.64921875 0.14921875 0.08828125
2 0.703125 0.63984375 0.10078125 0.11328125
1 0.58515625 0.653125 0.0421875 0.01953125
0 0.175 0.334375 0.0125 0.0109375
1 0.5140625 0.734375 0.059375 0.02890625