0 0.35132695325752816 0.5078125 0.02409226442797028 0.01875
0 0.37401546350914716 0.64296875 0.020912700725639423 0.0171875
0 0.36012657829993716 0.6703125 0.025654764427970277 0.01875
0 0.45625753383490003 0.69375 0.017624009618646852 0.0125
0 0.5117337183184706 0.64921875 0.016006945916316084 0.0109375
0 0.5120983060674187 0.68203125 0.014335318511654194 0.0078125
0 0.5399703349233591 0.71953125 0.025654764427970277 0.01875
0 0.4648041546161398 0.64765625 0.012881945916316084 0.0109375
0 0.5195809346532065 0.60546875 0.014335318511654194 0.0078125
0 0.4945511636018144 0.5375 0.022638891832631992 0.021875
0 0.5858582098809502 0.55703125 0.02716270072563951 0.0171875
0 0.5540625728576416 0.54140625 0.017624009618646852 0.0125
0 0.5752728847458739 0.5 0.025654764427970277 0.01875
0 0.48016377058805604 0.5953125 0.011210318511654193 0.0078125
0 0.4925918487183572 0.615625 0.014389882213985138 0.009375
0 0.4411260632389947 0.52890625 0.020858137023308566 0.015625
0 0.48295889917384416 0.51875 0.02085813702330839 0.015625
0 0.5072644400106843 0.409375 0.024037700725639332 0.0171875
0 0.48238843638248713 0.3234375 0.017733137023308566 0.015625
0 0.43516869600113406 0.3359375 0.012772818511654193 0.0078125
0 0.3928795030800429 0.28828125 0.014444445916316084 0.0109375
0 0.45986610643808756 0.26015625 0.014335318511654194 0.0078125
0 0.5460491430985763 0.2671875 0.03195932813030104 0.0203125
0 0.5184276293035783 0.37109375 0.017733137023308566 0.015625
0 0.48680066178771586 0.49453125 0.011210318511654193 0.0078125
0 0.4780754478152326 0.37890625 0.008030754809323425 0.00625
0 0.5300397742162531 0.68125 0.017514882213985138 0.009375
0 0.5968453282999372 0.6703125 0.006413691106992659 0.0046875
0 0.5935020734906138 0.6640625 0.006413691106992659 0.0046875
0 0.631607219499597 0.56953125 0.01606150961864685 0.0125
0 0.5715055332019278 0.57109375 0.006413691106992659 0.0046875
0 0.5425546431833943 0.5921875 0.012772818511654193 0.0078125