1 0.7200354240586939 0.38942753425764176 0.2197635523343699 0.3136726563212707
1 0.6070726924745455 0.3846178352909141 0.1996638839608707 0.2635726623713949
1 0.5222034107633401 0.2460962116561513 0.11847552616718496 0.1568863251355732
2 0.8222103870152295 0.17718608861056376 0.1091313472703419 0.10372496369925477
0 0.615008476887174 0.596999660622879 0.00826752630835923 0.007857951795397966
0 0.5862079136765247 0.5417172629840111 0.008358531570031146 0.009420451795397966
0 0.5985714057840169 0.5439882901113743 0.008358531570031146 0.009420451795398143
0 0.600300505755782 0.5143007901113743 0.008358531570031146 0.009420451795398143
0 0.5025616847937993 0.6101496212970717 0.008358531570031146 0.009420451795397966
0 0.6345669028708324 0.24778545580241884 0.01175654735504672 0.014126132513557366
0 0.7434483501835267 0.18857810656454463 0.008449536831702886 0.0109829517953981
2 0.6783099266189427 0.3146956998504905 0.07871580517696727 0.09105224687674199
1 0.3441463001976441 0.2057398981298472 0.05015118942018652 0.056522710772388504
0 0.33622113715640395 0.3284006933093869 0.00826752630835923 0.007857951795398143