0 0.5371472425484451 0.44337924486909774 0.008194501977166268 0.009556837955902786
0 0.4769511832706357 0.3278074898351046 0.004942167984777512 0.006359102773541636
0 0.49274332654083397 0.4392177685204518 0.006568334980972068 0.0079579703647223
0 0.49503670251082654 0.6324229078631254 0.004942167984777512 0.006359102773541636
0 0.4444292074537424 0.607785277354167 0.006504667984777513 0.0063954703647222996
0 0.4674157212939069 0.5426330560395143 0.004878500988583135 0.004796602773541636
0 0.3980728136892527 0.498009580640799 0.004878500988583135 0.004796602773541636
0 0.2975793596583703 0.27749509925815996 0.008258168973360736 0.011119337955902786
0 0.35767596536240787 0.5682305084524656 0.008258168973360736 0.011119337955902786
0 0.344024642244434 0.5194293325406599 0.009884335969555203 0.012718205547083273
0 0.3736166417501424 0.5224640667730907 0.008130834980971979 0.007994337955902786
0 0.6672711412558507 0.5316449239150354 0.011574169961943959 0.015879573138263936
0 0.6285190004571105 0.40797038136197966 0.016389003954332716 0.019113675911805572
0 0.6409115711036264 0.468472123478195 0.026209672927693363 0.030269381458888845
2 0.7701135928524563 0.36825653077263953 0.436934903193211 0.3411056172099308
2 0.20243802562880045 0.6740960359035418 0.28878124608284833 0.38292682845659753