0 0.42316723692279207 0.5539123578220811 0.01611607332097762 0.014153403590796287
0 0.4395660524392214 0.5985299662333375 0.014444445916316084 0.01101931323171641
0 0.5221429394625301 0.6146322100850174 0.014389882213985138 0.009456813231716588
0 0.6039708036203478 0.5198151346548567 0.023983137023308565 0.015761355386194255
0 0.5766791281224519 0.4540446889095827 0.030396828130301045 0.020485216822512697
0 0.5121329892850449 0.39508732454639806 0.012881945916316084 0.011010222872636977
0 0.5493006286706061 0.2515827642415477 0.02403770072563951 0.017323855386194253
0 0.5422321731356432 0.22810890280522927 0.006468254809323426 0.006286361436318444
0 0.15437501987026586 0.1485243792921035 0.024037700725639422 0.017323855386194253
0 0.15840775544229563 0.12980165036934235 0.014389882213985138 0.009456813231716543
0 0.8714881419174499 0.35187469749378975 0.02091270072563951 0.01730567466803503
0 0.9481225637871489 0.3320121702682308 0.017569445916316085 0.011037493949875809
0 0.9405035259455337 0.4046093329342133 0.03185020072563951 0.017369307181592398
0 0.8626786263083535 0.4127485649802324 0.012772818511654549 0.007885222872636887
0 0.9217237548941414 0.3365451341638773 0.01455357332097762 0.014144313231716587
0 0.8573636106144388 0.14870879087793148 0.014499009618646853 0.012581813231716588
0 0.811542679126093 0.15625312528508276 0.012827382213985317 0.009447722872636932
0 0.9301438569862416 0.06321217329329293 0.014444445916316084 0.011019313231716565
0 0.8440030042611693 0.21346163728713527 0.008085318511654194 0.007857951795398143
0 0.7978720487262064 0.1897605168738264 0.008085318511654194 0.0078579517953981
0 0.8954886039910168 0.09972184503446171 0.04791171034428636 0.02996021077238853
0 0.779511429126093 0.15606677292395058 0.03653770072563951 0.01739657825883123