0 0.41580937540209406 0.5594769177218971 0.01587046185055314 0.014517141066226813
0 0.43769405803165407 0.6054031831613033 0.012663641233702094 0.00973871285298138
0 0.5261253124958809 0.6165656551854848 0.012636367694751627 0.008176212852981379
0 0.6030815044609316 0.5071428425699301 0.022120461850553143 0.014698997492717502
0 0.5683422658250172 0.44054036427754256 0.03157728246740419 0.019659282132453625
0 0.4939365551922803 0.3829348012662765 0.012663641233702094 0.009738712852981469
0 0.5201018145277712 0.2267446372387961 0.023710235389503252 0.016306961599340218
0 0.5110853246740408 0.20227583465237137 0.007921594155801338 0.006477320533113407
0 0.09479212296975748 0.15190113229073818 0.022147735389503386 0.016261497492717547
0 0.09679495373287822 0.13243807845067218 0.012636367694751693 0.008176212852981469
0 0.870520600241586 0.3056558650689653 0.020585235389503253 0.016216033386094786
0 0.9489222897710047 0.27904555245341073 0.015815914772652206 0.011392141066226814
0 0.9479285799490466 0.3563211062934767 0.03152273538950325 0.016534282132453625
0 0.8654297256469754 0.37188025864247465 0.012636367694751982 0.008176212852981469
0 0.9217012706962813 0.28528118058751384 0.014280688311602674 0.012909176959604095
0 0.8363153754053894 0.09070681498982305 0.01271818831160303 0.012863712852981445
0 0.7881233372559425 0.10335992768451993 0.012636367694751627 0.008176212852981469
0 0.8273864346581548 0.16072379829677563 0.009484094155801159 0.006522784639736079
0 0.7778404021907507 0.1405416789381612 0.009484094155801514 0.006522784639736124
0 0.8721477353895033 0.04099397149545607 0.045667056006354304 0.021630959092057755
0 0.7545977711033183 0.1062886993921323 0.037718188311602674 0.01359113855894436