0 0.46988196856519293 0.45390625 0.00978443577564878 0.0078125
2 0.48075086951513263 0.39296875 0.07597600180902227 0.0484375
2 0.3986344103337355 0.40625 0.06306656603337357 0.040625
2 0.6485414778374471 0.2703125 0.18153768430531086 0.184375
2 0.5260954262762519 0.6171875 0.15004866689245625 0.15
2 0.6136806354576491 0.60390625 0.029517081637205678 0.0265625
2 0.5969557236535756 0.37421875 0.027708920171816587 0.021875
0 0.3556047845985665 0.49453125 0.008221935775648781 0.0078125
0 0.4190907524863908 0.4984375 0.006495661465389091 0.0046875
0 0.38578692955561233 0.4890625 0.0048512743102595126 0.003125
0 0.4581532524863908 0.4984375 0.006495661465389091 0.0046875