0 0.4966707060452298 0.16964031117044215 0.03695617193911023 0.0262549651536097
0 0.6592953814443812 0.20542649983036396 0.027517504942915848 0.024365082939624562
0 0.6029180474519924 0.20426579311427479 0.033767504942915846 0.024583337748947987
0 0.46090430239490826 0.2326958718775481 0.03064250494291585 0.024474210344286273
0 0.4105249590109793 0.18673109664980464 0.027517504942915848 0.024365082939624562
0 0.4385438241437381 0.33674845481717264 0.014635502965749581 0.014553573320977708
0 0.5284711457788372 0.27806044637965216 0.016070668973360826 0.011483137023308564
0 0.5295534847141419 0.30462294637965215 0.012945668973360825 0.011374009618646852
0 0.5496723251323212 0.3375619319516819 0.009693334980972069 0.00813988221398514
0 0.5711480771094877 0.34620032197021533 0.011255834980972068 0.008194445916315995
0 0.582869485702725 0.30745528050040305 0.011319501977166269 0.009756945916315906
0 0.6742147272997681 0.2643649902117171 0.017760502965749582 0.014662700725639332
0 0.6933958088206988 0.25508919393258145 0.012882001977166269 0.009811509618646852
0 0.6147097347141418 0.3016492246026205 0.016070668973360826 0.011483137023308564
0 0.5916714827369756 0.2930653982864179 0.008067167984777513 0.006522818511654283
0 0.7184594758168933 0.25577867469528776 0.011383168973360825 0.011319445916315996
0 0.6906647396570577 0.3224676668907394 0.019195668973360825 0.011592264427970279
0 0.7496577376798914 0.3110192462021669 0.011255834980972068 0.008194445916315995
0 0.5668744125847512 0.35652026307720786 0.009693334980972069 0.00813988221398514
0 0.577794666539084 0.3749155990120573 0.011383168973360825 0.011319445916315906
0 0.6311915805695287 0.3605331512816428 0.011255834980972068 0.008194445916315995
0 0.6472330746380297 0.3318079505560034 0.012818334980972068 0.008249009618646852
0 0.6160440830409867 0.3727975383049514 0.012945668973360825 0.011374009618646852
0 0.6671582554743886 0.39839524983036395 0.006377333992388756 0.003343254809323426
0 0.7084716635733344 0.35626974801626543 0.008067167984777513 0.006522818511654283
0 0.6157522643716371 0.442437915709613 0.011255834980972068 0.008194445916316084
0 0.6919619372993304 0.469506357997732 0.009693334980972069 0.00813988221398514
0 0.7467157628887623 0.43082331471382124 0.012818334980971891 0.008249009618646852
0 0.5908477648659287 0.4456546849469068 0.006377333992388756 0.003343254809323426
0 0.6003500988583175 0.44845230273292164 0.006377333992388756 0.003343254809323426
0 0.5711255138773454 0.44164923122604244 0.009566000988583312 0.005014882213985139