1 0.6151458153730159 0.624691059944529 0.08787270472226431 0.06915879465362344
1 0.7714776286047325 0.6478540861117138 0.06275453005422929 0.047390210466874014
1 0.7253162217924825 0.7677801782615583 0.03293067466803503 0.022223610495108837
1 0.37608786055255566 0.6115485049087359 0.09250566256778665 0.060056810438639016
1 0.4092634540348933 0.5416301180346808 0.07073974687674198 0.07753273677523324
0 0.24574183040013056 0.6250433155591366 0.006277271077238922 0.005051521046687313
1 0.12884574277152544 0.802547418302912 0.1097386143631847 0.06887036831702957
2 0.13276562831014485 0.8051186814570916 0.06269998789975158 0.03801521046687384
1 0.5577090026322786 0.2831791231551783 0.06273634933607006 0.04426521046687402
1 0.5838306202169171 0.20894496260359968 0.05341589149054791 0.05309417889684287
1 0.5056828943192182 0.20048844952000727 0.04706589754067192 0.035542657850155465
2 0.5532527859079618 0.18842036000099865 0.09576701795398072 0.08367632096198277