0 0.41489391526100333 0.5573384180205633 0.009556813335454351 0.016171031570031146
0 0.4292109539306395 0.53628246537561 0.004778406667727353 0.008085515785015573
0 0.4473251545990031 0.5248290258848363 0.006359088001272717 0.009739021046687312
0 0.469790500596776 0.5425548521790781 0.006359088001272539 0.009739021046687312
0 0.527893901933503 0.5209220468609365 0.01111931333545435 0.016262036831702888
0 0.5408387972629123 0.5506018415851471 0.009484088001272716 0.009921031570031148
0 0.4782927965865946 0.6181008837491092 0.009520450668363623 0.013046031570031147
0 0.5664104145846857 0.6373051810335687 0.009538632001909164 0.014608531570031147
0 0.6079439339195037 0.6287793204678727 0.006377269334818081 0.011301521046687312
0 0.7310114532940928 0.33183497298576903 0.00948408800127254 0.009921031570031148
0 0.7841529926002757 0.5350656597751197 0.011101132001908987 0.014699536831702886