0 0.559375 0.3957014269442217 0.0171875 0.020612508928453722
0 0.4296875 0.7723439732113435 0.0109375 0.014253414772652384
0 0.4125 0.8103252142828896 0.0109375 0.014253414772652207
0 0.4125 0.7572002142828897 0.0109375 0.014253414772652384
1 0.35078125 0.49909165949435136 0.2171875 0.4022285219140972
1 0.4984375 0.5946377589251585 0.2859375 0.5096785576279121
0 0.4578125 0.24861614691244963 0.0109375 0.017378414772652385
0 0.42890625 0.26139283644186834 0.015625 0.023710235389503433
0 0.475 0.17235365584090334 0.0109375 0.012690914772652384
2 0.3734375 0.17370587580913127 0.1015625 0.12052278003177212
1 0.7515625 0.5029623222351136 0.1390625 0.28211484496658024
2 0.45234375 0.4680519395261234 0.096875 0.13294095941492118