1 0.44968748211981835 0.4564045092149649 0.1127848079967011 0.119733231382639
1 0.4555761177757688 0.5491732374634719 0.060284282132453626 0.03263196846486131
1 0.5720709474800822 0.4629246533072912 0.035284282132453625 0.03205008700597212
1 0.6838806256933276 0.4571993705378814 0.07484688730530316 0.05014677678548622
1 0.5584594253767585 0.5819110426499648 0.023892141066226814 0.016170513867708357
0 0.7311671511618637 0.5224600414156939 0.009602320533113407 0.008030705547083272
0 0.808917729612536 0.42618314703902704 0.008039820533113584 0.007994337955902786
0 0.6834319963055833 0.4189544881290619 0.008039820533113407 0.007994337955902786
1 0.5501026707579049 0.38614460097058984 0.016397889812585477 0.026926175911805572
2 0.5438897746771133 0.3581832551309023 0.13705738229073816 0.09531511284152794
1 0.4530889299291051 0.3126726930105551 0.020903533386094963 0.020785278685347207
1 0.5217540133943421 0.2603276365897912 0.04029003087881229 0.04309668977951393
1 0.4623910367513071 0.1539698402370135 0.04056281551854859 0.05247168977951393
1 0.7084453343231669 0.09593456221725635 0.07428459765100204 0.08448540919430562
1 0.18832305093707208 0.1283392862847915 0.04479567445232169 0.03695579255305557
2 0.15476640485628038 0.10101437329076375 0.0515003155185485 0.05272626291777782
2 0.04902825257378947 0.48837086255718737 0.06533549498543507 0.04524107123840295
1 0.17559075257378948 0.48542508767156234 0.028852425705962893 0.025654616641249996
1 0.4415603965430101 0.33323976614881906 0.017733069279472248 0.019150043502986148
1 0.37474496958340603 0.34884788877399275 0.05904003087881247 0.043533100873680654