0 0.475 0.6515625 0.01640625 0.02421875
0 0.490625 0.5484375 0.00703125 0.01171875
0 0.3375 0.55546875 0.0171875 0.028125
0 0.35 0.7109375 0.0109375 0.0140625
0 0.24609375 0.65859375 0.0109375 0.01875
0 0.353125 0.46484375 0.01796875 0.0265625
0 0.571875 0.48046875 0.009375 0.015625
0 0.57421875 0.39765625 0.01328125 0.02421875
0 0.57421875 0.5453125 0.009375 0.0140625
0 0.5984375 0.53671875 0.00859375 0.0140625
0 0.46796875 0.50859375 0.01328125 0.01875
0 0.56328125 0.65546875 0.01640625 0.02578125
0 0.3578125 0.38515625 0.01640625 0.0234375