0 0.2864807802915209 0.9269027664331595 0.013100200725639421 0.0174784407294446
0 0.4789361204027216 0.7957579499444094 0.011374009618646852 0.012754573138263937
0 0.4736384959932847 0.7560051189223607 0.02291171034428636 0.03019664627652787
0 0.43859386259817323 0.8271904411106942 0.011374009618646852 0.012754573138263937
0 0.5153200537051659 0.8300959291428468 0.01153770072563951 0.017442073138263937
0 0.5113964455377978 0.8520800319163886 0.006686509618646852 0.012645470364721944
0 0.551654368588623 0.7510617393633329 0.010029764427970277 0.018968205547083273
0 0.5167585242162531 0.6697760249825343 0.009920637023308565 0.015843205547083274
0 0.5114881816579817 0.6308044439604856 0.006577382213985139 0.0095204703647223
0 0.40720493102500954 0.5104757197960413 0.006686509618646852 0.0126454703647223
0 0.6553696456304651 0.7431745445498258 0.013263891832631991 0.0221659407294446
0 0.6351836312024948 0.7248791394395828 0.006686509618646852 0.0126454703647223
0 0.5819197327464408 0.6549673361529509 0.006795637023308565 0.0157704703647223
0 0.5964708168671917 0.6014604764455551 0.010029764427970277 0.018968205547083273
0 0.6248413535276807 0.607837109804305 0.013263891832631991 0.022165940729444424
0 0.6341121714063627 0.4926842352792703 0.011592264427970279 0.019004573138263935
0 0.7366096888295578 0.47231522426135353 0.0410813569862416 0.05872168977951393
0 0.7463715800292177 0.3712248497363188 0.01844246515360979 0.036337543502986146
0 0.8445213594333122 0.2039626549228118 0.02441964664195524 0.028670513867708358
0 0.9419543762235353 0.06095557770048533 0.018060519237293703 0.025400043502986126
0 0.7675198606144387 0.12600261550388825 0.010029764427970277 0.01896820554708336