2 0.7701772346833173 0.41903284154678105 0.4596455306333652 0.3099008558899333
0 0.5856953360518613 0.40232894726707835 0.022184082670272432 0.02732639183263199
0 0.5809981980426344 0.3342237880112512 0.007976132001908987 0.014335318511654283
0 0.5996492953930427 0.4606052387368907 0.012699994668999893 0.017624009618646852
0 0.5053271307288153 0.4752728847458739 0.007903406667727353 0.008085318511654194
0 0.5060276594127691 0.6025893528947085 0.0047602253341818114 0.006413691106992659
0 0.4681271227323151 0.49974460588993336 0.007903406667727353 0.008085318511654194
0 0.3725077294318591 0.7384945926430895 0.00793976933481808 0.011210318511654193
0 0.3487765913828613 0.37687504636395375 0.006322725334181811 0.006468254809323426
0 0.3857129700429526 0.3297470752198942 0.0047602253341818114 0.006413691106992569
0 0.32353223806490605 0.48922871342432916 0.006322725334181811 0.006468254809323426
0 0.35722598539940603 0.4989955830244425 0.0031795440006362695 0.004796627404661713
0 0.2872311113939972 0.45672374827071954 0.00793976933481808 0.011210318511654193
0 0.29639757340067874 0.5062425986335393 0.00950226933481808 0.011264882213985139
0 0.23637768340226958 0.5158606460938012 0.017460220003181703 0.02403770072563951
0 0.3992947593889066 0.42315233483854114 0.0031795440006363584 0.004796627404661713
2 0.11512884472467914 0.43119049101432533 0.22476692671863394 0.39050598202865067
2 0.21493794072245195 0.4182763179635002 0.022129538669636163 0.022638891832631812