0 0.3247543971052916 0.5131618221665717 0.006413691106992569 0.004942167984777512
1 0.45485112487277296 0.5067274328507063 0.09393353847458741 0.053756352775469196
1 0.5016740503706689 0.4429169422422463 0.07454862141421188 0.07949118182494211
1 0.6933679878494644 0.5320934832684481 0.08639385698624161 0.061250517794497125
1 0.8424676867610053 0.5639867649031097 0.05437996515360979 0.03810217787060939
0 0.7869766001931836 0.6743857540286948 0.014444445916316084 0.01151050296574958
1 0.16349197097442342 0.6951400395433269 0.11010417549789593 0.07001802273741298
2 0.1665624072720926 0.6968298735357157 0.06548115626060227 0.043235346843970034
1 0.6906001742319516 0.2080829803026986 0.06386409255827133 0.04160917984777566
1 0.7279662541763512 0.1462342377170724 0.054598219962933035 0.0443521778706093
1 0.6508953226880055 0.13527022140545003 0.0414980192372937 0.026655341901054185
1 0.6426934422881189 0.10129446942828368 0.032013891832631994 0.023148339923887828
0 0.7236433419252991 0.11319890323039203 0.009647818511654194 0.008194501977166358
2 0.7013318323066524 0.12480756528367057 0.08208830290255768 0.07199701680591394