1 0.4015625 0.6 0.08203125 0.0546875
1 0.24921875 0.63359375 0.0578125 0.03828125
1 0.31015625 0.74765625 0.03125 0.01640625
1 0.63828125 0.571875 0.08671875 0.0421875
1 0.59609375 0.5046875 0.06171875 0.065625
0 0.76953125 0.57734375 0.00703125 0.0046875
1 0.90859375 0.7453125 0.1046875 0.0484375
2 0.9046875 0.74765625 0.05859375 0.02890625
1 0.41640625 0.259375 0.059375 0.03359375
1 0.3796875 0.1875 0.04765625 0.04375
1 0.45703125 0.175 0.04296875 0.028125
2 0.4078125 0.165625 0.0859375 0.06796875