1 0.680892780500403 0.5899219018202725 0.14804068511654284 0.08235316191590947
0 0.6672221501005164 0.555896242807357 0.004796627404661713 0.0032613923198681503
0 0.5568575689749904 0.5362620412371466 0.004796627404661713 0.003261392319867973
0 0.5225371326773213 0.5336993308914476 0.003234127404661713 0.0032159282132454337
0 0.4673759175237116 0.5680683192129652 0.014499009618646853 0.012909176959604095
1 0.5551139865835201 0.7653501476636373 0.05443452885594056 0.039045779625171306
0 0.580793543662429 0.8138020195295343 0.006413691106992659 0.004869356426490867
0 0.5880430484717524 0.8077566080093362 0.006359127404661713 0.0033068564264908673
1 0.7457042702487839 0.7271013045649818 0.0760565577118811 0.07713681301126592
0 0.7028272894860776 0.7008283095795467 0.004796627404661713 0.003261392319867973
0 0.6460589343139346 0.7140353517411302 0.009593254809323427 0.006522784639735946
0 0.5960415761465665 0.690682768275893 0.006413691106992659 0.004869356426490867
0 0.6238788886677711 0.610160193981856 0.012827382213985139 0.00973871285298138
0 0.5851065653467933 0.6231088233696003 0.004796627404661713 0.003261392319867973
0 0.3372568531884086 0.6886272086298393 0.006522818511654283 0.00799435642649069
0 0.6423908196079626 0.41596992478152606 0.006468254809323426 0.00643185642649069
0 0.6279438844914198 0.49375394398185596 0.004851191106992658 0.004823892319868151
0 0.6210862492822098 0.46618287344874254 0.003234127404661713 0.0032159282132454337
0 0.5220907324919868 0.32253451035833425 0.004851191106992658 0.0048238923198680615
0 0.5525173316736802 0.2350488822242312 0.006468254809323426 0.00643185642649069
0 0.5172420305852211 0.2598299218785322 0.009593254809323427 0.006522784639736124
0 0.5089755965649866 0.7428924744649569 0.012936509618646851 0.01286371285298138
0 0.5924329373091595 0.7492310541692704 0.003234127404661713 0.0032159282132454337
0 0.7416740238769811 0.6409592160851798 0.006359127404661713 0.0033068564264908673
0 0.8127677738769812 0.6430278329365117 0.015952382213985317 0.009829641066226812
0 0.6925916831328082 0.6356208467265653 0.004796627404661713 0.0032613923198681503
0 0.7921154787789717 0.7417464777636622 0.02074900961864685 0.013091033386094963
0 0.6436977930294567 0.9384132261143096 0.011155754809323426 0.006568248746358663
0 0.43147814537601104 0.2299629139609734 0.006413691106992659 0.00486935642649069
0 0.5373635245099533 0.5122335078510518 0.011483137023308564 0.015943248746358663
0 0.42721719819375076 0.48634930628084144 0.02247520072563951 0.017823997492717503