0 0.5722497321463879 0.4919408774156864 0.015843188311602675 0.013136669961943959
0 0.5793025271956936 0.5798719589366172 0.018940914772652383 0.011701503954332716
0 0.5406667211893392 0.6017443003433798 0.015734094155801515 0.006886669961943958
0 0.507059334419864 0.6038943907615593 0.018913641233702094 0.010139003954332714
0 0.5081230024389273 0.5429568907615592 0.018940914772652383 0.011701503954332716
0 0.6041173409126858 0.5000107039937014 0.009484094155801337 0.006632001977166268
0 0.6844321323085436 0.46082618718778734 0.017432961850553142 0.014762836958138337
0 0.6942338263021892 0.4807248517125238 0.007921594155801338 0.006568334980972068
1 0.71264290706531 0.4994920977581911 0.06449887662320535 0.027610346843970034
0 0.7219009046296779 0.4163612627772192 0.00942954707790058 0.0035070019771662685
0 0.6446526120160041 0.4140440290888415 0.017432961850553142 0.014762836958138337
0 0.6258753384770538 0.4163705330431743 0.015843188311602675 0.013136669961943959
0 0.6681582958633799 0.4091827741459257 0.012690914772652384 0.011446835969555025
0 0.6563968612052252 0.546283526123092 0.006331820616851047 0.004942167984777512
0 0.7781957690780187 0.45622491741612387 0.01587046185055314 0.014699169961943958
0 0.46509575122111124 0.5033333166550022 0.012663641233702094 0.009884335969555024
0 0.5287139663180753 0.4367241368072265 0.02055796185055314 0.014890170950527092
0 0.5626759090939049 0.4142615463890471 0.014226141233702094 0.00994800296574958
0 0.46737704586337997 0.417363983156905 0.020530688311602673 0.013327670950527093
0 0.49319920617180546 0.41396972771969753 0.018940914772652383 0.011701503954332716
1 0.351228120133679 0.5415429238790955 0.04259660308425506 0.025156508897248565
0 0.2553059196472116 0.6250822771488562 0.018940914772652383 0.011701503954332716
0 0.41645192532925446 0.6513052430427367 0.023628414772652383 0.01189250494291585
0 0.49550817979348133 0.63949630973492 0.017378414772652385 0.011637836958138336
0 0.4702706262227589 0.7435763146778358 0.014280688311602674 0.013073002965749581
0 0.5123296668078379 0.8386686387843929 0.015815914772652383 0.01157416996194378
0 0.532901265427866 0.8229972178338658 0.012609094155801515 0.006759335969555025
0 0.6138103461909867 0.8392177840317574 0.014280688311602674 0.013073002965749581
0 0.5763648932688875 0.8376207919404228 0.006331820616851047 0.004942167984777512
0 0.5763882126679225 0.79155887543852 0.009484094155801337 0.006632001977166268
0 0.5650103819048018 0.772505127909978 0.007948867694751626 0.008130834980972067
0 0.6195518315804902 0.8233699495450771 0.009565914772652385 0.011319501977166625
0 0.6329149021973413 0.8181412800774247 0.01587046185055314 0.014699169961944137
0 0.6470455860447171 0.8136620271116751 0.012690914772652384 0.011446835969555025
0 0.7463422025216528 0.7604322563514285 0.017323867694751627 0.008512836958138337
0 0.6726416497617093 0.7337689386706622 0.009484094155801337 0.006632001977166268
0 0.36484674067109973 0.79002950342286 0.018995461850553053 0.014826503954332538
0 0.33865243344692936 0.7700180923581648 0.015843188311602675 0.013136669961943959
0 0.3658734525216528 0.7759351699247629 0.018995461850553053 0.014826503954332715
0 0.422789879876207 0.8696414075674731 0.022120461850553143 0.014953837946721648
0 0.3736938608014834 0.8646156679475965 0.012609094155801337 0.006759335969555025
0 0.17789221145010653 0.766419542966187 0.014198867694751715 0.00838550296574958
0 0.17059000041033237 0.6480515449433535 0.015870461850553054 0.014699169961943781
0 0.5120073019491647 0.14152172475394803 0.017323867694751627 0.008512836958138337
0 0.39687717979018605 0.1626074989742358 0.020612508928453722 0.01801517095052709
0 0.4200107167218171 0.13434057752941708 0.01899546185055314 0.014826503954332715
0 0.41205789488715006 0.09797199600848625 0.014171594155801515 0.006823002965749536
0 0.42018799472499424 0.1241843275294171 0.00630454707790058 0.0033796679847775566
0 0.40556065868686775 0.2465686634989722 0.017432961850552965 0.014762836958138337
0 0.23344019683631467 0.2676345330803553 0.015843188311602675 0.013136669961943959
0 0.21445837175523677 0.281679787034688 0.007921594155801338 0.006568334980971891
0 0.1795436294658745 0.22455037794715899 0.009456820616851047 0.005069501977166269
0 0.22071805438479658 0.2361444525480076 0.006359094155801337 0.006504667984777513
0 0.2577368133132504 0.21746077813743944 0.009484094155801337 0.006632001977166268
0 0.22660559009861156 0.16720345155942445 0.009456820616851047 0.005069501977166357
0 0.26622719764709357 0.13358052665456466 0.011046594155801337 0.006695668973360736
0 0.4000685892878327 0.2928534144875554 0.009484094155801337 0.006632001977166358
0 0.34317370698258437 0.2873647598486507 0.006331820616851047 0.004942167984777512
0 0.29697481696669836 0.3399923527382881 0.006359094155801337 0.006504667984777513
1 0.23379297849293984 0.3816015325860637 0.020803423701106105 0.028952670950527094
0 0.05878329586337998 0.4340129026617383 0.006304547077900668 0.0033796679847775124
0 0.08919531899529323 0.2571174802283365 0.01422614123370205 0.009948002965749492
0 0.12353909131642757 0.2127798898101571 0.015870461850553054 0.014699169961943958
0 0.10366119358990378 0.3228870602663926 0.009484094155801337 0.006632001977166358
0 0.19779875162485308 0.2074119574909235 0.022120461850553053 0.014953837946721471
0 0.5000848112879508 0.7798348082520452 0.004742047077900579 0.003316000988583312
0 0.42862286851212117 0.80382540657889 0.006359094155801337 0.006504667984777513
0 0.37943139205107157 0.8042684169590133 0.007894320616851047 0.005005834980972068
0 0.38496832589844737 0.8001393324723329 0.006331820616851047 0.004942167984777512
2 0.7613808214342205 0.7933893363894846 0.06129205600635448 0.022795512851581278
2 0.6964143405089439 0.8030627667315517 0.045857970779006864 0.033096342889637496