0 0.80625 0.14850377204695198 0.0265625 0.021704581637205768
0 0.77734375 0.10089510967705155 0.0171875 0.016525758706427272
0 0.821875 0.08760389359824948 0.0171875 0.016525758706427272
0 0.90234375 0.05822733208743171 0.0171875 0.016525758706427272
0 0.83125 0.213095216529028 0.0203125 0.01825203301668683
0 0.753125 0.2363446087725404 0.0171875 0.01496325870642723
0 0.84609375 0.3701231445027607 0.0171875 0.01808825870642732
0 0.684375 0.43508532394683125 0.0171875 0.01652575870642714
0 0.7734375 0.5233466417892272 0.0109375 0.009948210085908293
0 0.6515625 0.45680319368910655 0.0171875 0.013400758706427141
0 0.59765625 0.31804058683713005 0.0125 0.01159259724103805
1 0.44453125 0.6076718956344144 0.171875 0.11838258706427265
2 0.4640625 0.6079142350735364 0.115625 0.0732471494796016
1 0.40234375 0.629679692445911 0.03125 0.025075243102595124
1 0.4234375 0.6409414190401627 0.03125 0.020387743102595123